Charging:	00030.00	03.7333	00.3332	0000.0104
Charging:	00060.00	03.7623	00.3327	0000.0208
Charging:	00090.00	03.7752	00.3327	0000.0313
Charging:	00120.00	03.7848	00.3327	0000.0418
Charging:	00150.00	03.7927	00.3327	0000.0523
Charging:	00180.00	03.7995	00.3327	0000.0628
Charging:	00210.00	03.8055	00.3327	0000.0734
Charging:	00240.00	03.8108	00.3326	0000.0839
Charging:	00270.00	03.8160	00.3326	0000.0945
Charging:	00300.00	03.8209	00.3327	0000.1051
Charging:	00330.00	03.8256	00.3327	0000.1157
Charging:	00360.00	03.8300	00.3326	0000.1263
Charging:	00390.00	03.8342	00.3326	0000.1369
Charging:	00420.00	03.8382	00.3326	0000.1476
Charging:	00450.00	03.8420	00.3326	0000.1582
Charging:	00480.00	03.8458	00.3326	0000.1689
Charging:	00510.00	03.8494	00.3326	0000.1796
Charging:	00540.00	03.8530	00.3326	0000.1902
Charging:	00570.00	03.8565	00.3326	0000.2009
Charging:	00600.00	03.8600	00.3326	0000.2116
Charging:	00630.00	03.8633	00.3326	0000.2223
Charging:	00660.00	03.8664	00.3326	0000.2330
Charging:	00690.00	03.8694	00.3326	0000.2438
Charging:	00720.00	03.8721	00.3326	0000.2545
Charging:	00750.00	03.8746	00.3326	0000.2652
Charging:	00780.00	03.8769	00.3326	0000.2760
Charging:	00810.00	03.8790	00.3326	0000.2867
Charging:	00840.00	03.8811	00.3326	0000.2975
Charging:	00870.00	03.8829	00.3326	0000.3083
Charging:	00900.00	03.8846	00.3326	0000.3190
Charging:	00930.00	03.8862	00.3326	0000.3298
Charging:	00960.00	03.8877	00.3326	0000.3406
Charging:	00990.00	03.8891	00.3326	0000.3514
Charging:	01020.00	03.8905	00.3326	0000.3621
Charging:	01050.00	03.8918	00.3326	0000.3729
Charging:	01080.00	03.8930	00.3326	0000.3837
Charging:	01110.00	03.8942	00.3326	0000.3945
Charging:	01140.00	03.8953	00.3326	0000.4053
Charging:	01170.00	03.8964	00.3326	0000.4161
Charging:	01200.00	03.8974	00.3326	0000.4269
Charging:	01230.00	03.8984	00.3326	0000.4377
Charging:	01260.00	03.8994	00.3326	0000.4485
Charging:	01290.00	03.9004	00.3326	0000.4593
Charging:	01320.00	03.9014	00.3326	0000.4701
Charging:	01350.00	03.9023	00.3326	0000.4810
Charging:	01380.00	03.9032	00.3326	0000.4918
Charging:	01410.00	03.9041	00.3326	0000.5026
Charging:	01440.00	03.9050	00.3326	0000.5134
Charging:	01470.00	03.9059	00.3326	0000.5243
Charging:	01500.00	03.9068	00.3326	0000.5351
Charging:	01530.00	03.9077	00.3326	0000.5459
Charging:	01560.00	03.9085	00.3326	0000.5567
Charging:	01590.00	03.9094	00.3326	0000.5676
Charging:	01620.00	03.9103	00.3326	0000.5784
Charging:	01650.00	03.9112	00.3326	0000.5893
Charging:	01680.00	03.9121	00.3326	0000.6001
Charging:	01710.00	03.9129	00.3326	0000.6110
Charging:	01740.00	03.9139	00.3326	0000.6218
Charging:	01770.00	03.9148	00.3326	0000.6327
Charging:	01800.00	03.9158	00.3326	0000.6435
Charging:	01830.00	03.9167	00.3326	0000.6544
Charging:	01860.00	03.9176	00.3326	0000.6652
Charging:	01890.00	03.9186	00.3326	0000.6761
Charging:	01920.00	03.9194	00.3326	0000.6869
Charging:	01950.00	03.9204	00.3326	0000.6978
Charging:	01980.00	03.9214	00.3326	0000.7087
Charging:	02010.00	03.9225	00.3326	0000.7196
Charging:	02040.00	03.9234	00.3326	0000.7304
Charging:	02070.00	03.9244	00.3326	0000.7413
Charging:	02100.00	03.9254	00.3326	0000.7522
Charging:	02130.00	03.9265	00.3326	0000.7631
Charging:	02160.00	03.9276	00.3326	0000.7740
Charging:	02190.00	03.9286	00.3326	0000.7849
Charging:	02220.00	03.9296	00.3326	0000.7957
Charging:	02250.00	03.9308	00.3326	0000.8066
Charging:	02280.00	03.9319	00.3326	0000.8175
Charging:	02310.00	03.9329	00.3326	0000.8284
Charging:	02340.00	03.9340	00.3326	0000.8393
Charging:	02370.00	03.9352	00.3326	0000.8503
Charging:	02400.00	03.9364	00.3327	0000.8612
Charging:	02430.00	03.9376	00.3326	0000.8721
Charging:	02460.00	03.9388	00.3326	0000.8830
Charging:	02490.00	03.9401	00.3326	0000.8939
Charging:	02520.00	03.9413	00.3326	0000.9048
Charging:	02550.00	03.9426	00.3326	0000.9158
Charging:	02580.00	03.9439	00.3326	0000.9267
Charging:	02610.00	03.9453	00.3326	0000.9376
Charging:	02640.00	03.9466	00.3326	0000.9486
Charging:	02670.00	03.9480	00.3326	0000.9595
Charging:	02700.00	03.9494	00.3326	0000.9705
Charging:	02730.00	03.9508	00.3326	0000.9814
Charging:	02760.00	03.9522	00.3326	0000.9924
Charging:	02790.00	03.9538	00.3326	0001.0033
Charging:	02820.00	03.9552	00.3326	0001.0143
Charging:	02850.00	03.9567	00.3326	0001.0253
Charging:	02880.00	03.9581	00.3326	0001.0362
Charging:	02910.00	03.9597	00.3326	0001.0472
Charging:	02940.00	03.9612	00.3326	0001.0582
Charging:	02970.00	03.9627	00.3326	0001.0692
Charging:	03000.00	03.9642	00.3326	0001.0802
Charging:	03030.00	03.9658	00.3326	0001.0912
Charging:	03060.00	03.9672	00.3326	0001.1022
Charging:	03090.00	03.9687	00.3326	0001.1132
Charging:	03120.00	03.9702	00.3326	0001.1242
Charging:	03150.00	03.9717	00.3326	0001.1352
Charging:	03180.00	03.9731	00.3326	0001.1462
Charging:	03210.00	03.9744	00.3326	0001.1572
Charging:	03240.00	03.9758	00.3326	0001.1682
Charging:	03270.00	03.9772	00.3326	0001.1793
Charging:	03300.00	03.9785	00.3326	0001.1903
Charging:	03330.00	03.9798	00.3326	0001.2013
Charging:	03360.00	03.9811	00.3326	0001.2123
Charging:	03390.00	03.9825	00.3326	0001.2234
Charging:	03420.00	03.9838	00.3327	0001.2344
Charging:	03450.00	03.9849	00.3326	0001.2455
Charging:	03480.00	03.9862	00.3326	0001.2565
Charging:	03510.00	03.9874	00.3326	0001.2676
Charging:	03540.00	03.9887	00.3326	0001.2786
Charging:	03570.00	03.9899	00.3326	0001.2897
Charging:	03600.00	03.9910	00.3326	0001.3008
Charging:	03630.00	03.9923	00.3326	0001.3118
Charging:	03660.00	03.9934	00.3327	0001.3229
Charging:	03690.00	03.9946	00.3326	0001.3340
Charging:	03720.00	03.9958	00.3326	0001.3450
Charging:	03750.00	03.9970	00.3327	0001.3561
Charging:	03780.00	03.9983	00.3326	0001.3672
Charging:	03810.00	03.9996	00.3326	0001.3783
Charging:	03840.00	04.0008	00.3326	0001.3894
Charging:	03870.00	04.0022	00.3326	0001.4005
Charging:	03900.00	04.0036	00.3327	0001.4116
Charging:	03930.00	04.0049	00.3326	0001.4227
Charging:	03960.00	04.0062	00.3326	0001.4338
Charging:	03990.00	04.0076	00.3326	0001.4449
Charging:	04020.00	04.0090	00.3326	0001.4560
Charging:	04050.00	04.0104	00.3326	0001.4671
Charging:	04080.00	04.0118	00.3326	0001.4782
Charging:	04110.00	04.0133	00.3326	0001.4894
Charging:	04140.00	04.0148	00.3326	0001.5005
Charging:	04170.00	04.0163	00.3326	0001.5116
Charging:	04200.00	04.0178	00.3326	0001.5228
Charging:	04230.00	04.0194	00.3326	0001.5339
Charging:	04260.00	04.0209	00.3326	0001.5450
Charging:	04290.00	04.0225	00.3326	0001.5562
Charging:	04320.00	04.0242	00.3326	0001.5674
Charging:	04350.00	04.0258	00.3326	0001.5785
Charging:	04380.00	04.0275	00.3326	0001.5897
Charging:	04410.00	04.0292	00.3326	0001.6008
Charging:	04440.00	04.0309	00.3326	0001.6120
Charging:	04470.00	04.0326	00.3326	0001.6232
Charging:	04500.00	04.0344	00.3326	0001.6344
Charging:	04530.00	04.0361	00.3326	0001.6456
Charging:	04560.00	04.0378	00.3326	0001.6568
Charging:	04590.00	04.0395	00.3326	0001.6680
Charging:	04620.00	04.0412	00.3327	0001.6792
Charging:	04650.00	04.0430	00.3326	0001.6904
Charging:	04680.00	04.0446	00.3326	0001.7016
Charging:	04710.00	04.0463	00.3326	0001.7128
Charging:	04740.00	04.0479	00.3326	0001.7240
Charging:	04770.00	04.0495	00.3326	0001.7352
Charging:	04800.00	04.0512	00.3326	0001.7465
Charging:	04830.00	04.0528	00.3326	0001.7577
Charging:	04860.00	04.0545	00.3326	0001.7689
Charging:	04890.00	04.0562	00.3326	0001.7802
Charging:	04920.00	04.0579	00.3326	0001.7914
Charging:	04950.00	04.0597	00.3326	0001.8027
Charging:	04980.00	04.0615	00.3326	0001.8139
Charging:	05010.00	04.0633	00.3326	0001.8252
Charging:	05040.00	04.0651	00.3326	0001.8365
Charging:	05070.00	04.0670	00.3326	0001.8477
Charging:	05100.00	04.0690	00.3326	0001.8590
Charging:	05130.00	04.0709	00.3326	0001.8703
Charging:	05160.00	04.0729	00.3326	0001.8816
Charging:	05190.00	04.0748	00.3326	0001.8929
Charging:	05220.00	04.0769	00.3326	0001.9042
Charging:	05250.00	04.0789	00.3326	0001.9155
Charging:	05280.00	04.0808	00.3326	0001.9268
Charging:	05310.00	04.0829	00.3326	0001.9381
Charging:	05340.00	04.0848	00.3326	0001.9495
Charging:	05370.00	04.0869	00.3326	0001.9608
Charging:	05400.00	04.0888	00.3326	0001.9721
Charging:	05430.00	04.0908	00.3326	0001.9835
Charging:	05460.00	04.0927	00.3326	0001.9948
Charging:	05490.00	04.0946	00.3326	0002.0062
Charging:	05520.00	04.0965	00.3326	0002.0175
Charging:	05550.00	04.0982	00.3326	0002.0289
Charging:	05580.00	04.0999	00.3326	0002.0402
Charging:	05610.00	04.1016	00.3326	0002.0516
Charging:	05640.00	04.1032	00.3326	0002.0630
Charging:	05670.00	04.1047	00.3326	0002.0744
Charging:	05700.00	04.1064	00.3326	0002.0857
Charging:	05730.00	04.1079	00.3326	0002.0971
Charging:	05760.00	04.1094	00.3326	0002.1085
Charging:	05790.00	04.1110	00.3326	0002.1199
Charging:	05820.00	04.1124	00.3326	0002.1313
Charging:	05850.00	04.1139	00.3326	0002.1427
Charging:	05880.00	04.1153	00.3326	0002.1541
Charging:	05910.00	04.1168	00.3326	0002.1655
Charging:	05940.00	04.1182	00.3326	0002.1769
Charging:	05970.00	04.1197	00.3327	0002.1884
Charging:	06000.00	04.1212	00.3327	0002.1998
Charging:	06030.00	04.1228	00.3326	0002.2112
Charging:	06060.00	04.1243	00.3326	0002.2226
Charging:	06090.00	04.1259	00.3326	0002.2341
Charging:	06120.00	04.1275	00.3326	0002.2455
Charging:	06150.00	04.1291	00.3327	0002.2570
Charging:	06180.00	04.1307	00.3326	0002.2684
Charging:	06210.00	04.1324	00.3326	0002.2799
Charging:	06240.00	04.1342	00.3327	0002.2913
Charging:	06270.00	04.1359	00.3326	0002.3028
Charging:	06300.00	04.1377	00.3326	0002.3143
Charging:	06330.00	04.1395	00.3327	0002.3257
Charging:	06360.00	04.1413	00.3326	0002.3372
Charging:	06390.00	04.1432	00.3326	0002.3487
Charging:	06420.00	04.1451	00.3326	0002.3602
Charging:	06450.00	04.1471	00.3326	0002.3717
Charging:	06480.00	04.1492	00.3327	0002.3832
Charging:	06510.00	04.1512	00.3326	0002.3947
Charging:	06540.00	04.1533	00.3327	0002.4062
Charging:	06570.00	04.1554	00.3326	0002.4177
Charging:	06600.00	04.1575	00.3326	0002.4293
Charging:	06630.00	04.1597	00.3326	0002.4408
Charging:	06660.00	04.1618	00.3326	0002.4523
Charging:	06690.00	04.1639	00.3326	0002.4639
Charging:	06720.00	04.1660	00.3326	0002.4754
Charging:	06750.00	04.1680	00.3326	0002.4870
Charging:	06780.00	04.1701	00.3326	0002.4985
Charging:	06810.00	04.1722	00.3326	0002.5101
Charging:	06840.00	04.1744	00.3326	0002.5217
Charging:	06870.00	04.1766	00.3326	0002.5332
Charging:	06900.00	04.1789	00.3326	0002.5448
Charging:	06930.00	04.1810	00.3327	0002.5564
Charging:	06960.00	04.1834	00.3326	0002.5680
Charging:	06990.00	04.1859	00.3326	0002.5796
Charging:	07020.00	04.1884	00.3326	0002.5912
Charging:	07050.00	04.1910	00.3326	0002.6028
Charging:	07080.00	04.1937	00.3327	0002.6145
Charging:	07110.00	04.1964	00.3326	0002.6261
Charging:	07140.00	04.1992	00.3326	0002.6377
Charging:	07170.00	04.2022	00.3327	0002.6494
---------------------------
TESTING INTERNAL RESISTANCE
voltage while ON =  4.1196
current=-0.3328
OUTPUT OFF
voltage while OFF =  4.1490
Internal resistance =  0.0883 [Ohm]
OUTPUT ON
---------------------------
Discharging:	00030.00	04.1087	-0.3329	-000.0114
Discharging:	00060.00	04.0536	-0.3326	-000.0226
Discharging:	00090.00	04.0289	-0.3326	-000.0338
Discharging:	00120.00	04.0138	-0.3327	-000.0449
Discharging:	00150.00	04.0034	-0.3326	-000.0560
Discharging:	00180.00	03.9954	-0.3326	-000.0671
Discharging:	00210.00	03.9893	-0.3326	-000.0782
Discharging:	00240.00	03.9840	-0.3326	-000.0892
Discharging:	00270.00	03.9794	-0.3326	-000.1002
Discharging:	00300.00	03.9752	-0.3326	-000.1113
Discharging:	00330.00	03.9714	-0.3326	-000.1223
Discharging:	00360.00	03.9678	-0.3326	-000.1333
Discharging:	00390.00	03.9641	-0.3326	-000.1442
Discharging:	00420.00	03.9603	-0.3326	-000.1552
Discharging:	00450.00	03.9566	-0.3326	-000.1662
Discharging:	00480.00	03.9527	-0.3326	-000.1771
Discharging:	00510.00	03.9486	-0.3326	-000.1881
Discharging:	00540.00	03.9446	-0.3326	-000.1990
Discharging:	00570.00	03.9405	-0.3326	-000.2100
Discharging:	00600.00	03.9364	-0.3326	-000.2209
Discharging:	00630.00	03.9325	-0.3326	-000.2318
Discharging:	00660.00	03.9284	-0.3326	-000.2427
Discharging:	00690.00	03.9246	-0.3326	-000.2535
Discharging:	00720.00	03.9207	-0.3326	-000.2644
Discharging:	00750.00	03.9170	-0.3326	-000.2753
Discharging:	00780.00	03.9135	-0.3326	-000.2861
Discharging:	00810.00	03.9101	-0.3326	-000.2969
Discharging:	00840.00	03.9069	-0.3326	-000.3078
Discharging:	00870.00	03.9038	-0.3326	-000.3186
Discharging:	00900.00	03.9008	-0.3326	-000.3294
Discharging:	00930.00	03.8979	-0.3326	-000.3402
Discharging:	00960.00	03.8952	-0.3326	-000.3510
Discharging:	00990.00	03.8924	-0.3326	-000.3618
Discharging:	01020.00	03.8897	-0.3326	-000.3726
Discharging:	01050.00	03.8870	-0.3326	-000.3833
Discharging:	01080.00	03.8843	-0.3326	-000.3941
Discharging:	01110.00	03.8816	-0.3326	-000.4049
Discharging:	01140.00	03.8789	-0.3326	-000.4156
Discharging:	01170.00	03.8763	-0.3326	-000.4264
Discharging:	01200.00	03.8737	-0.3326	-000.4371
Discharging:	01230.00	03.8711	-0.3326	-000.4478
Discharging:	01260.00	03.8685	-0.3326	-000.4586
Discharging:	01290.00	03.8659	-0.3326	-000.4693
Discharging:	01320.00	03.8635	-0.3326	-000.4800
Discharging:	01350.00	03.8611	-0.3326	-000.4907
Discharging:	01380.00	03.8588	-0.3326	-000.5014
Discharging:	01410.00	03.8564	-0.3326	-000.5121
Discharging:	01440.00	03.8542	-0.3326	-000.5228
Discharging:	01470.00	03.8519	-0.3326	-000.5334
Discharging:	01500.00	03.8497	-0.3326	-000.5441
Discharging:	01530.00	03.8476	-0.3326	-000.5548
Discharging:	01560.00	03.8454	-0.3326	-000.5654
Discharging:	01590.00	03.8433	-0.3326	-000.5761
Discharging:	01620.00	03.8412	-0.3326	-000.5867
Discharging:	01650.00	03.8391	-0.3326	-000.5974
Discharging:	01680.00	03.8369	-0.3326	-000.6080
Discharging:	01710.00	03.8347	-0.3326	-000.6186
Discharging:	01740.00	03.8326	-0.3326	-000.6293
Discharging:	01770.00	03.8305	-0.3326	-000.6399
Discharging:	01800.00	03.8283	-0.3326	-000.6505
Discharging:	01830.00	03.8261	-0.3326	-000.6611
Discharging:	01860.00	03.8239	-0.3326	-000.6717
Discharging:	01890.00	03.8216	-0.3326	-000.6823
Discharging:	01920.00	03.8194	-0.3326	-000.6929
Discharging:	01950.00	03.8171	-0.3326	-000.7035
Discharging:	01980.00	03.8149	-0.3326	-000.7140
Discharging:	02010.00	03.8127	-0.3326	-000.7246
Discharging:	02040.00	03.8105	-0.3326	-000.7352
Discharging:	02070.00	03.8084	-0.3326	-000.7457
Discharging:	02100.00	03.8064	-0.3326	-000.7563
Discharging:	02130.00	03.8042	-0.3326	-000.7668
Discharging:	02160.00	03.8019	-0.3326	-000.7773
Discharging:	02190.00	03.7998	-0.3326	-000.7879
Discharging:	02220.00	03.7975	-0.3326	-000.7984
Discharging:	02250.00	03.7952	-0.3326	-000.8089
Discharging:	02280.00	03.7930	-0.3326	-000.8194
Discharging:	02310.00	03.7909	-0.3326	-000.8299
Discharging:	02340.00	03.7886	-0.3326	-000.8404
Discharging:	02370.00	03.7866	-0.3326	-000.8509
Discharging:	02400.00	03.7844	-0.3326	-000.8614
Discharging:	02430.00	03.7823	-0.3326	-000.8719
Discharging:	02460.00	03.7803	-0.3326	-000.8824
Discharging:	02490.00	03.7781	-0.3326	-000.8929
Discharging:	02520.00	03.7760	-0.3326	-000.9033
Discharging:	02550.00	03.7740	-0.3326	-000.9138
Discharging:	02580.00	03.7720	-0.3326	-000.9243
Discharging:	02610.00	03.7700	-0.3326	-000.9347
Discharging:	02640.00	03.7679	-0.3326	-000.9451
Discharging:	02670.00	03.7660	-0.3326	-000.9556
Discharging:	02700.00	03.7640	-0.3326	-000.9660
Discharging:	02730.00	03.7620	-0.3326	-000.9764
Discharging:	02760.00	03.7600	-0.3326	-000.9869
Discharging:	02790.00	03.7581	-0.3326	-000.9973
Discharging:	02820.00	03.7560	-0.3326	-001.0077
Discharging:	02850.00	03.7540	-0.3326	-001.0181
Discharging:	02880.00	03.7519	-0.3326	-001.0285
Discharging:	02910.00	03.7500	-0.3327	-001.0389
Discharging:	02940.00	03.7479	-0.3326	-001.0493
Discharging:	02970.00	03.7458	-0.3326	-001.0597
Discharging:	03000.00	03.7437	-0.3326	-001.0701
Discharging:	03030.00	03.7417	-0.3326	-001.0804
Discharging:	03060.00	03.7397	-0.3326	-001.0908
Discharging:	03090.00	03.7376	-0.3326	-001.1011
Discharging:	03120.00	03.7354	-0.3326	-001.1115
Discharging:	03150.00	03.7333	-0.3326	-001.1219
Discharging:	03180.00	03.7312	-0.3326	-001.1322
Discharging:	03210.00	03.7290	-0.3326	-001.1425
Discharging:	03240.00	03.7268	-0.3326	-001.1529
Discharging:	03270.00	03.7247	-0.3327	-001.1632
Discharging:	03300.00	03.7225	-0.3326	-001.1735
Discharging:	03330.00	03.7202	-0.3326	-001.1838
Discharging:	03360.00	03.7180	-0.3326	-001.1941
Discharging:	03390.00	03.7157	-0.3326	-001.2044
Discharging:	03420.00	03.7134	-0.3327	-001.2147
Discharging:	03450.00	03.7111	-0.3326	-001.2250
Discharging:	03480.00	03.7088	-0.3326	-001.2353
Discharging:	03510.00	03.7066	-0.3326	-001.2456
Discharging:	03540.00	03.7042	-0.3326	-001.2558
Discharging:	03570.00	03.7019	-0.3326	-001.2661
Discharging:	03600.00	03.6996	-0.3326	-001.2763
Discharging:	03630.00	03.6973	-0.3326	-001.2866
Discharging:	03660.00	03.6949	-0.3326	-001.2968
Discharging:	03690.00	03.6926	-0.3327	-001.3071
Discharging:	03720.00	03.6903	-0.3327	-001.3173
Discharging:	03750.00	03.6881	-0.3326	-001.3275
Discharging:	03780.00	03.6858	-0.3326	-001.3377
Discharging:	03810.00	03.6837	-0.3326	-001.3480
Discharging:	03840.00	03.6814	-0.3327	-001.3582
Discharging:	03870.00	03.6793	-0.3326	-001.3684
Discharging:	03900.00	03.6771	-0.3326	-001.3785
Discharging:	03930.00	03.6749	-0.3327	-001.3887
Discharging:	03960.00	03.6726	-0.3326	-001.3989
Discharging:	03990.00	03.6705	-0.3327	-001.4091
Discharging:	04020.00	03.6683	-0.3326	-001.4193
Discharging:	04050.00	03.6661	-0.3326	-001.4294
Discharging:	04080.00	03.6638	-0.3326	-001.4396
Discharging:	04110.00	03.6616	-0.3326	-001.4497
Discharging:	04140.00	03.6593	-0.3327	-001.4599
Discharging:	04170.00	03.6570	-0.3326	-001.4700
Discharging:	04200.00	03.6547	-0.3326	-001.4801
Discharging:	04230.00	03.6523	-0.3326	-001.4903
Discharging:	04260.00	03.6499	-0.3326	-001.5004
Discharging:	04290.00	03.6474	-0.3326	-001.5105
Discharging:	04320.00	03.6449	-0.3326	-001.5206
Discharging:	04350.00	03.6424	-0.3326	-001.5307
Discharging:	04380.00	03.6397	-0.3326	-001.5408
Discharging:	04410.00	03.6371	-0.3326	-001.5509
Discharging:	04440.00	03.6343	-0.3326	-001.5609
Discharging:	04470.00	03.6314	-0.3326	-001.5710
Discharging:	04500.00	03.6285	-0.3326	-001.5811
Discharging:	04530.00	03.6256	-0.3326	-001.5911
Discharging:	04560.00	03.6225	-0.3326	-001.6012
Discharging:	04590.00	03.6194	-0.3326	-001.6112
Discharging:	04620.00	03.6162	-0.3326	-001.6212
Discharging:	04650.00	03.6129	-0.3326	-001.6312
Discharging:	04680.00	03.6096	-0.3327	-001.6412
Discharging:	04710.00	03.6063	-0.3326	-001.6512
Discharging:	04740.00	03.6027	-0.3327	-001.6612
Discharging:	04770.00	03.5994	-0.3326	-001.6712
Discharging:	04800.00	03.5958	-0.3326	-001.6812
Discharging:	04830.00	03.5920	-0.3327	-001.6911
Discharging:	04860.00	03.5883	-0.3327	-001.7011
Discharging:	04890.00	03.5845	-0.3326	-001.7110
Discharging:	04920.00	03.5807	-0.3326	-001.7209
Discharging:	04950.00	03.5768	-0.3327	-001.7308
Discharging:	04980.00	03.5729	-0.3326	-001.7407
Discharging:	05010.00	03.5689	-0.3327	-001.7506
Discharging:	05040.00	03.5649	-0.3326	-001.7605
Discharging:	05070.00	03.5607	-0.3326	-001.7704
Discharging:	05100.00	03.5566	-0.3327	-001.7802
Discharging:	05130.00	03.5523	-0.3326	-001.7901
Discharging:	05160.00	03.5481	-0.3327	-001.7999
Discharging:	05190.00	03.5438	-0.3326	-001.8098
Discharging:	05220.00	03.5395	-0.3326	-001.8196
Discharging:	05250.00	03.5351	-0.3326	-001.8294
Discharging:	05280.00	03.5308	-0.3326	-001.8392
Discharging:	05310.00	03.5263	-0.3326	-001.8489
Discharging:	05340.00	03.5218	-0.3326	-001.8587
Discharging:	05370.00	03.5175	-0.3326	-001.8684
Discharging:	05400.00	03.5130	-0.3326	-001.8782
Discharging:	05430.00	03.5084	-0.3326	-001.8879
Discharging:	05460.00	03.5037	-0.3326	-001.8976
Discharging:	05490.00	03.4992	-0.3326	-001.9073
Discharging:	05520.00	03.4946	-0.3326	-001.9170
Discharging:	05550.00	03.4900	-0.3326	-001.9267
Discharging:	05580.00	03.4853	-0.3326	-001.9363
Discharging:	05610.00	03.4804	-0.3327	-001.9460
Discharging:	05640.00	03.4760	-0.3326	-001.9556
Discharging:	05670.00	03.4714	-0.3326	-001.9652
Discharging:	05700.00	03.4666	-0.3327	-001.9749
Discharging:	05730.00	03.4619	-0.3327	-001.9844
Discharging:	05760.00	03.4570	-0.3326	-001.9940
Discharging:	05790.00	03.4522	-0.3326	-002.0036
Discharging:	05820.00	03.4474	-0.3327	-002.0132
Discharging:	05850.00	03.4426	-0.3327	-002.0227
Discharging:	05880.00	03.4377	-0.3326	-002.0322
Discharging:	05910.00	03.4329	-0.3327	-002.0417
Discharging:	05940.00	03.4280	-0.3326	-002.0512
Discharging:	05970.00	03.4229	-0.3326	-002.0607
Discharging:	06000.00	03.4180	-0.3326	-002.0702
Discharging:	06030.00	03.4131	-0.3326	-002.0797
Discharging:	06060.00	03.4082	-0.3326	-002.0891
Discharging:	06090.00	03.4031	-0.3327	-002.0986
Discharging:	06120.00	03.3981	-0.3326	-002.1080
Discharging:	06150.00	03.3930	-0.3327	-002.1174
Discharging:	06180.00	03.3879	-0.3326	-002.1268
Discharging:	06210.00	03.3827	-0.3326	-002.1361
Discharging:	06240.00	03.3775	-0.3326	-002.1455
Discharging:	06270.00	03.3723	-0.3326	-002.1549
Discharging:	06300.00	03.3670	-0.3326	-002.1642
Discharging:	06330.00	03.3616	-0.3326	-002.1735
Discharging:	06360.00	03.3562	-0.3327	-002.1828
Discharging:	06390.00	03.3511	-0.3327	-002.1921
Discharging:	06420.00	03.3457	-0.3327	-002.2014
Discharging:	06450.00	03.3403	-0.3327	-002.2106
Discharging:	06480.00	03.3350	-0.3326	-002.2199
Discharging:	06510.00	03.3297	-0.3326	-002.2291
Discharging:	06540.00	03.3245	-0.3326	-002.2383
Discharging:	06570.00	03.3192	-0.3327	-002.2475
Discharging:	06600.00	03.3139	-0.3326	-002.2567
Discharging:	06630.00	03.3087	-0.3326	-002.2659
Discharging:	06660.00	03.3033	-0.3326	-002.2750
Discharging:	06690.00	03.2981	-0.3326	-002.2842
Discharging:	06720.00	03.2929	-0.3327	-002.2933
Discharging:	06750.00	03.2876	-0.3326	-002.3024
Discharging:	06780.00	03.2822	-0.3326	-002.3115
Discharging:	06810.00	03.2768	-0.3326	-002.3206
Discharging:	06840.00	03.2712	-0.3327	-002.3297
Discharging:	06870.00	03.2657	-0.3326	-002.3387
Discharging:	06900.00	03.2600	-0.3326	-002.3478
Discharging:	06930.00	03.2541	-0.3326	-002.3568
Discharging:	06960.00	03.2482	-0.3327	-002.3658
Discharging:	06990.00	03.2422	-0.3326	-002.3748
Discharging:	07020.00	03.2360	-0.3326	-002.3837
Discharging:	07050.00	03.2297	-0.3326	-002.3927
Discharging:	07080.00	03.2231	-0.3326	-002.4016
Discharging:	07110.00	03.2164	-0.3327	-002.4106
Discharging:	07140.00	03.2095	-0.3326	-002.4194
Discharging:	07170.00	03.2023	-0.3326	-002.4283
Discharging:	07200.00	03.1948	-0.3326	-002.4372
Discharging:	07230.00	03.1872	-0.3327	-002.4460
Discharging:	07260.00	03.1793	-0.3326	-002.4548
Discharging:	07290.00	03.1709	-0.3326	-002.4636
Discharging:	07320.00	03.1622	-0.3327	-002.4724
Discharging:	07350.00	03.1532	-0.3326	-002.4811
Discharging:	07380.00	03.1438	-0.3326	-002.4898
Discharging:	07410.00	03.1338	-0.3327	-002.4985
Discharging:	07440.00	03.1233	-0.3327	-002.5072
Discharging:	07470.00	03.1121	-0.3327	-002.5158
Discharging:	07500.00	03.1005	-0.3327	-002.5244
Discharging:	07530.00	03.0880	-0.3326	-002.5330
Discharging:	07560.00	03.0747	-0.3326	-002.5415
Discharging:	07590.00	03.0610	-0.3327	-002.5500
Discharging:	07620.00	03.0461	-0.3326	-002.5584
Discharging:	07650.00	03.0307	-0.3326	-002.5668
Discharging:	07680.00	03.0146	-0.3326	-002.5752
Discharging:	07710.00	02.9976	-0.3326	-002.5835
Recharging:	00030.00	03.1444	00.3330	0000.0087
Recharging:	00060.00	03.5671	00.3327	0000.0186
Recharging:	00090.00	03.6048	00.3326	0000.0286
Recharging:	00120.00	03.6296	00.3326	0000.0387
Recharging:	00150.00	03.6482	00.3326	0000.0488
Recharging:	00180.00	03.6625	00.3327	0000.0589
Recharging:	00210.00	03.6727	00.3326	0000.0691
Recharging:	00240.00	03.6791	00.3327	0000.0793
Recharging:	00270.00	03.6832	00.3326	0000.0895
Recharging:	00300.00	03.6862	00.3326	0000.0997
Recharging:	00330.00	03.6888	00.3327	0000.1100
Recharging:	00360.00	03.6913	00.3326	0000.1202
Recharging:	00390.00	03.6937	00.3326	0000.1304
Recharging:	00420.00	03.6962	00.3327	0000.1407
Recharging:	00450.00	03.6989	00.3326	0000.1509
Recharging:	00480.00	03.7017	00.3327	0000.1612
Recharging:	00510.00	03.7046	00.3326	0000.1715
Recharging:	00540.00	03.7077	00.3327	0000.1817
Recharging:	00570.00	03.7108	00.3326	0000.1920
Recharging:	00600.00	03.7142	00.3326	0000.2023
Recharging:	00630.00	03.7177	00.3327	0000.2126
Recharging:	00660.00	03.7214	00.3327	0000.2230
Recharging:	00690.00	03.7251	00.3327	0000.2333
Recharging:	00720.00	03.7291	00.3327	0000.2436
Recharging:	00750.00	03.7330	00.3326	0000.2540
Recharging:	00780.00	03.7372	00.3326	0000.2643
Recharging:	00810.00	03.7414	00.3327	0000.2747
Recharging:	00840.00	03.7457	00.3326	0000.2851
Recharging:	00870.00	03.7500	00.3326	0000.2955
Recharging:	00900.00	03.7543	00.3326	0000.3059
Recharging:	00930.00	03.7587	00.3326	0000.3163
Recharging:	00960.00	03.7631	00.3326	0000.3267
Recharging:	00990.00	03.7675	00.3327	0000.3372
Recharging:	01020.00	03.7720	00.3327	0000.3476
Recharging:	01050.00	03.7764	00.3327	0000.3581
Recharging:	01080.00	03.7809	00.3327	0000.3686
Recharging:	01110.00	03.7854	00.3326	0000.3791
Recharging:	01140.00	03.7899	00.3327	0000.3896
Recharging:	01170.00	03.7942	00.3326	0000.4001
Recharging:	01200.00	03.7988	00.3326	0000.4106
Recharging:	01230.00	03.8031	00.3327	0000.4212
Recharging:	01260.00	03.8072	00.3327	0000.4317
Recharging:	01290.00	03.8111	00.3327	0000.4423
Recharging:	01320.00	03.8152	00.3326	0000.4529
Recharging:	01350.00	03.8193	00.3327	0000.4635
Recharging:	01380.00	03.8234	00.3327	0000.4741
Recharging:	01410.00	03.8274	00.3327	0000.4847
Recharging:	01440.00	03.8314	00.3326	0000.4953
Recharging:	01470.00	03.8352	00.3326	0000.5059
Recharging:	01500.00	03.8390	00.3327	0000.5166
Recharging:	01530.00	03.8426	00.3327	0000.5272
Recharging:	01560.00	03.8461	00.3326	0000.5379
Recharging:	01590.00	03.8494	00.3327	0000.5485
Recharging:	01620.00	03.8524	00.3326	0000.5592
Recharging:	01650.00	03.8553	00.3326	0000.5699
Recharging:	01680.00	03.8580	00.3326	0000.5806
Recharging:	01710.00	03.8605	00.3326	0000.5913
Recharging:	01740.00	03.8629	00.3326	0000.6020
Recharging:	01770.00	03.8652	00.3326	0000.6127
Recharging:	01800.00	03.8672	00.3327	0000.6234
Recharging:	01830.00	03.8692	00.3326	0000.6342
Recharging:	01860.00	03.8710	00.3326	0000.6449
Recharging:	01890.00	03.8728	00.3326	0000.6556
Recharging:	01920.00	03.8744	00.3327	0000.6664
Recharging:	01950.00	03.8760	00.3327	0000.6771
Recharging:	01980.00	03.8775	00.3327	0000.6879
Recharging:	02010.00	03.8789	00.3327	0000.6986
Recharging:	02040.00	03.8802	00.3327	0000.7094
Recharging:	02070.00	03.8815	00.3326	0000.7201
Recharging:	02100.00	03.8828	00.3327	0000.7309
Recharging:	02130.00	03.8839	00.3327	0000.7417
Recharging:	02160.00	03.8850	00.3327	0000.7524
Recharging:	02190.00	03.8861	00.3327	0000.7632
Recharging:	02220.00	03.8872	00.3327	0000.7740
Recharging:	02250.00	03.8882	00.3326	0000.7848
Recharging:	02280.00	03.8892	00.3327	0000.7956
Recharging:	02310.00	03.8902	00.3326	0000.8063
Recharging:	02340.00	03.8912	00.3327	0000.8171
Recharging:	02370.00	03.8922	00.3327	0000.8279
Recharging:	02400.00	03.8931	00.3327	0000.8387
Recharging:	02430.00	03.8940	00.3326	0000.8495
Recharging:	02460.00	03.8950	00.3327	0000.8603
Recharging:	02490.00	03.8959	00.3326	0000.8711
Recharging:	02520.00	03.8968	00.3327	0000.8819
Recharging:	02550.00	03.8977	00.3326	0000.8927
Recharging:	02580.00	03.8986	00.3327	0000.9035
Recharging:	02610.00	03.8995	00.3327	0000.9143
Recharging:	02640.00	03.9004	00.3326	0000.9251
Recharging:	02670.00	03.9014	00.3327	0000.9359
Recharging:	02700.00	03.9023	00.3326	0000.9468
Recharging:	02730.00	03.9032	00.3327	0000.9576
Recharging:	02760.00	03.9042	00.3327	0000.9684
Recharging:	02790.00	03.9051	00.3326	0000.9792
Recharging:	02820.00	03.9061	00.3327	0000.9901
Recharging:	02850.00	03.9070	00.3327	0001.0009
Recharging:	02880.00	03.9080	00.3327	0001.0117
Recharging:	02910.00	03.9089	00.3327	0001.0226
Recharging:	02940.00	03.9099	00.3327	0001.0334
Recharging:	02970.00	03.9109	00.3327	0001.0442
Recharging:	03000.00	03.9120	00.3326	0001.0551
Recharging:	03030.00	03.9130	00.3327	0001.0659
Recharging:	03060.00	03.9140	00.3326	0001.0768
Recharging:	03090.00	03.9151	00.3326	0001.0876
Recharging:	03120.00	03.9161	00.3326	0001.0985
Recharging:	03150.00	03.9172	00.3326	0001.1094
Recharging:	03180.00	03.9183	00.3326	0001.1202
Recharging:	03210.00	03.9194	00.3327	0001.1311
Recharging:	03240.00	03.9205	00.3326	0001.1419
Recharging:	03270.00	03.9217	00.3327	0001.1528
Recharging:	03300.00	03.9228	00.3326	0001.1637
Recharging:	03330.00	03.9240	00.3327	0001.1746
Recharging:	03360.00	03.9253	00.3327	0001.1855
Recharging:	03390.00	03.9265	00.3327	0001.1963
Recharging:	03420.00	03.9278	00.3327	0001.2072
Recharging:	03450.00	03.9290	00.3326	0001.2181
Recharging:	03480.00	03.9303	00.3326	0001.2290
Recharging:	03510.00	03.9316	00.3326	0001.2399
Recharging:	03540.00	03.9329	00.3327	0001.2508
Recharging:	03570.00	03.9342	00.3327	0001.2617
Recharging:	03600.00	03.9356	00.3327	0001.2726
Recharging:	03630.00	03.9370	00.3327	0001.2835
Recharging:	03660.00	03.9385	00.3327	0001.2945
Recharging:	03690.00	03.9400	00.3327	0001.3054
Recharging:	03720.00	03.9414	00.3327	0001.3163
Recharging:	03750.00	03.9430	00.3327	0001.3272
Recharging:	03780.00	03.9445	00.3326	0001.3382
Recharging:	03810.00	03.9461	00.3327	0001.3491
Recharging:	03840.00	03.9476	00.3327	0001.3601
Recharging:	03870.00	03.9491	00.3326	0001.3710
Recharging:	03900.00	03.9508	00.3327	0001.3820
Recharging:	03930.00	03.9524	00.3327	0001.3929
Recharging:	03960.00	03.9540	00.3326	0001.4039
Recharging:	03990.00	03.9556	00.3327	0001.4148
Recharging:	04020.00	03.9571	00.3327	0001.4258
Recharging:	04050.00	03.9587	00.3326	0001.4368
Recharging:	04080.00	03.9602	00.3327	0001.4478
Recharging:	04110.00	03.9617	00.3326	0001.4587
Recharging:	04140.00	03.9632	00.3326	0001.4697
Recharging:	04170.00	03.9647	00.3327	0001.4807
Recharging:	04200.00	03.9662	00.3327	0001.4917
Recharging:	04230.00	03.9676	00.3327	0001.5027
Recharging:	04260.00	03.9690	00.3326	0001.5137
Recharging:	04290.00	03.9703	00.3326	0001.5247
Recharging:	04320.00	03.9717	00.3327	0001.5357
Recharging:	04350.00	03.9729	00.3327	0001.5467
Recharging:	04380.00	03.9741	00.3327	0001.5578
Recharging:	04410.00	03.9754	00.3327	0001.5688
Recharging:	04440.00	03.9766	00.3326	0001.5798
Recharging:	04470.00	03.9778	00.3326	0001.5908
Recharging:	04500.00	03.9791	00.3327	0001.6019
Recharging:	04530.00	03.9802	00.3327	0001.6129
Recharging:	04560.00	03.9814	00.3327	0001.6239
Recharging:	04590.00	03.9826	00.3326	0001.6350
Recharging:	04620.00	03.9838	00.3326	0001.6460
Recharging:	04650.00	03.9849	00.3327	0001.6571
Recharging:	04680.00	03.9861	00.3327	0001.6681
Recharging:	04710.00	03.9873	00.3327	0001.6792
Recharging:	04740.00	03.9884	00.3326	0001.6902
Recharging:	04770.00	03.9895	00.3326	0001.7013
Recharging:	04800.00	03.9907	00.3327	0001.7123
Recharging:	04830.00	03.9919	00.3327	0001.7234
Recharging:	04860.00	03.9931	00.3327	0001.7345
Recharging:	04890.00	03.9943	00.3326	0001.7456
Recharging:	04920.00	03.9955	00.3327	0001.7566
Recharging:	04950.00	03.9968	00.3327	0001.7677
Recharging:	04980.00	03.9980	00.3327	0001.7788
Recharging:	05010.00	03.9993	00.3326	0001.7899
Recharging:	05040.00	04.0006	00.3326	0001.8010
Recharging:	05070.00	04.0020	00.3327	0001.8121
Recharging:	05100.00	04.0035	00.3327	0001.8232
Recharging:	05130.00	04.0049	00.3327	0001.8343
Recharging:	05160.00	04.0063	00.3327	0001.8454
Recharging:	05190.00	04.0077	00.3327	0001.8565
Recharging:	05220.00	04.0092	00.3327	0001.8676
Recharging:	05250.00	04.0107	00.3327	0001.8787
Recharging:	05280.00	04.0122	00.3326	0001.8898
Recharging:	05310.00	04.0138	00.3327	0001.9010
Recharging:	05340.00	04.0153	00.3326	0001.9121
Recharging:	05370.00	04.0169	00.3327	0001.9232
Recharging:	05400.00	04.0185	00.3327	0001.9344
Recharging:	05430.00	04.0202	00.3326	0001.9455
Recharging:	05460.00	04.0219	00.3326	0001.9567
Recharging:	05490.00	04.0236	00.3327	0001.9678
Recharging:	05520.00	04.0254	00.3326	0001.9790
Recharging:	05550.00	04.0272	00.3327	0001.9901
Recharging:	05580.00	04.0290	00.3327	0002.0013
Recharging:	05610.00	04.0308	00.3326	0002.0125
Recharging:	05640.00	04.0327	00.3326	0002.0237
Recharging:	05670.00	04.0346	00.3327	0002.0348
Recharging:	05700.00	04.0364	00.3327	0002.0460
Recharging:	05730.00	04.0383	00.3327	0002.0572
Recharging:	05760.00	04.0401	00.3327	0002.0684
Recharging:	05790.00	04.0420	00.3327	0002.0796
Recharging:	05820.00	04.0439	00.3327	0002.0908
Recharging:	05850.00	04.0457	00.3327	0002.1021
Recharging:	05880.00	04.0475	00.3327	0002.1133
Recharging:	05910.00	04.0493	00.3327	0002.1245
Recharging:	05940.00	04.0511	00.3327	0002.1357
Recharging:	05970.00	04.0528	00.3327	0002.1470
Recharging:	06000.00	04.0547	00.3326	0002.1582
Recharging:	06030.00	04.0565	00.3326	0002.1695
Recharging:	06060.00	04.0584	00.3327	0002.1807
Recharging:	06090.00	04.0603	00.3327	0002.1920
Recharging:	06120.00	04.0622	00.3327	0002.2032
Recharging:	06150.00	04.0643	00.3327	0002.2145
Recharging:	06180.00	04.0664	00.3327	0002.2258
Recharging:	06210.00	04.0685	00.3326	0002.2370
Recharging:	06240.00	04.0707	00.3327	0002.2483
Recharging:	06270.00	04.0729	00.3327	0002.2596
Recharging:	06300.00	04.0751	00.3327	0002.2709
Recharging:	06330.00	04.0774	00.3326	0002.2822
Recharging:	06360.00	04.0796	00.3327	0002.2935
Recharging:	06390.00	04.0819	00.3327	0002.3048
Recharging:	06420.00	04.0842	00.3327	0002.3162
Recharging:	06450.00	04.0865	00.3327	0002.3275
Recharging:	06480.00	04.0888	00.3326	0002.3388
Recharging:	06510.00	04.0911	00.3327	0002.3502
Recharging:	06540.00	04.0933	00.3327	0002.3615
Recharging:	06570.00	04.0955	00.3327	0002.3729
Recharging:	06600.00	04.0976	00.3327	0002.3842
Recharging:	06630.00	04.0996	00.3327	0002.3956
Recharging:	06660.00	04.1017	00.3327	0002.4070
Recharging:	06690.00	04.1036	00.3327	0002.4183
Recharging:	06720.00	04.1055	00.3327	0002.4297
Recharging:	06750.00	04.1073	00.3327	0002.4411
Recharging:	06780.00	04.1091	00.3326	0002.4525
Recharging:	06810.00	04.1108	00.3327	0002.4639
Recharging:	06840.00	04.1125	00.3327	0002.4753
Recharging:	06870.00	04.1142	00.3327	0002.4867
Recharging:	06900.00	04.1159	00.3327	0002.4981
Recharging:	06930.00	04.1175	00.3326	0002.5095
Recharging:	06960.00	04.1191	00.3327	0002.5209
Recharging:	06990.00	04.1209	00.3327	0002.5324
Recharging:	07020.00	04.1226	00.3327	0002.5438
Recharging:	07050.00	04.1242	00.3326	0002.5552
Recharging:	07080.00	04.1260	00.3327	0002.5667
Recharging:	07110.00	04.1279	00.3327	0002.5781
Recharging:	07140.00	04.1297	00.3326	0002.5896
Recharging:	07170.00	04.1316	00.3327	0002.6010
Recharging:	07200.00	04.1335	00.3327	0002.6125
Recharging:	07230.00	04.1354	00.3327	0002.6239
Recharging:	07260.00	04.1374	00.3327	0002.6354
Recharging:	07290.00	04.1395	00.3327	0002.6469
Recharging:	07320.00	04.1415	00.3327	0002.6584
Recharging:	07350.00	04.1437	00.3327	0002.6698
Recharging:	07380.00	04.1459	00.3327	0002.6813
Recharging:	07410.00	04.1481	00.3327	0002.6928
Recharging:	07440.00	04.1504	00.3326	0002.7043
Recharging:	07470.00	04.1528	00.3327	0002.7159
Recharging:	07500.00	04.1551	00.3327	0002.7274
Recharging:	07530.00	04.1575	00.3326	0002.7389
Recharging:	07560.00	04.1599	00.3326	0002.7504
Recharging:	07590.00	04.1623	00.3327	0002.7620
Recharging:	07620.00	04.1647	00.3326	0002.7735
Recharging:	07650.00	04.1671	00.3327	0002.7851
Recharging:	07680.00	04.1696	00.3327	0002.7966
Recharging:	07710.00	04.1720	00.3326	0002.8082
Recharging:	07740.00	04.1743	00.3327	0002.8198
Recharging:	07770.00	04.1768	00.3327	0002.8313
Recharging:	07800.00	04.1794	00.3327	0002.8429
Recharging:	07830.00	04.1819	00.3327	0002.8545
Recharging:	07860.00	04.1846	00.3327	0002.8661
Recharging:	07890.00	04.1873	00.3327	0002.8777
Recharging:	07920.00	04.1903	00.3327	0002.8893
Recharging:	07950.00	04.1933	00.3327	0002.9010
Recharging:	07980.00	04.1964	00.3327	0002.9126
Recharging:	08010.00	04.1996	00.3326	0002.9242
Recharging:	08040.00	04.2030	00.3327	0002.9359
