Charging:	00016.0	04.1879	01.0001	000.0175
Charging:	00031.0	04.1963	00.9998	000.0349
Charging:	00046.0	04.1998	00.9998	000.0524
Charging:	00061.0	04.2027	00.9998	000.0699
Discharging:	00076.0	04.0497	-0.9992	-00.0169
Discharging:	00091.0	04.0322	-0.9991	-00.0336
Discharging:	00106.0	04.0232	-0.9991	-00.0504
Discharging:	00121.0	04.0165	-0.9991	-00.0671
Discharging:	00136.0	04.0113	-0.9991	-00.0838
Discharging:	00151.0	04.0069	-0.9991	-00.1005
Discharging:	00166.0	04.0030	-0.9991	-00.1172
Discharging:	00181.0	03.9995	-0.9991	-00.1338
Discharging:	00196.0	03.9965	-0.9991	-00.1504
Discharging:	00211.0	03.9937	-0.9991	-00.1671
Discharging:	00226.0	03.9910	-0.9991	-00.1837
Discharging:	00241.0	03.9885	-0.9991	-00.2003
Discharging:	00256.0	03.9861	-0.9990	-00.2169
Discharging:	00271.0	03.9838	-0.9991	-00.2335
Discharging:	00286.0	03.9816	-0.9991	-00.2500
Discharging:	00301.0	03.9796	-0.9991	-00.2666
Discharging:	00316.0	03.9776	-0.9991	-00.2832
Discharging:	00331.0	03.9756	-0.9990	-00.2997
Discharging:	00346.0	03.9738	-0.9991	-00.3162
Discharging:	00361.0	03.9719	-0.9990	-00.3328
Discharging:	00376.0	03.9701	-0.9991	-00.3493
Discharging:	00391.0	03.9683	-0.9990	-00.3658
Discharging:	00406.0	03.9666	-0.9990	-00.3823
Discharging:	00421.0	03.9648	-0.9991	-00.3988
Discharging:	00436.0	03.9631	-0.9991	-00.4153
Discharging:	00451.0	03.9615	-0.9991	-00.4318
Discharging:	00466.0	03.9598	-0.9991	-00.4483
Discharging:	00481.0	03.9582	-0.9991	-00.4648
Discharging:	00496.0	03.9566	-0.9991	-00.4813
Discharging:	00511.0	03.9550	-0.9991	-00.4977
Discharging:	00526.0	03.9535	-0.9991	-00.5142
Discharging:	00541.0	03.9519	-0.9991	-00.5306
Discharging:	00556.0	03.9504	-0.9990	-00.5471
Discharging:	00571.0	03.9489	-0.9991	-00.5635
Discharging:	00586.0	03.9474	-0.9991	-00.5799
Discharging:	00601.0	03.9459	-0.9991	-00.5964
Discharging:	00616.0	03.9444	-0.9990	-00.6128
Discharging:	00631.0	03.9430	-0.9990	-00.6292
Discharging:	00646.0	03.9415	-0.9990	-00.6456
Discharging:	00661.0	03.9400	-0.9990	-00.6620
Discharging:	00676.0	03.9385	-0.9990	-00.6784
Discharging:	00691.0	03.9372	-0.9990	-00.6948
Discharging:	00706.0	03.9357	-0.9991	-00.7112
Discharging:	00721.0	03.9344	-0.9990	-00.7276
Discharging:	00736.0	03.9331	-0.9990	-00.7439
Discharging:	00751.0	03.9318	-0.9990	-00.7603
Discharging:	00766.0	03.9303	-0.9990	-00.7767
Discharging:	00781.0	03.9290	-0.9990	-00.7930
Discharging:	00796.0	03.9277	-0.9990	-00.8094
Discharging:	00811.0	03.9263	-0.9990	-00.8257
Discharging:	00826.0	03.9249	-0.9991	-00.8420
Discharging:	00841.0	03.9236	-0.9991	-00.8584
Discharging:	00856.0	03.9223	-0.9990	-00.8747
Discharging:	00871.0	03.9209	-0.9990	-00.8910
Discharging:	00886.0	03.9196	-0.9990	-00.9073
Discharging:	00901.0	03.9182	-0.9990	-00.9237
Discharging:	00916.0	03.9169	-0.9990	-00.9400
Discharging:	00931.0	03.9157	-0.9990	-00.9563
Discharging:	00946.0	03.9143	-0.9990	-00.9726
Discharging:	00961.0	03.9131	-0.9990	-00.9888
Discharging:	00976.0	03.9118	-0.9990	-01.0051
Discharging:	00991.0	03.9104	-0.9990	-01.0214
Discharging:	01006.0	03.9091	-0.9990	-01.0377
Discharging:	01021.0	03.9079	-0.9990	-01.0539
Discharging:	01036.0	03.9066	-0.9991	-01.0702
Discharging:	01051.0	03.9054	-0.9990	-01.0865
Discharging:	01066.0	03.9041	-0.9990	-01.1027
Discharging:	01081.0	03.9028	-0.9990	-01.1190
Discharging:	01096.0	03.9016	-0.9990	-01.1352
Discharging:	01111.0	03.9003	-0.9991	-01.1514
Discharging:	01126.0	03.8990	-0.9990	-01.1677
Discharging:	01141.0	03.8979	-0.9990	-01.1839
Discharging:	01156.0	03.8966	-0.9990	-01.2001
Discharging:	01171.0	03.8954	-0.9990	-01.2163
Discharging:	01186.0	03.8941	-0.9990	-01.2325
Discharging:	01201.0	03.8929	-0.9990	-01.2487
Discharging:	01216.0	03.8917	-0.9990	-01.2649
Discharging:	01231.0	03.8905	-0.9990	-01.2811
Discharging:	01246.0	03.8892	-0.9990	-01.2973
Discharging:	01261.0	03.8880	-0.9990	-01.3135
Discharging:	01276.0	03.8868	-0.9990	-01.3297
Discharging:	01291.0	03.8856	-0.9990	-01.3459
Discharging:	01306.0	03.8844	-0.9990	-01.3620
Discharging:	01321.0	03.8832	-0.9990	-01.3782
Discharging:	01336.0	03.8820	-0.9990	-01.3944
Discharging:	01351.0	03.8808	-0.9990	-01.4105
Discharging:	01366.0	03.8796	-0.9990	-01.4267
Discharging:	01381.0	03.8784	-0.9990	-01.4428
Discharging:	01396.0	03.8772	-0.9990	-01.4589
Discharging:	01411.0	03.8760	-0.9990	-01.4751
Discharging:	01426.0	03.8748	-0.9990	-01.4912
Discharging:	01441.0	03.8736	-0.9991	-01.5073
Discharging:	01456.0	03.8725	-0.9990	-01.5235
Discharging:	01471.0	03.8712	-0.9991	-01.5396
Discharging:	01486.0	03.8702	-0.9990	-01.5557
Discharging:	01501.0	03.8689	-0.9990	-01.5718
Discharging:	01516.0	03.8677	-0.9990	-01.5879
Discharging:	01531.0	03.8665	-0.9990	-01.6040
Discharging:	01546.0	03.8654	-0.9990	-01.6201
Discharging:	01561.0	03.8642	-0.9990	-01.6362
Discharging:	01576.0	03.8630	-0.9990	-01.6522
Discharging:	01591.0	03.8619	-0.9990	-01.6683
Discharging:	01606.0	03.8608	-0.9990	-01.6844
Discharging:	01621.0	03.8596	-0.9990	-01.7004
Discharging:	01636.0	03.8584	-0.9990	-01.7165
Discharging:	01651.0	03.8572	-0.9991	-01.7326
Discharging:	01666.0	03.8561	-0.9990	-01.7486
Discharging:	01681.0	03.8549	-0.9990	-01.7647
Discharging:	01696.0	03.8537	-0.9990	-01.7807
Discharging:	01711.0	03.8525	-0.9990	-01.7967
Discharging:	01726.0	03.8515	-0.9990	-01.8128
Discharging:	01741.0	03.8503	-0.9990	-01.8288
Discharging:	01756.0	03.8492	-0.9991	-01.8448
Discharging:	01771.0	03.8481	-0.9990	-01.8608
Discharging:	01786.0	03.8470	-0.9990	-01.8769
Discharging:	01801.0	03.8458	-0.9990	-01.8929
Discharging:	01816.0	03.8446	-0.9990	-01.9089
Discharging:	01831.0	03.8435	-0.9990	-01.9249
Discharging:	01846.0	03.8423	-0.9990	-01.9409
Discharging:	01861.0	03.8412	-0.9990	-01.9568
Discharging:	01876.0	03.8401	-0.9990	-01.9728
Discharging:	01891.0	03.8390	-0.9990	-01.9888
Discharging:	01906.0	03.8378	-0.9991	-02.0048
Discharging:	01921.0	03.8366	-0.9990	-02.0208
Discharging:	01936.0	03.8355	-0.9990	-02.0367
Discharging:	01951.0	03.8344	-0.9990	-02.0527
Discharging:	01966.0	03.8333	-0.9990	-02.0686
Discharging:	01981.0	03.8321	-0.9990	-02.0846
Discharging:	01996.0	03.8310	-0.9990	-02.1005
Discharging:	02011.0	03.8298	-0.9990	-02.1165
Discharging:	02026.0	03.8288	-0.9990	-02.1324
Discharging:	02041.0	03.8275	-0.9990	-02.1484
Discharging:	02056.0	03.8264	-0.9990	-02.1643
Discharging:	02071.0	03.8253	-0.9990	-02.1802
Discharging:	02086.0	03.8242	-0.9990	-02.1961
Discharging:	02101.0	03.8231	-0.9990	-02.2120
Discharging:	02116.0	03.8220	-0.9990	-02.2279
Discharging:	02131.0	03.8209	-0.9990	-02.2439
Discharging:	02146.0	03.8197	-0.9990	-02.2598
Discharging:	02161.0	03.8187	-0.9990	-02.2756
Discharging:	02176.0	03.8175	-0.9990	-02.2915
Discharging:	02191.0	03.8163	-0.9990	-02.3074
Discharging:	02206.0	03.8152	-0.9990	-02.3233
Discharging:	02221.0	03.8141	-0.9990	-02.3392
Discharging:	02236.0	03.8130	-0.9990	-02.3551
Discharging:	02251.0	03.8119	-0.9990	-02.3709
Discharging:	02266.0	03.8108	-0.9990	-02.3868
Discharging:	02281.0	03.8097	-0.9990	-02.4026
Discharging:	02296.0	03.8087	-0.9990	-02.4185
Discharging:	02311.0	03.8076	-0.9990	-02.4343
Discharging:	02326.0	03.8066	-0.9990	-02.4502
Discharging:	02341.0	03.8054	-0.9990	-02.4660
Discharging:	02356.0	03.8043	-0.9990	-02.4819
Discharging:	02371.0	03.8032	-0.9990	-02.4977
Discharging:	02386.0	03.8020	-0.9990	-02.5135
Discharging:	02401.0	03.8009	-0.9990	-02.5293
Discharging:	02416.0	03.7998	-0.9990	-02.5452
Discharging:	02431.0	03.7987	-0.9990	-02.5610
Discharging:	02446.0	03.7975	-0.9990	-02.5768
Discharging:	02461.0	03.7964	-0.9990	-02.5926
Discharging:	02476.0	03.7952	-0.9990	-02.6084
Discharging:	02491.0	03.7941	-0.9990	-02.6242
Discharging:	02506.0	03.7930	-0.9990	-02.6400
Discharging:	02521.0	03.7920	-0.9990	-02.6558
Discharging:	02536.0	03.7909	-0.9990	-02.6715
Discharging:	02551.0	03.7898	-0.9990	-02.6873
Discharging:	02566.0	03.7887	-0.9990	-02.7031
Discharging:	02581.0	03.7876	-0.9990	-02.7188
Discharging:	02596.0	03.7864	-0.9990	-02.7346
Discharging:	02611.0	03.7853	-0.9990	-02.7504
Discharging:	02626.0	03.7842	-0.9990	-02.7661
Discharging:	02641.0	03.7831	-0.9991	-02.7819
Discharging:	02656.0	03.7820	-0.9990	-02.7976
Discharging:	02671.0	03.7809	-0.9990	-02.8133
Discharging:	02686.0	03.7798	-0.9990	-02.8291
Discharging:	02701.0	03.7787	-0.9990	-02.8448
Discharging:	02716.0	03.7776	-0.9990	-02.8605
Discharging:	02731.0	03.7765	-0.9991	-02.8762
Discharging:	02746.0	03.7754	-0.9990	-02.8920
Discharging:	02761.0	03.7744	-0.9991	-02.9077
Discharging:	02776.0	03.7732	-0.9990	-02.9234
Discharging:	02791.0	03.7721	-0.9990	-02.9391
Discharging:	02806.0	03.7710	-0.9990	-02.9548
Discharging:	02821.0	03.7700	-0.9990	-02.9705
Discharging:	02836.0	03.7689	-0.9990	-02.9862
Discharging:	02851.0	03.7678	-0.9990	-03.0018
Discharging:	02866.0	03.7668	-0.9990	-03.0175
Discharging:	02881.0	03.7657	-0.9990	-03.0332
Discharging:	02896.0	03.7646	-0.9990	-03.0489
Discharging:	02911.0	03.7635	-0.9990	-03.0645
Discharging:	02926.0	03.7624	-0.9990	-03.0802
Discharging:	02941.0	03.7613	-0.9990	-03.0959
Discharging:	02956.0	03.7603	-0.9990	-03.1115
Discharging:	02971.0	03.7591	-0.9990	-03.1272
Discharging:	02986.0	03.7581	-0.9990	-03.1428
Discharging:	03001.0	03.7570	-0.9990	-03.1584
Discharging:	03016.0	03.7559	-0.9990	-03.1741
Discharging:	03031.0	03.7548	-0.9990	-03.1897
Discharging:	03046.0	03.7538	-0.9990	-03.2053
Discharging:	03061.0	03.7526	-0.9990	-03.2210
Discharging:	03076.0	03.7516	-0.9990	-03.2366
Discharging:	03091.0	03.7505	-0.9990	-03.2522
Discharging:	03106.0	03.7495	-0.9990	-03.2678
Discharging:	03121.0	03.7483	-0.9990	-03.2834
Discharging:	03136.0	03.7473	-0.9990	-03.2990
Discharging:	03151.0	03.7462	-0.9990	-03.3146
Discharging:	03166.0	03.7451	-0.9990	-03.3302
Discharging:	03181.0	03.7440	-0.9990	-03.3458
Discharging:	03196.0	03.7429	-0.9990	-03.3613
Discharging:	03211.0	03.7419	-0.9990	-03.3769
Discharging:	03226.0	03.7408	-0.9990	-03.3925
Discharging:	03241.0	03.7397	-0.9990	-03.4081
Discharging:	03256.0	03.7387	-0.9990	-03.4236
Discharging:	03271.0	03.7376	-0.9990	-03.4392
Discharging:	03286.0	03.7365	-0.9990	-03.4547
Discharging:	03301.0	03.7355	-0.9990	-03.4703
Discharging:	03316.0	03.7344	-0.9990	-03.4858
Discharging:	03331.0	03.7334	-0.9990	-03.5014
Discharging:	03346.0	03.7323	-0.9990	-03.5169
Discharging:	03361.0	03.7313	-0.9990	-03.5324
Discharging:	03376.0	03.7302	-0.9990	-03.5480
Discharging:	03391.0	03.7291	-0.9990	-03.5635
Discharging:	03406.0	03.7281	-0.9990	-03.5790
Discharging:	03421.0	03.7270	-0.9990	-03.5945
Discharging:	03436.0	03.7260	-0.9990	-03.6100
Discharging:	03451.0	03.7250	-0.9990	-03.6255
Discharging:	03466.0	03.7239	-0.9990	-03.6410
Discharging:	03481.0	03.7229	-0.9990	-03.6565
Discharging:	03496.0	03.7218	-0.9990	-03.6720
Discharging:	03511.0	03.7207	-0.9990	-03.6875
Discharging:	03526.0	03.7197	-0.9990	-03.7030
Discharging:	03541.0	03.7186	-0.9990	-03.7185
Discharging:	03556.0	03.7176	-0.9990	-03.7339
Discharging:	03571.0	03.7165	-0.9990	-03.7494
Discharging:	03586.0	03.7155	-0.9990	-03.7649
Discharging:	03601.0	03.7144	-0.9991	-03.7803
Discharging:	03616.0	03.7134	-0.9990	-03.7958
Discharging:	03631.0	03.7124	-0.9990	-03.8113
Discharging:	03646.0	03.7113	-0.9990	-03.8267
Discharging:	03661.0	03.7103	-0.9990	-03.8421
Discharging:	03676.0	03.7093	-0.9990	-03.8576
Discharging:	03691.0	03.7083	-0.9990	-03.8730
Discharging:	03706.0	03.7073	-0.9990	-03.8885
Discharging:	03721.0	03.7063	-0.9990	-03.9039
Discharging:	03736.0	03.7052	-0.9990	-03.9193
Discharging:	03751.0	03.7042	-0.9990	-03.9347
Discharging:	03766.0	03.7031	-0.9990	-03.9501
Discharging:	03781.0	03.7021	-0.9991	-03.9656
Discharging:	03796.0	03.7011	-0.9991	-03.9810
Discharging:	03811.0	03.7001	-0.9991	-03.9964
Discharging:	03826.0	03.6991	-0.9990	-04.0118
Discharging:	03841.0	03.6981	-0.9990	-04.0272
Discharging:	03856.0	03.6970	-0.9990	-04.0425
Discharging:	03871.0	03.6960	-0.9991	-04.0579
Discharging:	03886.0	03.6951	-0.9990	-04.0733
Discharging:	03901.0	03.6940	-0.9990	-04.0887
Discharging:	03916.0	03.6930	-0.9990	-04.1041
Discharging:	03931.0	03.6920	-0.9990	-04.1194
Discharging:	03946.0	03.6910	-0.9990	-04.1348
Discharging:	03961.0	03.6900	-0.9990	-04.1502
Discharging:	03976.0	03.6890	-0.9990	-04.1655
Discharging:	03991.0	03.6880	-0.9990	-04.1809
Discharging:	04006.0	03.6870	-0.9990	-04.1962
Discharging:	04021.0	03.6860	-0.9990	-04.2116
Discharging:	04036.0	03.6850	-0.9990	-04.2269
Discharging:	04051.0	03.6841	-0.9990	-04.2422
Discharging:	04066.0	03.6831	-0.9990	-04.2576
Discharging:	04081.0	03.6822	-0.9990	-04.2729
Discharging:	04096.0	03.6812	-0.9990	-04.2882
Discharging:	04111.0	03.6801	-0.9990	-04.3035
Discharging:	04126.0	03.6792	-0.9991	-04.3188
Discharging:	04141.0	03.6782	-0.9990	-04.3342
Discharging:	04156.0	03.6772	-0.9990	-04.3495
Discharging:	04171.0	03.6762	-0.9990	-04.3648
Discharging:	04186.0	03.6753	-0.9991	-04.3801
Discharging:	04201.0	03.6743	-0.9990	-04.3954
Discharging:	04216.0	03.6733	-0.9990	-04.4106
Discharging:	04231.0	03.6723	-0.9990	-04.4259
Discharging:	04246.0	03.6713	-0.9990	-04.4412
Discharging:	04261.0	03.6704	-0.9990	-04.4565
Discharging:	04276.0	03.6694	-0.9990	-04.4718
Discharging:	04291.0	03.6684	-0.9990	-04.4870
Discharging:	04306.0	03.6675	-0.9991	-04.5023
Discharging:	04321.0	03.6666	-0.9990	-04.5176
Discharging:	04336.0	03.6656	-0.9991	-04.5328
Discharging:	04351.0	03.6646	-0.9990	-04.5481
Discharging:	04366.0	03.6637	-0.9990	-04.5633
Discharging:	04381.0	03.6628	-0.9990	-04.5786
Discharging:	04396.0	03.6618	-0.9990	-04.5938
Discharging:	04411.0	03.6608	-0.9990	-04.6091
Discharging:	04426.0	03.6599	-0.9990	-04.6243
Discharging:	04441.0	03.6590	-0.9990	-04.6395
Discharging:	04456.0	03.6581	-0.9990	-04.6548
Discharging:	04471.0	03.6572	-0.9991	-04.6700
Discharging:	04486.0	03.6562	-0.9990	-04.6852
Discharging:	04501.0	03.6553	-0.9990	-04.7004
Discharging:	04516.0	03.6543	-0.9990	-04.7156
Discharging:	04531.0	03.6534	-0.9991	-04.7308
Discharging:	04546.0	03.6524	-0.9991	-04.7460
Discharging:	04561.0	03.6516	-0.9991	-04.7612
Discharging:	04576.0	03.6506	-0.9990	-04.7764
Discharging:	04591.0	03.6497	-0.9991	-04.7916
Discharging:	04606.0	03.6488	-0.9990	-04.8068
Discharging:	04621.0	03.6479	-0.9991	-04.8220
Discharging:	04636.0	03.6470	-0.9991	-04.8372
Discharging:	04651.0	03.6461	-0.9990	-04.8524
Discharging:	04666.0	03.6452	-0.9991	-04.8675
Discharging:	04681.0	03.6443	-0.9990	-04.8827
Discharging:	04696.0	03.6434	-0.9990	-04.8979
Discharging:	04711.0	03.6425	-0.9990	-04.9130
Discharging:	04726.0	03.6416	-0.9990	-04.9282
Discharging:	04741.0	03.6407	-0.9990	-04.9433
Discharging:	04756.0	03.6398	-0.9990	-04.9585
Discharging:	04771.0	03.6389	-0.9990	-04.9736
Discharging:	04786.0	03.6380	-0.9990	-04.9888
Discharging:	04801.0	03.6372	-0.9991	-05.0039
Discharging:	04816.0	03.6362	-0.9990	-05.0191
Discharging:	04831.0	03.6353	-0.9991	-05.0342
Discharging:	04846.0	03.6345	-0.9990	-05.0493
Discharging:	04861.0	03.6335	-0.9990	-05.0645
Discharging:	04876.0	03.6327	-0.9990	-05.0796
Discharging:	04891.0	03.6319	-0.9990	-05.0947
Discharging:	04906.0	03.6309	-0.9990	-05.1098
Discharging:	04921.0	03.6300	-0.9990	-05.1249
Discharging:	04936.0	03.6292	-0.9990	-05.1400
Discharging:	04951.0	03.6283	-0.9990	-05.1551
Discharging:	04966.0	03.6274	-0.9990	-05.1702
Discharging:	04981.0	03.6265	-0.9990	-05.1853
Discharging:	04996.0	03.6257	-0.9991	-05.2004
Discharging:	05011.0	03.6248	-0.9990	-05.2155
Discharging:	05026.0	03.6239	-0.9990	-05.2306
Discharging:	05041.0	03.6231	-0.9990	-05.2457
Discharging:	05056.0	03.6222	-0.9990	-05.2607
Discharging:	05071.0	03.6214	-0.9990	-05.2758
Discharging:	05086.0	03.6205	-0.9991	-05.2909
Discharging:	05101.0	03.6196	-0.9990	-05.3060
Discharging:	05116.0	03.6188	-0.9990	-05.3210
Discharging:	05131.0	03.6179	-0.9990	-05.3361
Discharging:	05146.0	03.6171	-0.9990	-05.3511
Discharging:	05161.0	03.6162	-0.9990	-05.3662
Discharging:	05176.0	03.6154	-0.9990	-05.3812
Discharging:	05191.0	03.6145	-0.9991	-05.3963
Discharging:	05206.0	03.6136	-0.9990	-05.4113
Discharging:	05221.0	03.6127	-0.9990	-05.4264
Discharging:	05236.0	03.6119	-0.9990	-05.4414
Discharging:	05251.0	03.6111	-0.9990	-05.4564
Discharging:	05266.0	03.6101	-0.9990	-05.4715
Discharging:	05281.0	03.6092	-0.9990	-05.4865
Discharging:	05296.0	03.6084	-0.9990	-05.5015
Discharging:	05311.0	03.6075	-0.9990	-05.5165
Discharging:	05326.0	03.6067	-0.9990	-05.5315
Discharging:	05341.0	03.6059	-0.9990	-05.5466
Discharging:	05356.0	03.6050	-0.9990	-05.5616
Discharging:	05371.0	03.6041	-0.9990	-05.5766
Discharging:	05386.0	03.6032	-0.9990	-05.5916
Discharging:	05401.0	03.6024	-0.9990	-05.6066
Discharging:	05416.0	03.6016	-0.9990	-05.6215
Discharging:	05431.0	03.6007	-0.9990	-05.6365
Discharging:	05446.0	03.5999	-0.9990	-05.6515
Discharging:	05461.0	03.5990	-0.9990	-05.6665
Discharging:	05476.0	03.5981	-0.9990	-05.6815
Discharging:	05491.0	03.5973	-0.9990	-05.6965
Discharging:	05506.0	03.5964	-0.9990	-05.7114
Discharging:	05521.0	03.5956	-0.9990	-05.7264
Discharging:	05536.0	03.5947	-0.9990	-05.7414
Discharging:	05551.0	03.5938	-0.9990	-05.7563
Discharging:	05566.0	03.5930	-0.9990	-05.7713
Discharging:	05581.0	03.5921	-0.9990	-05.7862
Discharging:	05596.0	03.5913	-0.9990	-05.8012
Discharging:	05611.0	03.5904	-0.9990	-05.8161
Discharging:	05626.0	03.5896	-0.9990	-05.8311
Discharging:	05641.0	03.5887	-0.9990	-05.8460
Discharging:	05656.0	03.5878	-0.9990	-05.8609
Discharging:	05671.0	03.5870	-0.9990	-05.8759
Discharging:	05686.0	03.5861	-0.9991	-05.8908
Discharging:	05701.0	03.5853	-0.9990	-05.9057
Discharging:	05716.0	03.5845	-0.9990	-05.9206
Discharging:	05731.0	03.5836	-0.9990	-05.9356
Discharging:	05746.0	03.5828	-0.9990	-05.9505
Discharging:	05761.0	03.5819	-0.9990	-05.9654
Discharging:	05776.0	03.5811	-0.9990	-05.9803
Discharging:	05791.0	03.5803	-0.9990	-05.9952
Discharging:	05806.0	03.5795	-0.9990	-06.0101
Discharging:	05821.0	03.5787	-0.9990	-06.0250
Discharging:	05836.0	03.5778	-0.9990	-06.0399
Discharging:	05851.0	03.5771	-0.9990	-06.0548
Discharging:	05866.0	03.5762	-0.9990	-06.0697
Discharging:	05881.0	03.5755	-0.9990	-06.0845
Discharging:	05896.0	03.5747	-0.9990	-06.0994
Discharging:	05911.0	03.5739	-0.9990	-06.1143
Discharging:	05926.0	03.5731	-0.9990	-06.1292
Discharging:	05941.0	03.5723	-0.9990	-06.1440
Discharging:	05956.0	03.5714	-0.9990	-06.1589
Discharging:	05971.0	03.5707	-0.9990	-06.1738
Discharging:	05986.0	03.5700	-0.9990	-06.1886
Discharging:	06001.0	03.5692	-0.9990	-06.2035
Discharging:	06016.0	03.5684	-0.9990	-06.2183
Discharging:	06031.0	03.5677	-0.9990	-06.2332
Discharging:	06046.0	03.5669	-0.9990	-06.2480
Discharging:	06061.0	03.5662	-0.9990	-06.2629
Discharging:	06076.0	03.5654	-0.9990	-06.2777
Discharging:	06091.0	03.5647	-0.9990	-06.2926
Discharging:	06106.0	03.5640	-0.9990	-06.3074
Discharging:	06121.0	03.5633	-0.9990	-06.3222
Discharging:	06136.0	03.5625	-0.9990	-06.3371
Discharging:	06151.0	03.5619	-0.9990	-06.3519
Discharging:	06166.0	03.5611	-0.9990	-06.3667
Discharging:	06181.0	03.5604	-0.9990	-06.3815
Discharging:	06196.0	03.5598	-0.9990	-06.3964
Discharging:	06211.0	03.5591	-0.9990	-06.4112
Discharging:	06226.0	03.5584	-0.9990	-06.4260
Discharging:	06241.0	03.5578	-0.9990	-06.4408
Discharging:	06256.0	03.5570	-0.9991	-06.4556
Discharging:	06271.0	03.5564	-0.9990	-06.4704
Discharging:	06286.0	03.5557	-0.9990	-06.4852
Discharging:	06301.0	03.5550	-0.9990	-06.5000
Discharging:	06316.0	03.5544	-0.9990	-06.5148
Discharging:	06331.0	03.5538	-0.9990	-06.5296
Discharging:	06346.0	03.5531	-0.9991	-06.5444
Discharging:	06361.0	03.5524	-0.9991	-06.5592
Discharging:	06376.0	03.5519	-0.9990	-06.5739
Discharging:	06391.0	03.5511	-0.9990	-06.5887
Discharging:	06406.0	03.5504	-0.9991	-06.6035
Discharging:	06421.0	03.5499	-0.9990	-06.6183
Discharging:	06436.0	03.5492	-0.9991	-06.6331
Discharging:	06451.0	03.5486	-0.9990	-06.6478
Discharging:	06466.0	03.5480	-0.9990	-06.6626
Discharging:	06481.0	03.5474	-0.9990	-06.6774
Discharging:	06496.0	03.5468	-0.9990	-06.6921
Discharging:	06511.0	03.5462	-0.9990	-06.7069
Discharging:	06526.0	03.5456	-0.9990	-06.7217
Discharging:	06541.0	03.5450	-0.9991	-06.7364
Discharging:	06556.0	03.5444	-0.9991	-06.7512
Discharging:	06571.0	03.5439	-0.9990	-06.7659
Discharging:	06586.0	03.5433	-0.9990	-06.7807
Discharging:	06601.0	03.5427	-0.9991	-06.7954
Discharging:	06616.0	03.5422	-0.9990	-06.8102
Discharging:	06631.0	03.5416	-0.9991	-06.8249
Discharging:	06646.0	03.5410	-0.9991	-06.8396
Discharging:	06661.0	03.5404	-0.9991	-06.8544
Discharging:	06676.0	03.5398	-0.9990	-06.8691
Discharging:	06691.0	03.5394	-0.9990	-06.8838
Discharging:	06706.0	03.5388	-0.9990	-06.8986
Discharging:	06721.0	03.5383	-0.9990	-06.9133
Discharging:	06736.0	03.5377	-0.9990	-06.9280
Discharging:	06751.0	03.5372	-0.9990	-06.9428
Discharging:	06766.0	03.5366	-0.9990	-06.9575
Discharging:	06781.0	03.5361	-0.9990	-06.9722
Discharging:	06796.0	03.5355	-0.9990	-06.9869
Discharging:	06811.0	03.5350	-0.9990	-07.0016
Discharging:	06826.0	03.5345	-0.9990	-07.0163
Discharging:	06841.0	03.5340	-0.9990	-07.0311
Discharging:	06856.0	03.5334	-0.9990	-07.0458
Discharging:	06871.0	03.5330	-0.9990	-07.0605
Discharging:	06886.0	03.5324	-0.9990	-07.0752
Discharging:	06901.0	03.5318	-0.9990	-07.0899
Discharging:	06916.0	03.5313	-0.9990	-07.1046
Discharging:	06931.0	03.5308	-0.9990	-07.1193
Discharging:	06946.0	03.5303	-0.9990	-07.1340
Discharging:	06961.0	03.5298	-0.9990	-07.1487
Discharging:	06976.0	03.5292	-0.9990	-07.1634
Discharging:	06991.0	03.5288	-0.9990	-07.1780
Discharging:	07006.0	03.5283	-0.9990	-07.1927
Discharging:	07021.0	03.5277	-0.9990	-07.2074
Discharging:	07036.0	03.5272	-0.9990	-07.2221
Discharging:	07051.0	03.5267	-0.9990	-07.2368
Discharging:	07066.0	03.5263	-0.9990	-07.2515
Discharging:	07081.0	03.5257	-0.9990	-07.2661
Discharging:	07096.0	03.5252	-0.9990	-07.2808
Discharging:	07111.0	03.5247	-0.9990	-07.2955
Discharging:	07126.0	03.5242	-0.9990	-07.3101
Discharging:	07141.0	03.5237	-0.9990	-07.3248
Discharging:	07156.0	03.5233	-0.9990	-07.3395
Discharging:	07171.0	03.5228	-0.9990	-07.3541
Discharging:	07186.0	03.5222	-0.9990	-07.3688
Discharging:	07201.0	03.5218	-0.9990	-07.3835
Discharging:	07216.0	03.5213	-0.9990	-07.3981
Discharging:	07231.0	03.5207	-0.9990	-07.4128
Discharging:	07246.0	03.5203	-0.9990	-07.4274
Discharging:	07261.0	03.5197	-0.9990	-07.4421
Discharging:	07276.0	03.5193	-0.9990	-07.4567
Discharging:	07291.0	03.5189	-0.9990	-07.4714
Discharging:	07306.0	03.5184	-0.9990	-07.4860
Discharging:	07321.0	03.5180	-0.9990	-07.5007
Discharging:	07336.0	03.5175	-0.9990	-07.5153
Discharging:	07351.0	03.5170	-0.9990	-07.5300
Discharging:	07366.0	03.5166	-0.9990	-07.5446
Discharging:	07381.0	03.5160	-0.9990	-07.5592
Discharging:	07396.0	03.5156	-0.9990	-07.5739
Discharging:	07411.0	03.5151	-0.9990	-07.5885
Discharging:	07426.0	03.5146	-0.9990	-07.6031
Discharging:	07441.0	03.5142	-0.9990	-07.6177
Discharging:	07456.0	03.5138	-0.9990	-07.6324
Discharging:	07471.0	03.5133	-0.9990	-07.6470
Discharging:	07486.0	03.5128	-0.9990	-07.6616
Discharging:	07501.0	03.5123	-0.9990	-07.6762
Discharging:	07516.0	03.5118	-0.9990	-07.6909
Discharging:	07531.0	03.5113	-0.9991	-07.7055
Discharging:	07546.0	03.5109	-0.9990	-07.7201
Discharging:	07561.0	03.5104	-0.9990	-07.7347
Discharging:	07576.0	03.5099	-0.9990	-07.7493
Discharging:	07591.0	03.5095	-0.9990	-07.7639
Discharging:	07606.0	03.5090	-0.9990	-07.7785
Discharging:	07621.0	03.5086	-0.9990	-07.7931
Discharging:	07636.0	03.5080	-0.9991	-07.8077
Discharging:	07651.0	03.5076	-0.9990	-07.8223
Discharging:	07666.0	03.5071	-0.9990	-07.8369
Discharging:	07681.0	03.5067	-0.9990	-07.8515
Discharging:	07696.0	03.5062	-0.9990	-07.8661
Discharging:	07711.0	03.5057	-0.9990	-07.8807
Discharging:	07726.0	03.5052	-0.9990	-07.8953
Discharging:	07741.0	03.5047	-0.9990	-07.9099
Discharging:	07756.0	03.5043	-0.9990	-07.9245
Discharging:	07771.0	03.5038	-0.9990	-07.9391
Discharging:	07786.0	03.5034	-0.9990	-07.9537
Discharging:	07801.0	03.5029	-0.9990	-07.9682
Discharging:	07816.0	03.5024	-0.9990	-07.9828
Discharging:	07831.0	03.5020	-0.9990	-07.9974
Discharging:	07846.0	03.5015	-0.9990	-08.0120
Discharging:	07861.0	03.5011	-0.9990	-08.0265
Discharging:	07876.0	03.5005	-0.9991	-08.0411
Discharging:	07891.0	03.5001	-0.9990	-08.0557
Discharging:	07906.0	03.4996	-0.9990	-08.0703
Discharging:	07921.0	03.4992	-0.9991	-08.0848
Discharging:	07936.0	03.4987	-0.9990	-08.0994
Discharging:	07951.0	03.4982	-0.9991	-08.1139
Discharging:	07966.0	03.4978	-0.9990	-08.1285
Discharging:	07981.0	03.4974	-0.9990	-08.1431
Discharging:	07996.0	03.4969	-0.9990	-08.1576
Discharging:	08011.0	03.4965	-0.9990	-08.1722
Discharging:	08026.0	03.4960	-0.9991	-08.1867
Discharging:	08041.0	03.4955	-0.9990	-08.2013
Discharging:	08056.0	03.4951	-0.9990	-08.2158
Discharging:	08071.0	03.4946	-0.9990	-08.2304
Discharging:	08086.0	03.4941	-0.9990	-08.2449
Discharging:	08101.0	03.4937	-0.9990	-08.2595
Discharging:	08116.0	03.4932	-0.9990	-08.2740
Discharging:	08131.0	03.4928	-0.9990	-08.2885
Discharging:	08146.0	03.4924	-0.9990	-08.3031
Discharging:	08161.0	03.4919	-0.9990	-08.3176
Discharging:	08176.0	03.4914	-0.9990	-08.3321
Discharging:	08191.0	03.4910	-0.9990	-08.3467
Discharging:	08206.0	03.4905	-0.9990	-08.3612
Discharging:	08221.0	03.4900	-0.9990	-08.3757
Discharging:	08236.0	03.4895	-0.9990	-08.3903
Discharging:	08251.0	03.4890	-0.9990	-08.4048
Discharging:	08266.0	03.4886	-0.9990	-08.4193
Discharging:	08281.0	03.4882	-0.9990	-08.4338
Discharging:	08296.0	03.4877	-0.9991	-08.4483
Discharging:	08311.0	03.4872	-0.9990	-08.4629
Discharging:	08326.0	03.4867	-0.9990	-08.4774
Discharging:	08341.0	03.4863	-0.9990	-08.4919
Discharging:	08356.0	03.4858	-0.9990	-08.5064
Discharging:	08371.0	03.4853	-0.9990	-08.5209
Discharging:	08386.0	03.4849	-0.9990	-08.5354
Discharging:	08401.0	03.4844	-0.9990	-08.5499
Discharging:	08416.0	03.4840	-0.9990	-08.5644
Discharging:	08431.0	03.4835	-0.9990	-08.5789
Discharging:	08446.0	03.4830	-0.9990	-08.5934
Discharging:	08461.0	03.4825	-0.9990	-08.6079
Discharging:	08476.0	03.4821	-0.9990	-08.6224
Discharging:	08491.0	03.4817	-0.9990	-08.6369
Discharging:	08506.0	03.4812	-0.9990	-08.6514
Discharging:	08521.0	03.4808	-0.9990	-08.6659
Discharging:	08536.0	03.4803	-0.9990	-08.6804
Discharging:	08551.0	03.4798	-0.9990	-08.6949
Discharging:	08566.0	03.4793	-0.9990	-08.7093
Discharging:	08581.0	03.4788	-0.9990	-08.7238
Discharging:	08596.0	03.4784	-0.9990	-08.7383
Discharging:	08611.0	03.4779	-0.9990	-08.7528
Discharging:	08626.0	03.4775	-0.9990	-08.7672
Discharging:	08641.0	03.4771	-0.9990	-08.7817
Discharging:	08656.0	03.4766	-0.9990	-08.7962
Discharging:	08671.0	03.4762	-0.9990	-08.8107
Discharging:	08686.0	03.4758	-0.9990	-08.8251
Discharging:	08701.0	03.4752	-0.9991	-08.8396
Discharging:	08716.0	03.4748	-0.9990	-08.8541
Discharging:	08731.0	03.4744	-0.9990	-08.8685
Discharging:	08746.0	03.4738	-0.9990	-08.8830
Discharging:	08761.0	03.4734	-0.9990	-08.8974
Discharging:	08776.0	03.4729	-0.9990	-08.9119
Discharging:	08791.0	03.4725	-0.9990	-08.9264
Discharging:	08806.0	03.4719	-0.9991	-08.9408
Discharging:	08821.0	03.4715	-0.9990	-08.9553
Discharging:	08836.0	03.4710	-0.9990	-08.9697
Discharging:	08851.0	03.4706	-0.9990	-08.9842
Discharging:	08866.0	03.4701	-0.9991	-08.9986
Discharging:	08881.0	03.4696	-0.9990	-09.0130
Discharging:	08896.0	03.4691	-0.9990	-09.0275
Discharging:	08911.0	03.4686	-0.9990	-09.0419
Discharging:	08926.0	03.4682	-0.9990	-09.0564
Discharging:	08941.0	03.4677	-0.9990	-09.0708
Discharging:	08956.0	03.4672	-0.9990	-09.0852
Discharging:	08971.0	03.4668	-0.9990	-09.0997
Discharging:	08986.0	03.4663	-0.9990	-09.1141
Discharging:	09001.0	03.4658	-0.9990	-09.1285
Discharging:	09016.0	03.4653	-0.9990	-09.1429
Discharging:	09031.0	03.4647	-0.9990	-09.1574
Discharging:	09046.0	03.4643	-0.9990	-09.1718
Discharging:	09061.0	03.4638	-0.9990	-09.1862
Discharging:	09076.0	03.4632	-0.9990	-09.2006
Discharging:	09091.0	03.4628	-0.9990	-09.2150
Discharging:	09106.0	03.4623	-0.9990	-09.2294
Discharging:	09121.0	03.4617	-0.9990	-09.2438
Discharging:	09136.0	03.4613	-0.9990	-09.2583
Discharging:	09151.0	03.4609	-0.9990	-09.2727
Discharging:	09166.0	03.4604	-0.9990	-09.2871
Discharging:	09181.0	03.4599	-0.9990	-09.3015
Discharging:	09196.0	03.4594	-0.9990	-09.3159
Discharging:	09211.0	03.4589	-0.9990	-09.3303
Discharging:	09226.0	03.4584	-0.9990	-09.3447
Discharging:	09241.0	03.4579	-0.9990	-09.3591
Discharging:	09256.0	03.4574	-0.9990	-09.3734
Discharging:	09271.0	03.4569	-0.9990	-09.3878
Discharging:	09286.0	03.4565	-0.9990	-09.4022
Discharging:	09301.0	03.4560	-0.9990	-09.4166
Discharging:	09316.0	03.4555	-0.9990	-09.4310
Discharging:	09331.0	03.4550	-0.9990	-09.4454
Discharging:	09346.0	03.4545	-0.9990	-09.4598
Discharging:	09361.0	03.4540	-0.9990	-09.4741
Discharging:	09376.0	03.4535	-0.9990	-09.4885
Discharging:	09391.0	03.4530	-0.9990	-09.5029
Discharging:	09406.0	03.4525	-0.9990	-09.5173
Discharging:	09421.0	03.4520	-0.9990	-09.5316
Discharging:	09436.0	03.4514	-0.9990	-09.5460
Discharging:	09451.0	03.4509	-0.9991	-09.5604
Discharging:	09466.0	03.4505	-0.9990	-09.5747
Discharging:	09481.0	03.4499	-0.9990	-09.5891
Discharging:	09496.0	03.4494	-0.9990	-09.6034
Discharging:	09511.0	03.4489	-0.9990	-09.6178
Discharging:	09526.0	03.4484	-0.9990	-09.6322
Discharging:	09541.0	03.4479	-0.9990	-09.6465
Discharging:	09556.0	03.4473	-0.9990	-09.6609
Discharging:	09571.0	03.4468	-0.9990	-09.6752
Discharging:	09586.0	03.4463	-0.9990	-09.6895
Discharging:	09601.0	03.4458	-0.9990	-09.7039
Discharging:	09616.0	03.4453	-0.9990	-09.7182
Discharging:	09631.0	03.4447	-0.9990	-09.7326
Discharging:	09646.0	03.4442	-0.9990	-09.7469
Discharging:	09661.0	03.4437	-0.9990	-09.7612
Discharging:	09676.0	03.4432	-0.9990	-09.7756
Discharging:	09691.0	03.4426	-0.9990	-09.7899
Discharging:	09706.0	03.4421	-0.9990	-09.8042
Discharging:	09721.0	03.4415	-0.9990	-09.8186
Discharging:	09736.0	03.4410	-0.9990	-09.8329
Discharging:	09751.0	03.4405	-0.9990	-09.8472
Discharging:	09766.0	03.4399	-0.9990	-09.8615
Discharging:	09781.0	03.4393	-0.9990	-09.8758
Discharging:	09796.0	03.4388	-0.9990	-09.8902
Discharging:	09811.0	03.4382	-0.9990	-09.9045
Discharging:	09826.0	03.4376	-0.9990	-09.9188
Discharging:	09841.0	03.4370	-0.9990	-09.9331
Discharging:	09856.0	03.4365	-0.9990	-09.9474
Discharging:	09871.0	03.4359	-0.9990	-09.9617
Discharging:	09886.0	03.4354	-0.9990	-09.9760
Discharging:	09901.0	03.4349	-0.9990	-09.9903
Discharging:	09916.0	03.4343	-0.9990	-10.0046
Discharging:	09931.0	03.4337	-0.9990	-10.0189
Discharging:	09946.0	03.4331	-0.9990	-10.0332
Discharging:	09961.0	03.4325	-0.9990	-10.0475
Discharging:	09976.0	03.4319	-0.9990	-10.0617
Discharging:	09991.0	03.4314	-0.9990	-10.0760
Discharging:	10006.0	03.4308	-0.9990	-10.0903
Discharging:	10021.0	03.4303	-0.9990	-10.1046
Discharging:	10036.0	03.4296	-0.9990	-10.1189
Discharging:	10051.0	03.4290	-0.9990	-10.1331
Discharging:	10066.0	03.4284	-0.9990	-10.1474
Discharging:	10081.0	03.4277	-0.9990	-10.1617
Discharging:	10096.0	03.4271	-0.9990	-10.1759
Discharging:	10111.0	03.4265	-0.9990	-10.1902
Discharging:	10126.0	03.4259	-0.9990	-10.2045
Discharging:	10141.0	03.4253	-0.9990	-10.2187
Discharging:	10156.0	03.4246	-0.9990	-10.2330
Discharging:	10171.0	03.4239	-0.9990	-10.2472
Discharging:	10186.0	03.4233	-0.9990	-10.2615
Discharging:	10201.0	03.4227	-0.9990	-10.2757
Discharging:	10216.0	03.4220	-0.9990	-10.2900
Discharging:	10231.0	03.4213	-0.9990	-10.3042
Discharging:	10246.0	03.4207	-0.9990	-10.3185
Discharging:	10261.0	03.4200	-0.9991	-10.3327
Discharging:	10276.0	03.4194	-0.9990	-10.3469
Discharging:	10291.0	03.4187	-0.9990	-10.3612
Discharging:	10306.0	03.4180	-0.9990	-10.3754
Discharging:	10321.0	03.4173	-0.9990	-10.3896
Discharging:	10336.0	03.4166	-0.9990	-10.4038
Discharging:	10351.0	03.4159	-0.9990	-10.4180
Discharging:	10366.0	03.4152	-0.9990	-10.4323
Discharging:	10381.0	03.4146	-0.9990	-10.4465
Discharging:	10396.0	03.4139	-0.9990	-10.4607
Discharging:	10411.0	03.4132	-0.9990	-10.4749
Discharging:	10426.0	03.4125	-0.9990	-10.4891
Discharging:	10441.0	03.4117	-0.9990	-10.5033
Discharging:	10456.0	03.4110	-0.9990	-10.5175
Discharging:	10471.0	03.4102	-0.9991	-10.5317
Discharging:	10486.0	03.4095	-0.9990	-10.5459
Discharging:	10501.0	03.4087	-0.9990	-10.5601
Discharging:	10516.0	03.4079	-0.9991	-10.5743
Discharging:	10531.0	03.4072	-0.9990	-10.5884
Discharging:	10546.0	03.4064	-0.9990	-10.6026
Discharging:	10561.0	03.4056	-0.9990	-10.6168
Discharging:	10576.0	03.4048	-0.9990	-10.6310
Discharging:	10591.0	03.4041	-0.9990	-10.6451
Discharging:	10606.0	03.4033	-0.9990	-10.6593
Discharging:	10621.0	03.4025	-0.9990	-10.6735
Discharging:	10636.0	03.4016	-0.9990	-10.6876
Discharging:	10651.0	03.4008	-0.9990	-10.7018
Discharging:	10666.0	03.4000	-0.9990	-10.7159
Discharging:	10681.0	03.3992	-0.9990	-10.7301
Discharging:	10696.0	03.3984	-0.9990	-10.7442
Discharging:	10711.0	03.3975	-0.9990	-10.7584
Discharging:	10726.0	03.3966	-0.9990	-10.7725
Discharging:	10741.0	03.3957	-0.9990	-10.7867
Discharging:	10756.0	03.3948	-0.9990	-10.8008
Discharging:	10771.0	03.3940	-0.9990	-10.8149
Discharging:	10786.0	03.3932	-0.9990	-10.8290
Discharging:	10801.0	03.3924	-0.9990	-10.8432
Discharging:	10816.0	03.3914	-0.9990	-10.8573
Discharging:	10831.0	03.3904	-0.9990	-10.8714
Discharging:	10846.0	03.3894	-0.9990	-10.8855
Discharging:	10861.0	03.3885	-0.9990	-10.8996
Discharging:	10876.0	03.3876	-0.9990	-10.9137
Discharging:	10891.0	03.3866	-0.9990	-10.9278
Discharging:	10906.0	03.3857	-0.9990	-10.9419
Discharging:	10921.0	03.3847	-0.9990	-10.9560
Discharging:	10936.0	03.3837	-0.9990	-10.9701
Discharging:	10951.0	03.3828	-0.9990	-10.9842
Discharging:	10966.0	03.3818	-0.9990	-10.9982
Discharging:	10981.0	03.3807	-0.9990	-11.0123
Discharging:	10996.0	03.3798	-0.9990	-11.0264
Discharging:	11011.0	03.3787	-0.9990	-11.0404
Discharging:	11026.0	03.3777	-0.9990	-11.0545
Discharging:	11041.0	03.3767	-0.9990	-11.0686
Discharging:	11056.0	03.3755	-0.9990	-11.0826
Discharging:	11071.0	03.3746	-0.9990	-11.0966
Discharging:	11086.0	03.3735	-0.9991	-11.1107
Discharging:	11101.0	03.3725	-0.9990	-11.1247
Discharging:	11116.0	03.3714	-0.9991	-11.1388
Discharging:	11131.0	03.3703	-0.9990	-11.1528
Discharging:	11146.0	03.3691	-0.9990	-11.1668
Discharging:	11161.0	03.3681	-0.9990	-11.1808
Discharging:	11176.0	03.3670	-0.9990	-11.1949
Discharging:	11191.0	03.3658	-0.9990	-11.2089
Discharging:	11206.0	03.3646	-0.9990	-11.2229
Discharging:	11221.0	03.3635	-0.9990	-11.2369
Discharging:	11236.0	03.3624	-0.9990	-11.2509
Discharging:	11251.0	03.3612	-0.9990	-11.2649
Discharging:	11266.0	03.3600	-0.9990	-11.2788
Discharging:	11281.0	03.3587	-0.9990	-11.2928
Discharging:	11296.0	03.3575	-0.9990	-11.3068
Discharging:	11311.0	03.3563	-0.9990	-11.3208
Discharging:	11326.0	03.3550	-0.9990	-11.3347
Discharging:	11341.0	03.3538	-0.9991	-11.3487
Discharging:	11356.0	03.3526	-0.9990	-11.3627
Discharging:	11371.0	03.3514	-0.9990	-11.3766
Discharging:	11386.0	03.3501	-0.9990	-11.3906
Discharging:	11401.0	03.3488	-0.9990	-11.4045
Discharging:	11416.0	03.3474	-0.9990	-11.4184
Discharging:	11431.0	03.3462	-0.9990	-11.4324
Discharging:	11446.0	03.3449	-0.9990	-11.4463
Discharging:	11461.0	03.3435	-0.9990	-11.4602
Discharging:	11476.0	03.3422	-0.9990	-11.4741
Discharging:	11491.0	03.3408	-0.9990	-11.4880
Discharging:	11506.0	03.3394	-0.9990	-11.5019
Discharging:	11521.0	03.3379	-0.9990	-11.5158
Discharging:	11536.0	03.3366	-0.9990	-11.5297
Discharging:	11551.0	03.3352	-0.9990	-11.5436
Discharging:	11566.0	03.3337	-0.9990	-11.5575
Discharging:	11581.0	03.3323	-0.9990	-11.5713
Discharging:	11596.0	03.3309	-0.9990	-11.5852
Discharging:	11611.0	03.3295	-0.9990	-11.5991
Discharging:	11626.0	03.3280	-0.9990	-11.6129
Discharging:	11641.0	03.3266	-0.9990	-11.6268
Discharging:	11656.0	03.3250	-0.9990	-11.6406
Discharging:	11671.0	03.3235	-0.9990	-11.6544
Discharging:	11686.0	03.3220	-0.9990	-11.6683
Discharging:	11701.0	03.3205	-0.9990	-11.6821
Discharging:	11716.0	03.3190	-0.9990	-11.6959
Discharging:	11731.0	03.3174	-0.9990	-11.7097
Discharging:	11746.0	03.3159	-0.9990	-11.7235
Discharging:	11761.0	03.3143	-0.9990	-11.7373
Discharging:	11776.0	03.3127	-0.9990	-11.7511
Discharging:	11791.0	03.3112	-0.9990	-11.7649
Discharging:	11806.0	03.3096	-0.9990	-11.7787
Discharging:	11821.0	03.3080	-0.9990	-11.7924
Discharging:	11836.0	03.3064	-0.9990	-11.8062
Discharging:	11851.0	03.3047	-0.9990	-11.8199
Discharging:	11866.0	03.3031	-0.9990	-11.8337
Discharging:	11881.0	03.3014	-0.9990	-11.8474
Discharging:	11896.0	03.2998	-0.9990	-11.8612
Discharging:	11911.0	03.2982	-0.9990	-11.8749
Discharging:	11926.0	03.2964	-0.9990	-11.8886
Discharging:	11941.0	03.2948	-0.9991	-11.9023
Discharging:	11956.0	03.2930	-0.9990	-11.9160
Discharging:	11971.0	03.2913	-0.9990	-11.9297
Discharging:	11986.0	03.2896	-0.9990	-11.9434
Discharging:	12001.0	03.2879	-0.9990	-11.9571
Discharging:	12016.0	03.2861	-0.9990	-11.9708
Discharging:	12031.0	03.2844	-0.9990	-11.9845
Discharging:	12046.0	03.2827	-0.9990	-11.9981
Discharging:	12061.0	03.2809	-0.9990	-12.0118
Discharging:	12076.0	03.2791	-0.9990	-12.0254
Discharging:	12091.0	03.2772	-0.9990	-12.0391
Discharging:	12106.0	03.2755	-0.9990	-12.0527
Discharging:	12121.0	03.2736	-0.9990	-12.0663
Discharging:	12136.0	03.2717	-0.9990	-12.0800
Discharging:	12151.0	03.2699	-0.9990	-12.0936
Discharging:	12166.0	03.2681	-0.9990	-12.1072
Discharging:	12181.0	03.2662	-0.9990	-12.1208
Discharging:	12196.0	03.2643	-0.9990	-12.1344
Discharging:	12211.0	03.2624	-0.9990	-12.1479
Discharging:	12226.0	03.2604	-0.9990	-12.1615
Discharging:	12241.0	03.2583	-0.9990	-12.1751
Discharging:	12256.0	03.2563	-0.9990	-12.1886
Discharging:	12271.0	03.2543	-0.9990	-12.2022
Discharging:	12286.0	03.2524	-0.9990	-12.2157
Discharging:	12301.0	03.2504	-0.9990	-12.2292
Discharging:	12316.0	03.2484	-0.9990	-12.2428
Discharging:	12331.0	03.2464	-0.9990	-12.2563
Discharging:	12346.0	03.2443	-0.9990	-12.2698
Discharging:	12361.0	03.2423	-0.9990	-12.2833
Discharging:	12376.0	03.2402	-0.9990	-12.2968
Discharging:	12391.0	03.2381	-0.9990	-12.3103
Discharging:	12406.0	03.2360	-0.9990	-12.3237
Discharging:	12421.0	03.2339	-0.9990	-12.3372
Discharging:	12436.0	03.2319	-0.9990	-12.3506
Discharging:	12451.0	03.2297	-0.9990	-12.3641
Discharging:	12466.0	03.2277	-0.9990	-12.3775
Discharging:	12481.0	03.2256	-0.9990	-12.3909
Discharging:	12496.0	03.2234	-0.9990	-12.4044
Discharging:	12511.0	03.2212	-0.9990	-12.4178
Discharging:	12526.0	03.2190	-0.9990	-12.4312
Discharging:	12541.0	03.2167	-0.9990	-12.4446
Discharging:	12556.0	03.2144	-0.9990	-12.4579
Discharging:	12571.0	03.2121	-0.9990	-12.4713
Discharging:	12586.0	03.2098	-0.9990	-12.4847
Discharging:	12601.0	03.2076	-0.9990	-12.4980
Discharging:	12616.0	03.2052	-0.9990	-12.5114
Discharging:	12631.0	03.2028	-0.9990	-12.5247
Discharging:	12646.0	03.2004	-0.9990	-12.5380
Discharging:	12661.0	03.1980	-0.9990	-12.5513
Discharging:	12676.0	03.1957	-0.9990	-12.5646
Discharging:	12691.0	03.1931	-0.9990	-12.5779
Discharging:	12706.0	03.1906	-0.9990	-12.5912
Discharging:	12721.0	03.1881	-0.9990	-12.6045
Discharging:	12736.0	03.1857	-0.9990	-12.6177
Discharging:	12751.0	03.1830	-0.9990	-12.6310
Discharging:	12766.0	03.1804	-0.9990	-12.6442
Discharging:	12781.0	03.1778	-0.9990	-12.6575
Discharging:	12796.0	03.1752	-0.9990	-12.6707
Discharging:	12811.0	03.1726	-0.9990	-12.6839
Discharging:	12826.0	03.1699	-0.9990	-12.6971
Discharging:	12841.0	03.1672	-0.9990	-12.7103
Discharging:	12856.0	03.1646	-0.9990	-12.7234
Discharging:	12871.0	03.1620	-0.9990	-12.7366
Discharging:	12886.0	03.1592	-0.9990	-12.7497
Discharging:	12901.0	03.1564	-0.9991	-12.7629
Discharging:	12916.0	03.1535	-0.9990	-12.7760
Discharging:	12931.0	03.1506	-0.9990	-12.7891
Discharging:	12946.0	03.1478	-0.9990	-12.8022
Discharging:	12961.0	03.1451	-0.9990	-12.8153
Discharging:	12976.0	03.1422	-0.9990	-12.8284
Discharging:	12991.0	03.1392	-0.9990	-12.8415
Discharging:	13006.0	03.1362	-0.9990	-12.8545
Discharging:	13021.0	03.1332	-0.9990	-12.8676
Discharging:	13036.0	03.1301	-0.9990	-12.8806
Discharging:	13051.0	03.1271	-0.9990	-12.8936
Discharging:	13066.0	03.1240	-0.9990	-12.9066
Discharging:	13081.0	03.1209	-0.9990	-12.9196
Discharging:	13096.0	03.1177	-0.9990	-12.9326
Discharging:	13111.0	03.1145	-0.9990	-12.9455
Discharging:	13126.0	03.1113	-0.9990	-12.9585
Discharging:	13141.0	03.1079	-0.9990	-12.9714
Discharging:	13156.0	03.1046	-0.9990	-12.9844
Discharging:	13171.0	03.1013	-0.9990	-12.9973
Discharging:	13186.0	03.0979	-0.9990	-13.0102
Discharging:	13201.0	03.0945	-0.9990	-13.0230
Discharging:	13216.0	03.0910	-0.9990	-13.0359
Discharging:	13231.0	03.0875	-0.9990	-13.0488
Discharging:	13246.0	03.0838	-0.9990	-13.0616
Discharging:	13261.0	03.0801	-0.9990	-13.0744
Discharging:	13276.0	03.0765	-0.9990	-13.0872
Discharging:	13291.0	03.0728	-0.9990	-13.1000
Discharging:	13306.0	03.0688	-0.9990	-13.1128
Discharging:	13321.0	03.0650	-0.9990	-13.1255
Discharging:	13336.0	03.0612	-0.9990	-13.1383
Discharging:	13351.0	03.0572	-0.9990	-13.1510
Discharging:	13366.0	03.0532	-0.9990	-13.1637
Discharging:	13381.0	03.0491	-0.9990	-13.1764
Discharging:	13396.0	03.0449	-0.9990	-13.1891
Discharging:	13411.0	03.0408	-0.9990	-13.2017
Discharging:	13426.0	03.0364	-0.9990	-13.2144
Discharging:	13441.0	03.0320	-0.9990	-13.2270
Discharging:	13456.0	03.0274	-0.9990	-13.2396
Discharging:	13471.0	03.0229	-0.9990	-13.2522
Discharging:	13486.0	03.0184	-0.9990	-13.2648
Discharging:	13501.0	03.0137	-0.9990	-13.2773
Discharging:	13516.0	03.0088	-0.9990	-13.2898
Discharging:	13531.0	03.0037	-0.9990	-13.3023
Discharging:	13546.0	02.9988	-0.9990	-13.3148
Recharging:	13561.0	03.2798	00.9999	000.0137
Recharging:	13576.0	03.5018	00.9997	000.0283
Recharging:	13591.0	03.5176	00.9997	000.0429
Recharging:	13606.0	03.5282	00.9998	000.0576
Recharging:	13621.0	03.5364	00.9997	000.0723
Recharging:	13636.0	03.5430	00.9997	000.0871
Recharging:	13651.0	03.5486	00.9997	000.1019
Recharging:	13666.0	03.5534	00.9998	000.1167
Recharging:	13681.0	03.5574	00.9998	000.1315
Recharging:	13696.0	03.5609	00.9997	000.1463
Recharging:	13711.0	03.5639	00.9998	000.1612
Recharging:	13726.0	03.5664	00.9997	000.1760
Recharging:	13741.0	03.5685	00.9998	000.1909
Recharging:	13756.0	03.5703	00.9998	000.2058
Recharging:	13771.0	03.5717	00.9997	000.2206
Recharging:	13786.0	03.5730	00.9998	000.2355
Recharging:	13801.0	03.5741	00.9997	000.2504
Recharging:	13816.0	03.5750	00.9997	000.2653
Recharging:	13831.0	03.5759	00.9998	000.2802
Recharging:	13846.0	03.5766	00.9997	000.2951
Recharging:	13861.0	03.5774	00.9997	000.3100
Recharging:	13876.0	03.5782	00.9998	000.3249
Recharging:	13891.0	03.5789	00.9998	000.3398
Recharging:	13906.0	03.5797	00.9998	000.3547
Recharging:	13921.0	03.5803	00.9997	000.3696
Recharging:	13936.0	03.5809	00.9998	000.3846
Recharging:	13951.0	03.5816	00.9998	000.3995
Recharging:	13966.0	03.5823	00.9997	000.4144
Recharging:	13981.0	03.5830	00.9997	000.4293
Recharging:	13996.0	03.5837	00.9998	000.4443
Recharging:	14011.0	03.5843	00.9998	000.4592
Recharging:	14026.0	03.5850	00.9997	000.4741
Recharging:	14041.0	03.5856	00.9997	000.4891
Recharging:	14056.0	03.5863	00.9997	000.5040
Recharging:	14071.0	03.5869	00.9997	000.5189
Recharging:	14086.0	03.5876	00.9997	000.5339
Recharging:	14101.0	03.5882	00.9997	000.5488
Recharging:	14116.0	03.5889	00.9998	000.5638
Recharging:	14131.0	03.5896	00.9997	000.5787
Recharging:	14146.0	03.5903	00.9997	000.5937
Recharging:	14161.0	03.5909	00.9998	000.6086
Recharging:	14176.0	03.5916	00.9997	000.6236
Recharging:	14191.0	03.5922	00.9997	000.6386
Recharging:	14206.0	03.5929	00.9997	000.6535
Recharging:	14221.0	03.5935	00.9998	000.6685
Recharging:	14236.0	03.5942	00.9998	000.6835
Recharging:	14251.0	03.5948	00.9997	000.6985
Recharging:	14266.0	03.5955	00.9997	000.7134
Recharging:	14281.0	03.5961	00.9997	000.7284
Recharging:	14296.0	03.5967	00.9997	000.7434
Recharging:	14311.0	03.5974	00.9998	000.7584
Recharging:	14326.0	03.5980	00.9997	000.7734
Recharging:	14341.0	03.5987	00.9997	000.7884
Recharging:	14356.0	03.5994	00.9997	000.8034
Recharging:	14371.0	03.6000	00.9997	000.8183
Recharging:	14386.0	03.6007	00.9997	000.8333
Recharging:	14401.0	03.6014	00.9997	000.8483
Recharging:	14416.0	03.6020	00.9997	000.8634
Recharging:	14431.0	03.6026	00.9997	000.8784
Recharging:	14446.0	03.6034	00.9997	000.8934
Recharging:	14461.0	03.6041	00.9997	000.9084
Recharging:	14476.0	03.6048	00.9997	000.9234
Recharging:	14491.0	03.6056	00.9997	000.9384
Recharging:	14506.0	03.6063	00.9998	000.9534
Recharging:	14521.0	03.6070	00.9998	000.9685
Recharging:	14536.0	03.6077	00.9997	000.9835
Recharging:	14551.0	03.6085	00.9997	000.9985
Recharging:	14566.0	03.6093	00.9998	001.0136
Recharging:	14581.0	03.6101	00.9997	001.0286
Recharging:	14596.0	03.6109	00.9997	001.0436
Recharging:	14611.0	03.6117	00.9998	001.0587
Recharging:	14626.0	03.6126	00.9997	001.0737
Recharging:	14641.0	03.6135	00.9997	001.0888
Recharging:	14656.0	03.6144	00.9998	001.1038
Recharging:	14671.0	03.6153	00.9997	001.1189
Recharging:	14686.0	03.6162	00.9997	001.1340
Recharging:	14701.0	03.6171	00.9997	001.1490
Recharging:	14716.0	03.6180	00.9997	001.1641
Recharging:	14731.0	03.6190	00.9997	001.1792
Recharging:	14746.0	03.6200	00.9997	001.1943
Recharging:	14761.0	03.6209	00.9997	001.2093
Recharging:	14776.0	03.6219	00.9997	001.2244
Recharging:	14791.0	03.6228	00.9997	001.2395
Recharging:	14806.0	03.6238	00.9997	001.2546
Recharging:	14821.0	03.6249	00.9997	001.2697
Recharging:	14836.0	03.6258	00.9998	001.2848
Recharging:	14851.0	03.6268	00.9997	001.2999
Recharging:	14866.0	03.6279	00.9997	001.3150
Recharging:	14881.0	03.6288	00.9997	001.3302
Recharging:	14896.0	03.6300	00.9997	001.3453
Recharging:	14911.0	03.6309	00.9997	001.3604
Recharging:	14926.0	03.6320	00.9997	001.3755
Recharging:	14941.0	03.6331	00.9997	001.3907
Recharging:	14956.0	03.6340	00.9998	001.4058
Recharging:	14971.0	03.6352	00.9997	001.4209
Recharging:	14986.0	03.6362	00.9997	001.4361
Recharging:	15001.0	03.6372	00.9997	001.4512
Recharging:	15016.0	03.6383	00.9997	001.4664
Recharging:	15031.0	03.6393	00.9997	001.4816
Recharging:	15046.0	03.6404	00.9998	001.4967
Recharging:	15061.0	03.6414	00.9997	001.5119
Recharging:	15076.0	03.6424	00.9998	001.5271
Recharging:	15091.0	03.6434	00.9997	001.5422
Recharging:	15106.0	03.6444	00.9997	001.5574
Recharging:	15121.0	03.6455	00.9997	001.5726
Recharging:	15136.0	03.6465	00.9997	001.5878
Recharging:	15151.0	03.6475	00.9998	001.6030
Recharging:	15166.0	03.6484	00.9998	001.6182
Recharging:	15181.0	03.6495	00.9998	001.6334
Recharging:	15196.0	03.6505	00.9997	001.6486
Recharging:	15211.0	03.6515	00.9997	001.6638
Recharging:	15226.0	03.6525	00.9998	001.6790
Recharging:	15241.0	03.6534	00.9997	001.6942
Recharging:	15256.0	03.6543	00.9997	001.7095
Recharging:	15271.0	03.6554	00.9997	001.7247
Recharging:	15286.0	03.6563	00.9997	001.7399
Recharging:	15301.0	03.6573	00.9997	001.7552
Recharging:	15316.0	03.6582	00.9998	001.7704
Recharging:	15331.0	03.6591	00.9997	001.7856
Recharging:	15346.0	03.6600	00.9997	001.8009
Recharging:	15361.0	03.6610	00.9997	001.8161
Recharging:	15376.0	03.6620	00.9997	001.8314
Recharging:	15391.0	03.6629	00.9997	001.8466
Recharging:	15406.0	03.6639	00.9998	001.8619
Recharging:	15421.0	03.6648	00.9997	001.8772
Recharging:	15436.0	03.6656	00.9998	001.8924
Recharging:	15451.0	03.6666	00.9998	001.9077
Recharging:	15466.0	03.6675	00.9997	001.9230
Recharging:	15481.0	03.6684	00.9998	001.9383
Recharging:	15496.0	03.6693	00.9997	001.9536
Recharging:	15511.0	03.6702	00.9997	001.9688
Recharging:	15526.0	03.6711	00.9997	001.9841
Recharging:	15541.0	03.6720	00.9997	001.9994
Recharging:	15556.0	03.6728	00.9997	002.0147
Recharging:	15571.0	03.6737	00.9998	002.0300
Recharging:	15586.0	03.6746	00.9998	002.0453
Recharging:	15601.0	03.6754	00.9997	002.0607
Recharging:	15616.0	03.6762	00.9997	002.0760
Recharging:	15631.0	03.6771	00.9997	002.0913
Recharging:	15646.0	03.6779	00.9998	002.1066
Recharging:	15661.0	03.6787	00.9998	002.1219
Recharging:	15676.0	03.6795	00.9998	002.1373
Recharging:	15691.0	03.6803	00.9997	002.1526
Recharging:	15706.0	03.6810	00.9997	002.1679
Recharging:	15721.0	03.6818	00.9998	002.1833
Recharging:	15736.0	03.6825	00.9998	002.1986
Recharging:	15751.0	03.6832	00.9997	002.2139
Recharging:	15766.0	03.6839	00.9998	002.2293
Recharging:	15781.0	03.6846	00.9997	002.2446
Recharging:	15796.0	03.6852	00.9998	002.2600
Recharging:	15811.0	03.6859	00.9997	002.2753
Recharging:	15826.0	03.6865	00.9997	002.2907
Recharging:	15841.0	03.6872	00.9997	002.3061
Recharging:	15856.0	03.6879	00.9997	002.3214
Recharging:	15871.0	03.6885	00.9998	002.3368
Recharging:	15886.0	03.6890	00.9998	002.3522
Recharging:	15901.0	03.6896	00.9998	002.3675
Recharging:	15916.0	03.6902	00.9997	002.3829
Recharging:	15931.0	03.6908	00.9997	002.3983
Recharging:	15946.0	03.6913	00.9998	002.4136
Recharging:	15961.0	03.6919	00.9998	002.4290
Recharging:	15976.0	03.6924	00.9998	002.4444
Recharging:	15991.0	03.6929	00.9998	002.4598
Recharging:	16006.0	03.6934	00.9998	002.4752
Recharging:	16021.0	03.6939	00.9998	002.4906
Recharging:	16036.0	03.6944	00.9998	002.5060
Recharging:	16051.0	03.6949	00.9998	002.5213
Recharging:	16066.0	03.6954	00.9997	002.5367
Recharging:	16081.0	03.6958	00.9998	002.5521
Recharging:	16096.0	03.6963	00.9997	002.5675
Recharging:	16111.0	03.6967	00.9997	002.5829
Recharging:	16126.0	03.6970	00.9997	002.5983
Recharging:	16141.0	03.6975	00.9997	002.6137
Recharging:	16156.0	03.6979	00.9997	002.6291
Recharging:	16171.0	03.6982	00.9997	002.6445
Recharging:	16186.0	03.6987	00.9997	002.6599
Recharging:	16201.0	03.6990	00.9997	002.6754
Recharging:	16216.0	03.6994	00.9998	002.6908
Recharging:	16231.0	03.6998	00.9998	002.7062
Recharging:	16246.0	03.7001	00.9998	002.7216
Recharging:	16261.0	03.7005	00.9997	002.7370
Recharging:	16276.0	03.7009	00.9997	002.7524
Recharging:	16291.0	03.7012	00.9998	002.7678
Recharging:	16306.0	03.7016	00.9998	002.7833
Recharging:	16321.0	03.7019	00.9997	002.7987
Recharging:	16336.0	03.7023	00.9998	002.8141
Recharging:	16351.0	03.7025	00.9998	002.8295
Recharging:	16366.0	03.7029	00.9997	002.8450
Recharging:	16381.0	03.7033	00.9998	002.8604
Recharging:	16396.0	03.7036	00.9997	002.8758
Recharging:	16411.0	03.7039	00.9998	002.8912
Recharging:	16426.0	03.7043	00.9997	002.9067
Recharging:	16441.0	03.7046	00.9997	002.9221
Recharging:	16456.0	03.7050	00.9998	002.9375
Recharging:	16471.0	03.7052	00.9997	002.9530
Recharging:	16486.0	03.7056	00.9997	002.9684
Recharging:	16501.0	03.7059	00.9997	002.9838
Recharging:	16516.0	03.7062	00.9997	002.9993
Recharging:	16531.0	03.7065	00.9998	003.0147
Recharging:	16546.0	03.7068	00.9997	003.0302
Recharging:	16561.0	03.7071	00.9998	003.0456
Recharging:	16576.0	03.7075	00.9998	003.0610
Recharging:	16591.0	03.7078	00.9998	003.0765
Recharging:	16606.0	03.7081	00.9998	003.0919
Recharging:	16621.0	03.7084	00.9998	003.1074
Recharging:	16636.0	03.7087	00.9997	003.1228
Recharging:	16651.0	03.7090	00.9998	003.1383
Recharging:	16666.0	03.7093	00.9998	003.1537
Recharging:	16681.0	03.7096	00.9998	003.1692
Recharging:	16696.0	03.7099	00.9998	003.1846
Recharging:	16711.0	03.7102	00.9997	003.2001
Recharging:	16726.0	03.7105	00.9997	003.2156
Recharging:	16741.0	03.7108	00.9998	003.2310
Recharging:	16756.0	03.7111	00.9998	003.2465
Recharging:	16771.0	03.7114	00.9998	003.2619
Recharging:	16786.0	03.7117	00.9997	003.2774
Recharging:	16801.0	03.7120	00.9997	003.2929
Recharging:	16816.0	03.7123	00.9998	003.3083
Recharging:	16831.0	03.7126	00.9998	003.3238
Recharging:	16846.0	03.7129	00.9998	003.3393
Recharging:	16861.0	03.7132	00.9998	003.3547
Recharging:	16876.0	03.7136	00.9997	003.3702
Recharging:	16891.0	03.7139	00.9998	003.3857
Recharging:	16906.0	03.7142	00.9998	003.4011
Recharging:	16921.0	03.7145	00.9997	003.4166
Recharging:	16936.0	03.7148	00.9997	003.4321
Recharging:	16951.0	03.7151	00.9998	003.4476
Recharging:	16966.0	03.7153	00.9998	003.4630
Recharging:	16981.0	03.7157	00.9997	003.4785
Recharging:	16996.0	03.7160	00.9998	003.4940
Recharging:	17011.0	03.7163	00.9998	003.5095
Recharging:	17026.0	03.7166	00.9998	003.5250
Recharging:	17041.0	03.7169	00.9997	003.5404
Recharging:	17056.0	03.7172	00.9997	003.5559
Recharging:	17071.0	03.7176	00.9998	003.5714
Recharging:	17086.0	03.7179	00.9997	003.5869
Recharging:	17101.0	03.7182	00.9997	003.6024
Recharging:	17116.0	03.7185	00.9997	003.6179
Recharging:	17131.0	03.7188	00.9997	003.6334
Recharging:	17146.0	03.7191	00.9997	003.6489
Recharging:	17161.0	03.7195	00.9998	003.6643
Recharging:	17176.0	03.7197	00.9998	003.6798
Recharging:	17191.0	03.7201	00.9998	003.6953
Recharging:	17206.0	03.7204	00.9998	003.7108
Recharging:	17221.0	03.7207	00.9997	003.7263
Recharging:	17236.0	03.7210	00.9998	003.7418
Recharging:	17251.0	03.7213	00.9997	003.7573
Recharging:	17266.0	03.7217	00.9997	003.7728
Recharging:	17281.0	03.7220	00.9997	003.7883
Recharging:	17296.0	03.7223	00.9997	003.8039
Recharging:	17311.0	03.7226	00.9998	003.8194
Recharging:	17326.0	03.7229	00.9998	003.8349
Recharging:	17341.0	03.7233	00.9998	003.8504
Recharging:	17356.0	03.7236	00.9998	003.8659
Recharging:	17371.0	03.7239	00.9997	003.8814
Recharging:	17386.0	03.7243	00.9998	003.8969
Recharging:	17401.0	03.7246	00.9997	003.9124
Recharging:	17416.0	03.7249	00.9998	003.9279
Recharging:	17431.0	03.7253	00.9998	003.9435
Recharging:	17446.0	03.7256	00.9997	003.9590
Recharging:	17461.0	03.7259	00.9998	003.9745
Recharging:	17476.0	03.7262	00.9998	003.9900
Recharging:	17491.0	03.7265	00.9998	004.0056
Recharging:	17506.0	03.7269	00.9997	004.0211
Recharging:	17521.0	03.7272	00.9997	004.0366
Recharging:	17536.0	03.7275	00.9998	004.0521
Recharging:	17551.0	03.7278	00.9998	004.0677
Recharging:	17566.0	03.7282	00.9997	004.0832
Recharging:	17581.0	03.7285	00.9998	004.0987
Recharging:	17596.0	03.7288	00.9997	004.1143
Recharging:	17611.0	03.7292	00.9998	004.1298
Recharging:	17626.0	03.7295	00.9997	004.1453
Recharging:	17641.0	03.7299	00.9997	004.1609
Recharging:	17656.0	03.7302	00.9998	004.1764
Recharging:	17671.0	03.7305	00.9997	004.1919
Recharging:	17686.0	03.7309	00.9997	004.2075
Recharging:	17701.0	03.7312	00.9998	004.2230
Recharging:	17716.0	03.7315	00.9998	004.2386
Recharging:	17731.0	03.7319	00.9998	004.2541
Recharging:	17746.0	03.7322	00.9998	004.2697
Recharging:	17761.0	03.7325	00.9998	004.2852
Recharging:	17776.0	03.7329	00.9998	004.3008
Recharging:	17791.0	03.7333	00.9997	004.3163
Recharging:	17806.0	03.7336	00.9997	004.3319
Recharging:	17821.0	03.7339	00.9997	004.3474
Recharging:	17836.0	03.7343	00.9997	004.3630
Recharging:	17851.0	03.7346	00.9998	004.3785
Recharging:	17866.0	03.7349	00.9997	004.3941
Recharging:	17881.0	03.7353	00.9998	004.4096
Recharging:	17896.0	03.7356	00.9997	004.4252
Recharging:	17911.0	03.7360	00.9997	004.4408
Recharging:	17926.0	03.7363	00.9997	004.4563
Recharging:	17941.0	03.7367	00.9997	004.4719
Recharging:	17956.0	03.7371	00.9997	004.4875
Recharging:	17971.0	03.7374	00.9998	004.5030
Recharging:	17986.0	03.7378	00.9998	004.5186
Recharging:	18001.0	03.7381	00.9997	004.5342
Recharging:	18016.0	03.7386	00.9998	004.5498
Recharging:	18031.0	03.7389	00.9997	004.5653
Recharging:	18046.0	03.7392	00.9998	004.5809
Recharging:	18061.0	03.7395	00.9998	004.5965
Recharging:	18076.0	03.7399	00.9997	004.6121
Recharging:	18091.0	03.7403	00.9997	004.6276
Recharging:	18106.0	03.7407	00.9998	004.6432
Recharging:	18121.0	03.7410	00.9998	004.6588
Recharging:	18136.0	03.7414	00.9998	004.6744
Recharging:	18151.0	03.7417	00.9998	004.6900
Recharging:	18166.0	03.7420	00.9998	004.7056
Recharging:	18181.0	03.7424	00.9998	004.7212
Recharging:	18196.0	03.7428	00.9998	004.7367
Recharging:	18211.0	03.7431	00.9998	004.7523
Recharging:	18226.0	03.7435	00.9998	004.7679
Recharging:	18241.0	03.7439	00.9997	004.7835
Recharging:	18256.0	03.7442	00.9997	004.7991
Recharging:	18271.0	03.7445	00.9997	004.8147
Recharging:	18286.0	03.7450	00.9997	004.8303
Recharging:	18301.0	03.7454	00.9998	004.8459
Recharging:	18316.0	03.7457	00.9997	004.8615
Recharging:	18331.0	03.7461	00.9998	004.8771
Recharging:	18346.0	03.7465	00.9997	004.8927
Recharging:	18361.0	03.7469	00.9997	004.9083
Recharging:	18376.0	03.7473	00.9998	004.9240
Recharging:	18391.0	03.7476	00.9998	004.9396
Recharging:	18406.0	03.7480	00.9998	004.9552
Recharging:	18421.0	03.7483	00.9997	004.9708
Recharging:	18436.0	03.7488	00.9997	004.9864
Recharging:	18451.0	03.7492	00.9997	005.0020
Recharging:	18466.0	03.7496	00.9998	005.0176
Recharging:	18481.0	03.7498	00.9997	005.0333
Recharging:	18496.0	03.7503	00.9997	005.0489
Recharging:	18511.0	03.7507	00.9998	005.0645
Recharging:	18526.0	03.7511	00.9997	005.0801
Recharging:	18541.0	03.7515	00.9998	005.0958
Recharging:	18556.0	03.7518	00.9998	005.1114
Recharging:	18571.0	03.7523	00.9998	005.1270
Recharging:	18586.0	03.7526	00.9997	005.1427
Recharging:	18601.0	03.7530	00.9998	005.1583
Recharging:	18616.0	03.7534	00.9998	005.1739
Recharging:	18631.0	03.7538	00.9997	005.1896
Recharging:	18646.0	03.7542	00.9998	005.2052
Recharging:	18661.0	03.7546	00.9998	005.2208
Recharging:	18676.0	03.7550	00.9998	005.2365
Recharging:	18691.0	03.7553	00.9998	005.2521
Recharging:	18706.0	03.7558	00.9997	005.2678
Recharging:	18721.0	03.7561	00.9998	005.2834
Recharging:	18736.0	03.7566	00.9997	005.2991
Recharging:	18751.0	03.7570	00.9997	005.3147
Recharging:	18766.0	03.7574	00.9998	005.3304
Recharging:	18781.0	03.7578	00.9997	005.3460
Recharging:	18796.0	03.7582	00.9997	005.3617
Recharging:	18811.0	03.7586	00.9997	005.3773
Recharging:	18826.0	03.7590	00.9997	005.3930
Recharging:	18841.0	03.7595	00.9998	005.4087
Recharging:	18856.0	03.7598	00.9997	005.4243
Recharging:	18871.0	03.7603	00.9998	005.4400
Recharging:	18886.0	03.7607	00.9997	005.4556
Recharging:	18901.0	03.7612	00.9997	005.4713
Recharging:	18916.0	03.7616	00.9998	005.4870
Recharging:	18931.0	03.7620	00.9997	005.5027
Recharging:	18946.0	03.7624	00.9997	005.5183
Recharging:	18961.0	03.7628	00.9997	005.5340
Recharging:	18976.0	03.7632	00.9998	005.5497
Recharging:	18991.0	03.7637	00.9998	005.5654
Recharging:	19006.0	03.7640	00.9998	005.5810
Recharging:	19021.0	03.7645	00.9997	005.5967
Recharging:	19036.0	03.7649	00.9998	005.6124
Recharging:	19051.0	03.7654	00.9998	005.6281
Recharging:	19066.0	03.7659	00.9998	005.6438
Recharging:	19081.0	03.7662	00.9998	005.6595
Recharging:	19096.0	03.7667	00.9998	005.6752
Recharging:	19111.0	03.7671	00.9998	005.6908
Recharging:	19126.0	03.7675	00.9998	005.7065
Recharging:	19141.0	03.7679	00.9997	005.7222
Recharging:	19156.0	03.7683	00.9998	005.7379
Recharging:	19171.0	03.7689	00.9998	005.7536
Recharging:	19186.0	03.7694	00.9998	005.7693
Recharging:	19201.0	03.7698	00.9998	005.7850
Recharging:	19216.0	03.7702	00.9997	005.8007
Recharging:	19231.0	03.7707	00.9997	005.8164
Recharging:	19246.0	03.7711	00.9998	005.8322
Recharging:	19261.0	03.7716	00.9997	005.8479
Recharging:	19276.0	03.7721	00.9997	005.8636
Recharging:	19291.0	03.7725	00.9998	005.8793
Recharging:	19306.0	03.7729	00.9997	005.8950
Recharging:	19321.0	03.7735	00.9998	005.9107
Recharging:	19336.0	03.7740	00.9998	005.9265
Recharging:	19351.0	03.7745	00.9997	005.9422
Recharging:	19366.0	03.7750	00.9998	005.9579
Recharging:	19381.0	03.7754	00.9998	005.9736
Recharging:	19396.0	03.7759	00.9998	005.9894
Recharging:	19411.0	03.7763	00.9998	006.0051
Recharging:	19426.0	03.7768	00.9997	006.0208
Recharging:	19441.0	03.7773	00.9998	006.0366
Recharging:	19456.0	03.7778	00.9997	006.0523
Recharging:	19471.0	03.7783	00.9997	006.0680
Recharging:	19486.0	03.7788	00.9997	006.0838
Recharging:	19501.0	03.7793	00.9997	006.0995
Recharging:	19516.0	03.7799	00.9997	006.1153
Recharging:	19531.0	03.7804	00.9998	006.1310
Recharging:	19546.0	03.7809	00.9997	006.1468
Recharging:	19561.0	03.7814	00.9998	006.1625
Recharging:	19576.0	03.7820	00.9998	006.1783
Recharging:	19591.0	03.7825	00.9997	006.1940
Recharging:	19606.0	03.7829	00.9997	006.2098
Recharging:	19621.0	03.7835	00.9998	006.2255
Recharging:	19636.0	03.7840	00.9997	006.2413
Recharging:	19651.0	03.7846	00.9997	006.2571
Recharging:	19666.0	03.7851	00.9997	006.2728
Recharging:	19681.0	03.7856	00.9997	006.2886
Recharging:	19696.0	03.7861	00.9997	006.3044
Recharging:	19711.0	03.7868	00.9997	006.3202
Recharging:	19726.0	03.7873	00.9997	006.3359
Recharging:	19741.0	03.7878	00.9998	006.3517
Recharging:	19756.0	03.7884	00.9998	006.3675
Recharging:	19771.0	03.7890	00.9998	006.3833
Recharging:	19786.0	03.7896	00.9997	006.3991
Recharging:	19801.0	03.7901	00.9997	006.4148
Recharging:	19816.0	03.7906	00.9997	006.4306
Recharging:	19831.0	03.7912	00.9998	006.4464
Recharging:	19846.0	03.7918	00.9998	006.4622
Recharging:	19861.0	03.7924	00.9997	006.4780
Recharging:	19876.0	03.7929	00.9998	006.4938
Recharging:	19891.0	03.7935	00.9997	006.5096
Recharging:	19906.0	03.7941	00.9998	006.5254
Recharging:	19921.0	03.7947	00.9997	006.5412
Recharging:	19936.0	03.7954	00.9998	006.5570
Recharging:	19951.0	03.7959	00.9997	006.5729
Recharging:	19966.0	03.7965	00.9997	006.5887
Recharging:	19981.0	03.7971	00.9998	006.6045
Recharging:	19996.0	03.7977	00.9997	006.6203
Recharging:	20011.0	03.7983	00.9998	006.6361
Recharging:	20026.0	03.7990	00.9998	006.6520
Recharging:	20041.0	03.7997	00.9997	006.6678
Recharging:	20056.0	03.8003	00.9998	006.6836
Recharging:	20071.0	03.8010	00.9997	006.6994
Recharging:	20086.0	03.8016	00.9997	006.7153
Recharging:	20101.0	03.8022	00.9998	006.7311
Recharging:	20116.0	03.8028	00.9997	006.7470
Recharging:	20131.0	03.8034	00.9997	006.7628
Recharging:	20146.0	03.8041	00.9997	006.7787
Recharging:	20161.0	03.8047	00.9997	006.7945
Recharging:	20176.0	03.8053	00.9998	006.8104
Recharging:	20191.0	03.8060	00.9997	006.8262
Recharging:	20206.0	03.8066	00.9998	006.8421
Recharging:	20221.0	03.8072	00.9998	006.8579
Recharging:	20236.0	03.8078	00.9997	006.8738
Recharging:	20251.0	03.8084	00.9998	006.8896
Recharging:	20266.0	03.8090	00.9998	006.9055
Recharging:	20281.0	03.8096	00.9997	006.9214
Recharging:	20296.0	03.8103	00.9997	006.9373
Recharging:	20311.0	03.8109	00.9998	006.9531
Recharging:	20326.0	03.8115	00.9997	006.9690
Recharging:	20341.0	03.8122	00.9997	006.9849
Recharging:	20356.0	03.8128	00.9998	007.0008
Recharging:	20371.0	03.8135	00.9997	007.0167
Recharging:	20386.0	03.8141	00.9998	007.0325
Recharging:	20401.0	03.8147	00.9998	007.0484
Recharging:	20416.0	03.8154	00.9998	007.0643
Recharging:	20431.0	03.8160	00.9997	007.0802
Recharging:	20446.0	03.8167	00.9997	007.0961
Recharging:	20461.0	03.8173	00.9998	007.1120
Recharging:	20476.0	03.8180	00.9997	007.1279
Recharging:	20491.0	03.8187	00.9998	007.1438
Recharging:	20506.0	03.8193	00.9997	007.1597
Recharging:	20521.0	03.8199	00.9998	007.1757
Recharging:	20536.0	03.8206	00.9998	007.1916
Recharging:	20551.0	03.8213	00.9998	007.2075
Recharging:	20566.0	03.8218	00.9998	007.2234
Recharging:	20581.0	03.8225	00.9997	007.2393
Recharging:	20596.0	03.8231	00.9998	007.2553
Recharging:	20611.0	03.8238	00.9997	007.2712
Recharging:	20626.0	03.8244	00.9997	007.2871
Recharging:	20641.0	03.8250	00.9997	007.3031
Recharging:	20656.0	03.8257	00.9997	007.3190
Recharging:	20671.0	03.8263	00.9998	007.3349
Recharging:	20686.0	03.8270	00.9997	007.3509
Recharging:	20701.0	03.8276	00.9997	007.3668
Recharging:	20716.0	03.8283	00.9997	007.3828
Recharging:	20731.0	03.8289	00.9998	007.3987
Recharging:	20746.0	03.8296	00.9997	007.4147
Recharging:	20761.0	03.8302	00.9997	007.4306
Recharging:	20776.0	03.8308	00.9997	007.4466
Recharging:	20791.0	03.8315	00.9997	007.4625
Recharging:	20806.0	03.8321	00.9997	007.4785
Recharging:	20821.0	03.8327	00.9998	007.4945
Recharging:	20836.0	03.8334	00.9998	007.5104
Recharging:	20851.0	03.8341	00.9997	007.5264
Recharging:	20866.0	03.8346	00.9998	007.5424
Recharging:	20881.0	03.8353	00.9997	007.5584
Recharging:	20896.0	03.8359	00.9998	007.5743
Recharging:	20911.0	03.8365	00.9998	007.5903
Recharging:	20926.0	03.8372	00.9997	007.6063
Recharging:	20941.0	03.8379	00.9998	007.6223
Recharging:	20956.0	03.8385	00.9997	007.6383
Recharging:	20971.0	03.8392	00.9998	007.6543
Recharging:	20986.0	03.8398	00.9997	007.6703
Recharging:	21001.0	03.8405	00.9997	007.6863
Recharging:	21016.0	03.8411	00.9997	007.7023
Recharging:	21031.0	03.8418	00.9998	007.7183
Recharging:	21046.0	03.8424	00.9998	007.7343
Recharging:	21061.0	03.8431	00.9997	007.7503
Recharging:	21076.0	03.8438	00.9998	007.7663
Recharging:	21091.0	03.8444	00.9997	007.7823
Recharging:	21106.0	03.8450	00.9998	007.7983
Recharging:	21121.0	03.8457	00.9997	007.8143
Recharging:	21136.0	03.8464	00.9998	007.8304
Recharging:	21151.0	03.8470	00.9998	007.8464
Recharging:	21166.0	03.8476	00.9997	007.8624
Recharging:	21181.0	03.8483	00.9998	007.8785
Recharging:	21196.0	03.8490	00.9997	007.8945
Recharging:	21211.0	03.8496	00.9998	007.9105
Recharging:	21226.0	03.8502	00.9998	007.9266
Recharging:	21241.0	03.8509	00.9998	007.9426
Recharging:	21256.0	03.8515	00.9998	007.9586
Recharging:	21271.0	03.8522	00.9998	007.9747
Recharging:	21286.0	03.8529	00.9997	007.9907
Recharging:	21301.0	03.8536	00.9997	008.0068
Recharging:	21316.0	03.8543	00.9997	008.0229
Recharging:	21331.0	03.8549	00.9997	008.0389
Recharging:	21346.0	03.8556	00.9997	008.0550
Recharging:	21361.0	03.8562	00.9997	008.0710
Recharging:	21376.0	03.8570	00.9997	008.0871
Recharging:	21391.0	03.8576	00.9997	008.1032
Recharging:	21406.0	03.8583	00.9997	008.1192
Recharging:	21421.0	03.8590	00.9997	008.1353
Recharging:	21436.0	03.8597	00.9997	008.1514
Recharging:	21451.0	03.8605	00.9998	008.1675
Recharging:	21466.0	03.8612	00.9997	008.1836
Recharging:	21481.0	03.8619	00.9998	008.1996
Recharging:	21496.0	03.8626	00.9998	008.2157
Recharging:	21511.0	03.8632	00.9997	008.2318
Recharging:	21526.0	03.8639	00.9997	008.2479
Recharging:	21541.0	03.8646	00.9997	008.2640
Recharging:	21556.0	03.8653	00.9997	008.2801
Recharging:	21571.0	03.8660	00.9997	008.2962
Recharging:	21586.0	03.8668	00.9998	008.3123
Recharging:	21601.0	03.8675	00.9997	008.3284
Recharging:	21616.0	03.8682	00.9998	008.3446
Recharging:	21631.0	03.8689	00.9998	008.3607
Recharging:	21646.0	03.8697	00.9997	008.3768
Recharging:	21661.0	03.8704	00.9997	008.3929
Recharging:	21676.0	03.8711	00.9997	008.4090
Recharging:	21691.0	03.8718	00.9997	008.4252
Recharging:	21706.0	03.8726	00.9997	008.4413
Recharging:	21721.0	03.8733	00.9997	008.4574
Recharging:	21736.0	03.8740	00.9997	008.4736
Recharging:	21751.0	03.8747	00.9997	008.4897
Recharging:	21766.0	03.8755	00.9998	008.5059
Recharging:	21781.0	03.8762	00.9998	008.5220
Recharging:	21796.0	03.8770	00.9998	008.5382
Recharging:	21811.0	03.8777	00.9998	008.5543
Recharging:	21826.0	03.8784	00.9997	008.5705
Recharging:	21841.0	03.8791	00.9997	008.5866
Recharging:	21856.0	03.8799	00.9997	008.6028
Recharging:	21871.0	03.8807	00.9997	008.6190
Recharging:	21886.0	03.8815	00.9997	008.6351
Recharging:	21901.0	03.8821	00.9998	008.6513
Recharging:	21916.0	03.8830	00.9997	008.6675
Recharging:	21931.0	03.8837	00.9997	008.6836
Recharging:	21946.0	03.8844	00.9997	008.6998
Recharging:	21961.0	03.8852	00.9998	008.7160
Recharging:	21976.0	03.8860	00.9998	008.7322
Recharging:	21991.0	03.8867	00.9997	008.7484
Recharging:	22006.0	03.8874	00.9998	008.7646
Recharging:	22021.0	03.8883	00.9997	008.7808
Recharging:	22036.0	03.8890	00.9997	008.7970
Recharging:	22051.0	03.8898	00.9998	008.8132
Recharging:	22066.0	03.8906	00.9997	008.8294
Recharging:	22081.0	03.8914	00.9998	008.8456
Recharging:	22096.0	03.8921	00.9997	008.8618
Recharging:	22111.0	03.8929	00.9998	008.8780
Recharging:	22126.0	03.8937	00.9997	008.8942
Recharging:	22141.0	03.8945	00.9997	008.9105
Recharging:	22156.0	03.8953	00.9997	008.9267
Recharging:	22171.0	03.8961	00.9997	008.9429
Recharging:	22186.0	03.8968	00.9997	008.9592
Recharging:	22201.0	03.8976	00.9998	008.9754
Recharging:	22216.0	03.8984	00.9998	008.9916
Recharging:	22231.0	03.8992	00.9998	009.0079
Recharging:	22246.0	03.9000	00.9997	009.0241
Recharging:	22261.0	03.9008	00.9997	009.0404
Recharging:	22276.0	03.9017	00.9998	009.0566
Recharging:	22291.0	03.9024	00.9998	009.0729
Recharging:	22306.0	03.9032	00.9998	009.0891
Recharging:	22321.0	03.9040	00.9997	009.1054
Recharging:	22336.0	03.9048	00.9997	009.1217
Recharging:	22351.0	03.9056	00.9998	009.1379
Recharging:	22366.0	03.9064	00.9997	009.1542
Recharging:	22381.0	03.9072	00.9998	009.1705
Recharging:	22396.0	03.9080	00.9997	009.1868
Recharging:	22411.0	03.9088	00.9998	009.2030
Recharging:	22426.0	03.9096	00.9997	009.2193
Recharging:	22441.0	03.9105	00.9997	009.2356
Recharging:	22456.0	03.9113	00.9998	009.2519
Recharging:	22471.0	03.9122	00.9997	009.2682
Recharging:	22486.0	03.9130	00.9997	009.2845
Recharging:	22501.0	03.9137	00.9997	009.3008
Recharging:	22516.0	03.9146	00.9997	009.3171
Recharging:	22531.0	03.9155	00.9998	009.3334
Recharging:	22546.0	03.9163	00.9998	009.3497
Recharging:	22561.0	03.9172	00.9997	009.3661
Recharging:	22576.0	03.9179	00.9997	009.3824
Recharging:	22591.0	03.9188	00.9997	009.3987
Recharging:	22606.0	03.9196	00.9997	009.4150
Recharging:	22621.0	03.9205	00.9998	009.4314
Recharging:	22636.0	03.9213	00.9997	009.4477
Recharging:	22651.0	03.9222	00.9997	009.4640
Recharging:	22666.0	03.9230	00.9998	009.4804
Recharging:	22681.0	03.9238	00.9998	009.4967
Recharging:	22696.0	03.9247	00.9997	009.5131
Recharging:	22711.0	03.9256	00.9998	009.5294
Recharging:	22726.0	03.9265	00.9997	009.5458
Recharging:	22741.0	03.9273	00.9997	009.5621
Recharging:	22756.0	03.9281	00.9997	009.5785
Recharging:	22771.0	03.9290	00.9997	009.5949
Recharging:	22786.0	03.9298	00.9998	009.6112
Recharging:	22801.0	03.9307	00.9998	009.6276
Recharging:	22816.0	03.9316	00.9998	009.6440
Recharging:	22831.0	03.9325	00.9998	009.6604
Recharging:	22846.0	03.9332	00.9998	009.6768
Recharging:	22861.0	03.9341	00.9998	009.6931
Recharging:	22876.0	03.9350	00.9998	009.7095
Recharging:	22891.0	03.9358	00.9997	009.7259
Recharging:	22906.0	03.9367	00.9998	009.7423
Recharging:	22921.0	03.9376	00.9998	009.7587
Recharging:	22936.0	03.9384	00.9998	009.7751
Recharging:	22951.0	03.9392	00.9997	009.7916
Recharging:	22966.0	03.9402	00.9998	009.8080
Recharging:	22981.0	03.9410	00.9997	009.8244
Recharging:	22996.0	03.9419	00.9997	009.8408
Recharging:	23011.0	03.9429	00.9998	009.8572
Recharging:	23026.0	03.9438	00.9998	009.8737
Recharging:	23041.0	03.9446	00.9998	009.8901
Recharging:	23056.0	03.9455	00.9997	009.9065
Recharging:	23071.0	03.9464	00.9997	009.9230
Recharging:	23086.0	03.9472	00.9997	009.9394
Recharging:	23101.0	03.9482	00.9997	009.9559
Recharging:	23116.0	03.9490	00.9998	009.9723
Recharging:	23131.0	03.9499	00.9998	009.9888
Recharging:	23146.0	03.9508	00.9997	010.0052
Recharging:	23161.0	03.9517	00.9998	010.0217
Recharging:	23176.0	03.9526	00.9998	010.0381
Recharging:	23191.0	03.9536	00.9997	010.0546
Recharging:	23206.0	03.9544	00.9997	010.0711
Recharging:	23221.0	03.9553	00.9998	010.0876
Recharging:	23236.0	03.9562	00.9998	010.1040
Recharging:	23251.0	03.9571	00.9997	010.1205
Recharging:	23266.0	03.9580	00.9998	010.1370
Recharging:	23281.0	03.9589	00.9997	010.1535
Recharging:	23296.0	03.9598	00.9997	010.1700
Recharging:	23311.0	03.9608	00.9998	010.1865
Recharging:	23326.0	03.9616	00.9998	010.2030
Recharging:	23341.0	03.9625	00.9998	010.2195
Recharging:	23356.0	03.9635	00.9998	010.2360
Recharging:	23371.0	03.9644	00.9997	010.2525
Recharging:	23386.0	03.9652	00.9997	010.2690
Recharging:	23401.0	03.9662	00.9998	010.2856
Recharging:	23416.0	03.9671	00.9998	010.3021
Recharging:	23431.0	03.9680	00.9997	010.3186
Recharging:	23446.0	03.9689	00.9997	010.3352
Recharging:	23461.0	03.9698	00.9997	010.3517
Recharging:	23476.0	03.9707	00.9998	010.3682
Recharging:	23491.0	03.9716	00.9998	010.3848
Recharging:	23506.0	03.9725	00.9998	010.4013
Recharging:	23521.0	03.9735	00.9998	010.4179
Recharging:	23536.0	03.9744	00.9998	010.4344
Recharging:	23551.0	03.9752	00.9998	010.4510
Recharging:	23566.0	03.9762	00.9998	010.4676
Recharging:	23581.0	03.9771	00.9998	010.4841
Recharging:	23596.0	03.9780	00.9997	010.5007
Recharging:	23611.0	03.9789	00.9997	010.5173
Recharging:	23626.0	03.9798	00.9997	010.5338
Recharging:	23641.0	03.9807	00.9997	010.5504
Recharging:	23656.0	03.9817	00.9998	010.5670
Recharging:	23671.0	03.9826	00.9997	010.5836
Recharging:	23686.0	03.9835	00.9997	010.6002
Recharging:	23701.0	03.9845	00.9997	010.6168
Recharging:	23716.0	03.9854	00.9998	010.6334
Recharging:	23731.0	03.9864	00.9998	010.6500
Recharging:	23746.0	03.9874	00.9997	010.6666
Recharging:	23761.0	03.9883	00.9998	010.6832
Recharging:	23776.0	03.9892	00.9997	010.6998
Recharging:	23791.0	03.9901	00.9997	010.7165
Recharging:	23806.0	03.9910	00.9998	010.7331
Recharging:	23821.0	03.9920	00.9997	010.7497
Recharging:	23836.0	03.9930	00.9998	010.7664
Recharging:	23851.0	03.9940	00.9998	010.7830
Recharging:	23866.0	03.9949	00.9998	010.7996
Recharging:	23881.0	03.9958	00.9997	010.8163
Recharging:	23896.0	03.9968	00.9998	010.8329
Recharging:	23911.0	03.9977	00.9997	010.8496
Recharging:	23926.0	03.9987	00.9998	010.8662
Recharging:	23941.0	03.9997	00.9998	010.8829
Recharging:	23956.0	04.0006	00.9998	010.8996
Recharging:	23971.0	04.0015	00.9997	010.9162
Recharging:	23986.0	04.0025	00.9997	010.9329
Recharging:	24001.0	04.0035	00.9998	010.9496
Recharging:	24016.0	04.0045	00.9998	010.9663
Recharging:	24031.0	04.0054	00.9998	010.9829
Recharging:	24046.0	04.0063	00.9998	010.9996
Recharging:	24061.0	04.0073	00.9997	011.0163
Recharging:	24076.0	04.0083	00.9998	011.0330
Recharging:	24091.0	04.0093	00.9997	011.0497
Recharging:	24106.0	04.0102	00.9997	011.0664
Recharging:	24121.0	04.0111	00.9998	011.0831
Recharging:	24136.0	04.0121	00.9997	011.0999
Recharging:	24151.0	04.0130	00.9997	011.1166
Recharging:	24166.0	04.0140	00.9998	011.1333
Recharging:	24181.0	04.0150	00.9998	011.1500
Recharging:	24196.0	04.0159	00.9997	011.1667
Recharging:	24211.0	04.0168	00.9997	011.1835
Recharging:	24226.0	04.0178	00.9998	011.2002
Recharging:	24241.0	04.0188	00.9998	011.2170
Recharging:	24256.0	04.0197	00.9997	011.2337
Recharging:	24271.0	04.0207	00.9997	011.2504
Recharging:	24286.0	04.0216	00.9998	011.2672
Recharging:	24301.0	04.0227	00.9998	011.2840
Recharging:	24316.0	04.0236	00.9997	011.3007
Recharging:	24331.0	04.0246	00.9997	011.3175
Recharging:	24346.0	04.0256	00.9997	011.3343
Recharging:	24361.0	04.0266	00.9998	011.3510
Recharging:	24376.0	04.0276	00.9998	011.3678
Recharging:	24391.0	04.0286	00.9997	011.3846
Recharging:	24406.0	04.0295	00.9998	011.4014
Recharging:	24421.0	04.0305	00.9997	011.4182
Recharging:	24436.0	04.0315	00.9997	011.4350
Recharging:	24451.0	04.0324	00.9998	011.4518
Recharging:	24466.0	04.0335	00.9997	011.4686
Recharging:	24481.0	04.0345	00.9997	011.4854
Recharging:	24496.0	04.0354	00.9997	011.5022
Recharging:	24511.0	04.0364	00.9997	011.5190
Recharging:	24526.0	04.0374	00.9997	011.5358
Recharging:	24541.0	04.0384	00.9997	011.5526
Recharging:	24556.0	04.0393	00.9998	011.5695
Recharging:	24571.0	04.0403	00.9997	011.5863
Recharging:	24586.0	04.0413	00.9998	011.6031
Recharging:	24601.0	04.0423	00.9998	011.6200
Recharging:	24616.0	04.0433	00.9998	011.6368
Recharging:	24631.0	04.0443	00.9998	011.6536
Recharging:	24646.0	04.0453	00.9997	011.6705
Recharging:	24661.0	04.0463	00.9998	011.6874
Recharging:	24676.0	04.0473	00.9998	011.7042
Recharging:	24691.0	04.0483	00.9997	011.7211
Recharging:	24706.0	04.0493	00.9998	011.7379
Recharging:	24721.0	04.0503	00.9998	011.7548
Recharging:	24736.0	04.0512	00.9997	011.7717
Recharging:	24751.0	04.0523	00.9997	011.7886
Recharging:	24766.0	04.0533	00.9998	011.8055
Recharging:	24781.0	04.0543	00.9998	011.8223
Recharging:	24796.0	04.0553	00.9997	011.8392
Recharging:	24811.0	04.0563	00.9997	011.8561
Recharging:	24826.0	04.0572	00.9998	011.8730
Recharging:	24841.0	04.0582	00.9997	011.8899
Recharging:	24856.0	04.0592	00.9998	011.9068
Recharging:	24871.0	04.0602	00.9997	011.9238
Recharging:	24886.0	04.0613	00.9997	011.9407
Recharging:	24901.0	04.0623	00.9998	011.9576
Recharging:	24916.0	04.0632	00.9997	011.9745
Recharging:	24931.0	04.0643	00.9998	011.9915
Recharging:	24946.0	04.0653	00.9998	012.0084
Recharging:	24961.0	04.0664	00.9997	012.0253
Recharging:	24976.0	04.0675	00.9998	012.0423
Recharging:	24991.0	04.0684	00.9998	012.0592
Recharging:	25006.0	04.0695	00.9998	012.0762
Recharging:	25021.0	04.0706	00.9998	012.0931
Recharging:	25036.0	04.0716	00.9998	012.1101
Recharging:	25051.0	04.0726	00.9997	012.1271
Recharging:	25066.0	04.0736	00.9997	012.1440
Recharging:	25081.0	04.0746	00.9998	012.1610
Recharging:	25096.0	04.0756	00.9997	012.1780
Recharging:	25111.0	04.0767	00.9998	012.1950
Recharging:	25126.0	04.0777	00.9997	012.2119
Recharging:	25141.0	04.0786	00.9997	012.2289
Recharging:	25156.0	04.0797	00.9997	012.2459
Recharging:	25171.0	04.0808	00.9997	012.2629
Recharging:	25186.0	04.0819	00.9998	012.2799
Recharging:	25201.0	04.0829	00.9998	012.2969
Recharging:	25216.0	04.0838	00.9998	012.3140
Recharging:	25231.0	04.0849	00.9997	012.3310
Recharging:	25246.0	04.0860	00.9997	012.3480
Recharging:	25261.0	04.0871	00.9997	012.3650
Recharging:	25276.0	04.0881	00.9998	012.3820
Recharging:	25291.0	04.0892	00.9997	012.3991
Recharging:	25306.0	04.0902	00.9998	012.4161
Recharging:	25321.0	04.0912	00.9997	012.4332
Recharging:	25336.0	04.0923	00.9998	012.4502
Recharging:	25351.0	04.0934	00.9997	012.4673
Recharging:	25366.0	04.0943	00.9998	012.4843
Recharging:	25381.0	04.0954	00.9998	012.5014
Recharging:	25396.0	04.0964	00.9997	012.5184
Recharging:	25411.0	04.0976	00.9998	012.5355
Recharging:	25426.0	04.0986	00.9998	012.5526
Recharging:	25441.0	04.0995	00.9998	012.5697
Recharging:	25456.0	04.1006	00.9998	012.5867
Recharging:	25471.0	04.1017	00.9997	012.6038
Recharging:	25486.0	04.1028	00.9997	012.6209
Recharging:	25501.0	04.1038	00.9997	012.6380
Recharging:	25516.0	04.1049	00.9998	012.6551
Recharging:	25531.0	04.1059	00.9998	012.6722
Recharging:	25546.0	04.1070	00.9998	012.6893
Recharging:	25561.0	04.1081	00.9998	012.7064
Recharging:	25576.0	04.1092	00.9998	012.7236
Recharging:	25591.0	04.1102	00.9998	012.7407
Recharging:	25606.0	04.1114	00.9997	012.7578
Recharging:	25621.0	04.1124	00.9998	012.7749
Recharging:	25636.0	04.1135	00.9998	012.7921
Recharging:	25651.0	04.1145	00.9998	012.8092
Recharging:	25666.0	04.1156	00.9998	012.8263
Recharging:	25681.0	04.1167	00.9997	012.8435
Recharging:	25696.0	04.1178	00.9998	012.8607
Recharging:	25711.0	04.1188	00.9998	012.8778
Recharging:	25726.0	04.1199	00.9997	012.8950
Recharging:	25741.0	04.1210	00.9998	012.9121
Recharging:	25756.0	04.1221	00.9998	012.9293
Recharging:	25771.0	04.1231	00.9997	012.9465
Recharging:	25786.0	04.1243	00.9997	012.9637
Recharging:	25801.0	04.1253	00.9997	012.9808
Recharging:	25816.0	04.1264	00.9997	012.9980
Recharging:	25831.0	04.1275	00.9998	013.0152
Recharging:	25846.0	04.1286	00.9997	013.0324
Recharging:	25861.0	04.1296	00.9998	013.0496
Recharging:	25876.0	04.1308	00.9997	013.0668
Recharging:	25891.0	04.1319	00.9998	013.0841
Recharging:	25906.0	04.1330	00.9998	013.1013
Recharging:	25921.0	04.1340	00.9997	013.1185
Recharging:	25936.0	04.1351	00.9998	013.1357
Recharging:	25951.0	04.1362	00.9998	013.1529
Recharging:	25966.0	04.1373	00.9998	013.1702
Recharging:	25981.0	04.1384	00.9998	013.1874
Recharging:	25996.0	04.1395	00.9997	013.2047
Recharging:	26011.0	04.1405	00.9998	013.2219
Recharging:	26026.0	04.1417	00.9997	013.2392
Recharging:	26041.0	04.1427	00.9998	013.2564
Recharging:	26056.0	04.1439	00.9997	013.2737
Recharging:	26071.0	04.1449	00.9998	013.2909
Recharging:	26086.0	04.1461	00.9997	013.3082
Recharging:	26101.0	04.1472	00.9998	013.3255
Recharging:	26116.0	04.1483	00.9997	013.3428
Recharging:	26131.0	04.1494	00.9997	013.3601
Recharging:	26146.0	04.1506	00.9997	013.3773
Recharging:	26161.0	04.1517	00.9998	013.3946
Recharging:	26176.0	04.1527	00.9997	013.4119
Recharging:	26191.0	04.1538	00.9998	013.4292
Recharging:	26206.0	04.1549	00.9998	013.4466
Recharging:	26221.0	04.1560	00.9997	013.4639
Recharging:	26236.0	04.1572	00.9997	013.4812
Recharging:	26251.0	04.1583	00.9998	013.4985
Recharging:	26266.0	04.1594	00.9998	013.5158
Recharging:	26281.0	04.1605	00.9998	013.5332
Recharging:	26296.0	04.1616	00.9997	013.5505
Recharging:	26311.0	04.1628	00.9997	013.5678
Recharging:	26326.0	04.1639	00.9997	013.5852
Recharging:	26341.0	04.1650	00.9997	013.6025
Recharging:	26356.0	04.1662	00.9998	013.6199
Recharging:	26371.0	04.1673	00.9998	013.6372
Recharging:	26386.0	04.1685	00.9998	013.6546
Recharging:	26401.0	04.1698	00.9998	013.6720
Recharging:	26416.0	04.1709	00.9998	013.6894
Recharging:	26431.0	04.1720	00.9998	013.7067
Recharging:	26446.0	04.1731	00.9998	013.7241
Recharging:	26461.0	04.1743	00.9997	013.7415
Recharging:	26476.0	04.1754	00.9997	013.7589
Recharging:	26491.0	04.1765	00.9997	013.7763
Recharging:	26506.0	04.1776	00.9997	013.7937
Recharging:	26521.0	04.1788	00.9997	013.8111
Recharging:	26536.0	04.1800	00.9998	013.8285
Recharging:	26551.0	04.1811	00.9998	013.8459
Recharging:	26566.0	04.1821	00.9998	013.8634
Recharging:	26581.0	04.1833	00.9998	013.8808
Recharging:	26596.0	04.1845	00.9998	013.8982
Recharging:	26611.0	04.1856	00.9997	013.9157
Recharging:	26626.0	04.1868	00.9997	013.9331
Recharging:	26641.0	04.1879	00.9998	013.9505
Recharging:	26656.0	04.1891	00.9997	013.9680
Recharging:	26671.0	04.1903	00.9998	013.9854
Recharging:	26686.0	04.1915	00.9998	014.0029
Recharging:	26701.0	04.1925	00.9998	014.0204
Recharging:	26716.0	04.1937	00.9998	014.0378
Recharging:	26731.0	04.1948	00.9997	014.0553
Recharging:	26746.0	04.1960	00.9998	014.0728
Recharging:	26761.0	04.1972	00.9998	014.0903
Recharging:	26776.0	04.1983	00.9997	014.1078
Recharging:	26791.0	04.1994	00.9998	014.1253
Recharging:	26806.0	04.2006	00.9997	014.1428
Recharging:	26821.0	04.2017	00.9998	014.1603
Recharging:	26836.0	04.2029	00.9998	014.1778
Recharging:	26851.0	04.2041	00.9998	014.1953
Recharging:	26866.0	04.2053	00.9998	014.2128
Recharging:	26881.0	04.2064	00.9997	014.2303
Recharging:	26896.0	04.2076	00.9998	014.2478
Recharging:	26911.0	04.2088	00.9998	014.2654
Recharging:	26926.0	04.2099	00.9998	014.2829
Recharging:	26941.0	04.2110	00.9998	014.3005
Recharging:	26956.0	04.2122	00.9997	014.3180
Recharging:	26971.0	04.2134	00.9997	014.3356
Recharging:	26986.0	04.2145	00.9998	014.3531
Recharging:	27001.0	04.2157	00.9998	014.3707
Recharging:	27016.0	04.2169	00.9998	014.3882
Recharging:	27031.0	04.2181	00.9998	014.4058
Recharging:	27046.0	04.2193	00.9998	014.4234
Recharging:	27061.0	04.2204	00.9997	014.4410
Recharging:	27076.0	04.2216	00.9997	014.4586
Recharging:	27091.0	04.2227	00.9997	014.4761
Recharging:	27106.0	04.2238	00.9998	014.4937
Recharging:	27121.0	04.2250	00.9998	014.5113
Recharging:	27136.0	04.2262	00.9997	014.5289
Recharging:	27151.0	04.2274	00.9998	014.5466
Recharging:	27166.0	04.2286	00.9997	014.5642
Recharging:	27181.0	04.2297	00.9998	014.5818
Recharging:	27196.0	04.2309	00.9997	014.5994
Recharging:	27211.0	04.2321	00.9998	014.6170
Recharging:	27226.0	04.2333	00.9998	014.6347
Recharging:	27241.0	04.2345	00.9998	014.6523
Recharging:	27256.0	04.2356	00.9997	014.6700
Recharging:	27271.0	04.2368	00.9998	014.6876
Recharging:	27286.0	04.2381	00.9997	014.7053
Recharging:	27301.0	04.2392	00.9997	014.7229
Recharging:	27316.0	04.2405	00.9998	014.7406
Recharging:	27331.0	04.2417	00.9998	014.7583
Recharging:	27346.0	04.2429	00.9997	014.7759
Recharging:	27361.0	04.2441	00.9998	014.7936
Recharging:	27376.0	04.2454	00.9998	014.8113
Recharging:	27391.0	04.2466	00.9998	014.8290
Recharging:	27406.0	04.2479	00.9998	014.8467
Recharging:	27421.0	04.2491	00.9998	014.8644
Recharging:	27436.0	04.2503	00.9998	014.8821
Recharging:	27451.0	04.2515	00.9998	014.8998
Recharging:	27466.0	04.2528	00.9998	014.9175
Recharging:	27481.0	04.2541	00.9998	014.9352
Recharging:	27496.0	04.2552	00.9997	014.9530
Recharging:	27511.0	04.2565	00.9998	014.9707
Recharging:	27526.0	04.2578	00.9998	014.9884
Recharging:	27541.0	04.2590	00.9998	015.0062
Recharging:	27556.0	04.2602	00.9998	015.0239
