Charging:	00030.00	03.5444	01.0005	0000.0296
Charging:	00060.00	03.5808	00.9998	0000.0594
Charging:	00090.00	03.5911	00.9997	0000.0893
Charging:	00120.00	03.5981	00.9997	0000.1193
Charging:	00150.00	03.6027	00.9997	0000.1493
Charging:	00180.00	03.6067	00.9997	0000.1793
Charging:	00210.00	03.6092	00.9997	0000.2094
Charging:	00240.00	03.6113	00.9997	0000.2395
Charging:	00270.00	03.6132	00.9997	0000.2696
Charging:	00300.00	03.6147	00.9997	0000.2997
Charging:	00330.00	03.6160	00.9997	0000.3298
Charging:	00360.00	03.6171	00.9997	0000.3600
Charging:	00390.00	03.6183	00.9997	0000.3901
Charging:	00420.00	03.6194	00.9997	0000.4203
Charging:	00450.00	03.6204	00.9997	0000.4504
Charging:	00480.00	03.6214	00.9997	0000.4806
Charging:	00510.00	03.6225	00.9997	0000.5108
Charging:	00540.00	03.6235	00.9997	0000.5410
Charging:	00570.00	03.6246	00.9997	0000.5712
Charging:	00600.00	03.6257	00.9997	0000.6014
Charging:	00630.00	03.6268	00.9997	0000.6316
Charging:	00660.00	03.6279	00.9997	0000.6618
Charging:	00690.00	03.6290	00.9997	0000.6920
Charging:	00720.00	03.6302	00.9997	0000.7223
Charging:	00750.00	03.6315	00.9997	0000.7525
Charging:	00780.00	03.6327	00.9997	0000.7828
Charging:	00810.00	03.6343	00.9997	0000.8131
Charging:	00840.00	03.6355	00.9997	0000.8434
Charging:	00870.00	03.6369	00.9997	0000.8737
Charging:	00900.00	03.6382	00.9997	0000.9040
Charging:	00930.00	03.6395	00.9997	0000.9343
Charging:	00960.00	03.6414	00.9997	0000.9646
Charging:	00990.00	03.6427	00.9997	0000.9950
Charging:	01020.00	03.6441	00.9997	0001.0253
Charging:	01050.00	03.6456	00.9997	0001.0557
Charging:	01080.00	03.6471	00.9997	0001.0861
Charging:	01110.00	03.6486	00.9997	0001.1165
Charging:	01140.00	03.6503	00.9997	0001.1469
Charging:	01170.00	03.6519	00.9997	0001.1773
Charging:	01200.00	03.6536	00.9997	0001.2078
Charging:	01230.00	03.6553	00.9997	0001.2382
Charging:	01260.00	03.6570	00.9997	0001.2687
Charging:	01290.00	03.6587	00.9997	0001.2991
Charging:	01320.00	03.6606	00.9997	0001.3296
Charging:	01350.00	03.6624	00.9997	0001.3602
Charging:	01380.00	03.6642	00.9997	0001.3907
Charging:	01410.00	03.6661	00.9997	0001.4212
Charging:	01440.00	03.6684	00.9997	0001.4518
Charging:	01470.00	03.6704	00.9997	0001.4824
Charging:	01500.00	03.6741	00.9997	0001.5130
Charging:	01530.00	03.6759	00.9997	0001.5436
Charging:	01560.00	03.6778	00.9997	0001.5742
Charging:	01590.00	03.6797	00.9997	0001.6049
Charging:	01620.00	03.6816	00.9997	0001.6356
Charging:	01650.00	03.6836	00.9997	0001.6662
Charging:	01680.00	03.6855	00.9997	0001.6970
Charging:	01710.00	03.6874	00.9997	0001.7277
Charging:	01740.00	03.6895	00.9997	0001.7584
Charging:	01770.00	03.6913	00.9997	0001.7892
Charging:	01800.00	03.6933	00.9997	0001.8199
Charging:	01830.00	03.6952	00.9997	0001.8507
Charging:	01860.00	03.6971	00.9997	0001.8815
Charging:	01890.00	03.6990	00.9997	0001.9123
Charging:	01920.00	03.7008	00.9997	0001.9432
Charging:	01950.00	03.7027	00.9997	0001.9740
Charging:	01980.00	03.7047	00.9997	0002.0049
Charging:	02010.00	03.7065	00.9997	0002.0358
Charging:	02040.00	03.7083	00.9997	0002.0666
Charging:	02070.00	03.7101	00.9997	0002.0976
Charging:	02100.00	03.7119	00.9997	0002.1285
Charging:	02130.00	03.7137	00.9997	0002.1594
Charging:	02160.00	03.7162	00.9997	0002.1904
Charging:	02190.00	03.7176	00.9997	0002.2213
Charging:	02220.00	03.7192	00.9997	0002.2523
Charging:	02250.00	03.7206	00.9997	0002.2833
Charging:	02280.00	03.7221	00.9997	0002.3143
Charging:	02310.00	03.7236	00.9997	0002.3454
Charging:	02340.00	03.7249	00.9997	0002.3764
Charging:	02370.00	03.7262	00.9997	0002.4074
Charging:	02400.00	03.7275	00.9997	0002.4385
Charging:	02430.00	03.7289	00.9997	0002.4695
Charging:	02460.00	03.7300	00.9997	0002.5006
Charging:	02490.00	03.7312	00.9997	0002.5317
Charging:	02520.00	03.7323	00.9997	0002.5628
Charging:	02550.00	03.7334	00.9997	0002.5939
Charging:	02580.00	03.7344	00.9997	0002.6250
Charging:	02610.00	03.7356	00.9997	0002.6561
Charging:	02640.00	03.7365	00.9997	0002.6873
Charging:	02670.00	03.7375	00.9997	0002.7184
Charging:	02700.00	03.7385	00.9997	0002.7495
Charging:	02730.00	03.7400	00.9997	0002.7807
Charging:	02760.00	03.7410	00.9997	0002.8119
Charging:	02790.00	03.7418	00.9997	0002.8430
Charging:	02820.00	03.7426	00.9997	0002.8742
Charging:	02850.00	03.7435	00.9997	0002.9054
Charging:	02880.00	03.7443	00.9997	0002.9366
Charging:	02910.00	03.7451	00.9997	0002.9678
Charging:	02940.00	03.7460	00.9997	0002.9990
Charging:	02970.00	03.7468	00.9997	0003.0302
Charging:	03000.00	03.7475	00.9997	0003.0614
Charging:	03030.00	03.7483	00.9997	0003.0927
Charging:	03060.00	03.7491	00.9997	0003.1239
Charging:	03090.00	03.7499	00.9997	0003.1551
Charging:	03120.00	03.7506	00.9997	0003.1864
Charging:	03150.00	03.7514	00.9997	0003.2176
Charging:	03180.00	03.7520	00.9997	0003.2489
Charging:	03210.00	03.7528	00.9997	0003.2802
Charging:	03240.00	03.7535	00.9997	0003.3114
Charging:	03270.00	03.7542	00.9997	0003.3427
Charging:	03300.00	03.7550	00.9997	0003.3740
Charging:	03330.00	03.7558	00.9997	0003.4053
Charging:	03360.00	03.7565	00.9997	0003.4366
Charging:	03390.00	03.7573	00.9997	0003.4679
Charging:	03420.00	03.7580	00.9997	0003.4992
Charging:	03450.00	03.7587	00.9997	0003.5305
Charging:	03480.00	03.7595	00.9997	0003.5618
Charging:	03510.00	03.7603	00.9997	0003.5932
Charging:	03540.00	03.7611	00.9997	0003.6245
Charging:	03570.00	03.7619	00.9997	0003.6558
Charging:	03600.00	03.7628	00.9997	0003.6872
Charging:	03630.00	03.7636	00.9997	0003.7185
Charging:	03660.00	03.7645	00.9997	0003.7499
Charging:	03690.00	03.7654	00.9997	0003.7813
Charging:	03720.00	03.7664	00.9997	0003.8126
Charging:	03750.00	03.7671	00.9997	0003.8440
Charging:	03780.00	03.7679	00.9997	0003.8754
Charging:	03810.00	03.7688	00.9997	0003.9068
Charging:	03840.00	03.7697	00.9997	0003.9382
Charging:	03870.00	03.7705	00.9997	0003.9696
Charging:	03900.00	03.7713	00.9997	0004.0010
Charging:	03930.00	03.7723	00.9997	0004.0325
Charging:	03960.00	03.7731	00.9997	0004.0639
Charging:	03990.00	03.7741	00.9997	0004.0954
Charging:	04020.00	03.7750	00.9997	0004.1268
Charging:	04050.00	03.7759	00.9997	0004.1583
Charging:	04080.00	03.7768	00.9997	0004.1897
Charging:	04110.00	03.7778	00.9997	0004.2212
Charging:	04140.00	03.7788	00.9997	0004.2527
Charging:	04170.00	03.7798	00.9997	0004.2842
Charging:	04200.00	03.7808	00.9997	0004.3157
Charging:	04230.00	03.7818	00.9997	0004.3472
Charging:	04260.00	03.7828	00.9997	0004.3787
Charging:	04290.00	03.7840	00.9997	0004.4102
Charging:	04320.00	03.7850	00.9997	0004.4417
Charging:	04350.00	03.7861	00.9997	0004.4733
Charging:	04380.00	03.7872	00.9997	0004.5048
Charging:	04410.00	03.7883	00.9997	0004.5364
Charging:	04440.00	03.7894	00.9997	0004.5680
Charging:	04470.00	03.7906	00.9997	0004.5995
Charging:	04500.00	03.7917	00.9997	0004.6311
Charging:	04530.00	03.7929	00.9997	0004.6627
Charging:	04560.00	03.7941	00.9997	0004.6943
Charging:	04590.00	03.7953	00.9997	0004.7260
Charging:	04620.00	03.7970	00.9997	0004.7576
Charging:	04650.00	03.7983	00.9997	0004.7892
Charging:	04680.00	03.7995	00.9997	0004.8209
Charging:	04710.00	03.8008	00.9997	0004.8526
Charging:	04740.00	03.8021	00.9997	0004.8842
Charging:	04770.00	03.8034	00.9997	0004.9159
Charging:	04800.00	03.8047	00.9997	0004.9476
Charging:	04830.00	03.8060	00.9997	0004.9793
Charging:	04860.00	03.8073	00.9997	0005.0110
Charging:	04890.00	03.8087	00.9997	0005.0428
Charging:	04920.00	03.8100	00.9997	0005.0745
Charging:	04950.00	03.8115	00.9997	0005.1063
Charging:	04980.00	03.8129	00.9997	0005.1380
Charging:	05010.00	03.8144	00.9997	0005.1698
Charging:	05040.00	03.8160	00.9997	0005.2016
Charging:	05070.00	03.8175	00.9997	0005.2334
Charging:	05100.00	03.8191	00.9997	0005.2652
Charging:	05130.00	03.8207	00.9997	0005.2970
Charging:	05160.00	03.8222	00.9997	0005.3289
Charging:	05190.00	03.8239	00.9997	0005.3607
Charging:	05220.00	03.8255	00.9997	0005.3926
Charging:	05250.00	03.8271	00.9997	0005.4245
Charging:	05280.00	03.8290	00.9997	0005.4564
Charging:	05310.00	03.8306	00.9997	0005.4883
Charging:	05340.00	03.8324	00.9997	0005.5202
Charging:	05370.00	03.8342	00.9997	0005.5522
Charging:	05400.00	03.8361	00.9997	0005.5841
Charging:	05430.00	03.8380	00.9997	0005.6161
Charging:	05460.00	03.8399	00.9997	0005.6481
Charging:	05490.00	03.8417	00.9997	0005.6801
Charging:	05520.00	03.8437	00.9997	0005.7121
Charging:	05550.00	03.8456	00.9997	0005.7442
Charging:	05580.00	03.8476	00.9997	0005.7762
Charging:	05610.00	03.8495	00.9997	0005.8083
Charging:	05640.00	03.8516	00.9997	0005.8404
Charging:	05670.00	03.8536	00.9997	0005.8725
Charging:	05700.00	03.8558	00.9997	0005.9046
Charging:	05730.00	03.8580	00.9997	0005.9367
Charging:	05760.00	03.8602	00.9997	0005.9689
Charging:	05790.00	03.8623	00.9997	0006.0011
Charging:	05820.00	03.8645	00.9997	0006.0333
Charging:	05850.00	03.8667	00.9997	0006.0655
Charging:	05880.00	03.8689	00.9997	0006.0977
Charging:	05910.00	03.8712	00.9997	0006.1300
Charging:	05940.00	03.8735	00.9997	0006.1622
Charging:	05970.00	03.8757	00.9997	0006.1945
Charging:	06000.00	03.8781	00.9997	0006.2268
Charging:	06030.00	03.8804	00.9997	0006.2592
Charging:	06060.00	03.8827	00.9997	0006.2915
Charging:	06090.00	03.8851	00.9997	0006.3239
Charging:	06120.00	03.8875	00.9997	0006.3563
Charging:	06150.00	03.8899	00.9997	0006.3887
Charging:	06180.00	03.8921	00.9997	0006.4211
Charging:	06210.00	03.8946	00.9997	0006.4535
Charging:	06240.00	03.8971	00.9997	0006.4860
Charging:	06270.00	03.8995	00.9997	0006.5185
Charging:	06300.00	03.9019	00.9997	0006.5510
Charging:	06330.00	03.9044	00.9997	0006.5835
Charging:	06360.00	03.9069	00.9997	0006.6161
Charging:	06390.00	03.9094	00.9997	0006.6486
Charging:	06420.00	03.9120	00.9997	0006.6812
Charging:	06450.00	03.9144	00.9997	0006.7138
Charging:	06480.00	03.9170	00.9997	0006.7465
Charging:	06510.00	03.9195	00.9997	0006.7791
Charging:	06540.00	03.9222	00.9997	0006.8118
Charging:	06570.00	03.9247	00.9997	0006.8445
Charging:	06600.00	03.9273	00.9997	0006.8772
Charging:	06630.00	03.9298	00.9997	0006.9099
Charging:	06660.00	03.9325	00.9997	0006.9427
Charging:	06690.00	03.9350	00.9997	0006.9755
Charging:	06720.00	03.9376	00.9997	0007.0083
Charging:	06750.00	03.9401	00.9997	0007.0411
Charging:	06780.00	03.9427	00.9997	0007.0740
Charging:	06810.00	03.9454	00.9997	0007.1068
Charging:	06840.00	03.9480	00.9997	0007.1397
Charging:	06870.00	03.9506	00.9997	0007.1726
Charging:	06900.00	03.9533	00.9997	0007.2056
Charging:	06930.00	03.9559	00.9997	0007.2385
Charging:	06960.00	03.9586	00.9997	0007.2715
Charging:	06990.00	03.9613	00.9997	0007.3045
Charging:	07020.00	03.9639	00.9997	0007.3375
Charging:	07050.00	03.9666	00.9997	0007.3706
Charging:	07080.00	03.9693	00.9997	0007.4036
Charging:	07110.00	03.9720	00.9997	0007.4367
Charging:	07140.00	03.9745	00.9997	0007.4698
Charging:	07170.00	03.9773	00.9997	0007.5030
Charging:	07200.00	03.9799	00.9997	0007.5361
Charging:	07230.00	03.9827	00.9997	0007.5693
Charging:	07260.00	03.9854	00.9997	0007.6025
Charging:	07290.00	03.9882	00.9997	0007.6357
Charging:	07320.00	03.9908	00.9997	0007.6690
Charging:	07350.00	03.9937	00.9997	0007.7023
Charging:	07380.00	03.9964	00.9997	0007.7356
Charging:	07410.00	03.9992	00.9997	0007.7689
Charging:	07440.00	04.0019	00.9997	0007.8022
Charging:	07470.00	04.0046	00.9997	0007.8356
Charging:	07500.00	04.0072	00.9997	0007.8690
Charging:	07530.00	04.0100	00.9997	0007.9024
Charging:	07560.00	04.0126	00.9997	0007.9358
Charging:	07590.00	04.0153	00.9997	0007.9692
Charging:	07620.00	04.0180	00.9997	0008.0027
Charging:	07650.00	04.0207	00.9997	0008.0362
Charging:	07680.00	04.0233	00.9997	0008.0697
Charging:	07710.00	04.0260	00.9997	0008.1033
Charging:	07740.00	04.0287	00.9997	0008.1368
Charging:	07770.00	04.0314	00.9997	0008.1704
Charging:	07800.00	04.0341	00.9997	0008.2040
Charging:	07830.00	04.0367	00.9997	0008.2377
Charging:	07860.00	04.0394	00.9997	0008.2713
Charging:	07890.00	04.0420	00.9997	0008.3050
Charging:	07920.00	04.0446	00.9997	0008.3387
Charging:	07950.00	04.0473	00.9997	0008.3724
Charging:	07980.00	04.0499	00.9997	0008.4061
Charging:	08010.00	04.0526	00.9997	0008.4399
Charging:	08040.00	04.0553	00.9997	0008.4737
Charging:	08070.00	04.0578	00.9997	0008.5075
Charging:	08100.00	04.0605	00.9997	0008.5413
Charging:	08130.00	04.0631	00.9997	0008.5752
Charging:	08160.00	04.0658	00.9997	0008.6090
Charging:	08190.00	04.0685	00.9997	0008.6429
Charging:	08220.00	04.0712	00.9997	0008.6768
Charging:	08250.00	04.0738	00.9997	0008.7108
Charging:	08280.00	04.0766	00.9997	0008.7447
Charging:	08310.00	04.0791	00.9997	0008.7787
Charging:	08340.00	04.0818	00.9997	0008.8127
Charging:	08370.00	04.0845	00.9997	0008.8468
Charging:	08400.00	04.0872	00.9997	0008.8808
Charging:	08430.00	04.0898	00.9997	0008.9149
Charging:	08460.00	04.0925	00.9997	0008.9490
Charging:	08490.00	04.0952	00.9997	0008.9831
Charging:	08520.00	04.0979	00.9997	0009.0172
Charging:	08550.00	04.1004	00.9997	0009.0514
Charging:	08580.00	04.1032	00.9997	0009.0856
Charging:	08610.00	04.1059	00.9997	0009.1198
Charging:	08640.00	04.1086	00.9997	0009.1540
Charging:	08670.00	04.1113	00.9997	0009.1883
Charging:	08700.00	04.1141	00.9997	0009.2225
Charging:	08730.00	04.1168	00.9997	0009.2568
Charging:	08760.00	04.1194	00.9997	0009.2911
Charging:	08790.00	04.1221	00.9997	0009.3255
Charging:	08820.00	04.1248	00.9997	0009.3599
Charging:	08850.00	04.1274	00.9997	0009.3942
Charging:	08880.00	04.1301	00.9997	0009.4286
Charging:	08910.00	04.1328	00.9997	0009.4631
Charging:	08940.00	04.1355	00.9997	0009.4975
Charging:	08970.00	04.1380	00.9997	0009.5320
Charging:	09000.00	04.1404	00.9997	0009.5665
Charging:	09030.00	04.1430	00.9997	0009.6010
Charging:	09060.00	04.1456	00.9997	0009.6355
Charging:	09090.00	04.1481	00.9997	0009.6701
Charging:	09120.00	04.1505	00.9997	0009.7047
Charging:	09150.00	04.1528	00.9997	0009.7393
Charging:	09180.00	04.1552	00.9997	0009.7739
Charging:	09210.00	04.1575	00.9997	0009.8085
Charging:	09240.00	04.1597	00.9997	0009.8432
Charging:	09270.00	04.1620	00.9997	0009.8779
Charging:	09300.00	04.1641	00.9997	0009.9125
Charging:	09330.00	04.1660	00.9997	0009.9473
Charging:	09360.00	04.1678	00.9997	0009.9820
Charging:	09390.00	04.1693	00.9997	0010.0167
Charging:	09420.00	04.1709	00.9997	0010.0515
Charging:	09450.00	04.1723	00.9997	0010.0862
Charging:	09480.00	04.1735	00.9997	0010.1210
Charging:	09510.00	04.1746	00.9997	0010.1558
Charging:	09540.00	04.1757	00.9997	0010.1906
Charging:	09570.00	04.1765	00.9997	0010.2253
Charging:	09600.00	04.1773	00.9997	0010.2601
Charging:	09630.00	04.1779	00.9997	0010.2950
Charging:	09660.00	04.1784	00.9997	0010.3298
Charging:	09690.00	04.1790	00.9997	0010.3646
Charging:	09720.00	04.1795	00.9997	0010.3994
Charging:	09750.00	04.1798	00.9997	0010.4342
Charging:	09780.00	04.1799	00.9997	0010.4690
Charging:	09810.00	04.1800	00.9997	0010.5039
Charging:	09840.00	04.1801	00.9997	0010.5387
Charging:	09870.00	04.1803	00.9997	0010.5735
Charging:	09900.00	04.1805	00.9997	0010.6083
Charging:	09930.00	04.1807	00.9997	0010.6432
Charging:	09960.00	04.1808	00.9997	0010.6780
Charging:	09990.00	04.1807	00.9997	0010.7128
Charging:	10020.00	04.1809	00.9997	0010.7477
Charging:	10050.00	04.1811	00.9997	0010.7825
Charging:	10080.00	04.1812	00.9997	0010.8173
Charging:	10110.00	04.1814	00.9997	0010.8522
Charging:	10140.00	04.1816	00.9997	0010.8870
Charging:	10170.00	04.1818	00.9997	0010.9218
Charging:	10200.00	04.1821	00.9997	0010.9567
Charging:	10230.00	04.1824	00.9997	0010.9915
Charging:	10260.00	04.1828	00.9997	0011.0264
Charging:	10290.00	04.1830	00.9997	0011.0612
Charging:	10320.00	04.1834	00.9997	0011.0961
Charging:	10350.00	04.1837	00.9997	0011.1309
Charging:	10380.00	04.1840	00.9997	0011.1658
Charging:	10410.00	04.1844	00.9997	0011.2006
Charging:	10440.00	04.1847	00.9997	0011.2355
Charging:	10470.00	04.1852	00.9997	0011.2704
Charging:	10500.00	04.1856	00.9997	0011.3052
Charging:	10530.00	04.1861	00.9997	0011.3401
Charging:	10560.00	04.1866	00.9997	0011.3750
Charging:	10590.00	04.1871	00.9997	0011.4099
Charging:	10620.00	04.1877	00.9997	0011.4448
Charging:	10650.00	04.1883	00.9997	0011.4797
Charging:	10680.00	04.1889	00.9997	0011.5146
Charging:	10710.00	04.1896	00.9997	0011.5495
Charging:	10740.00	04.1902	00.9997	0011.5844
Charging:	10770.00	04.1909	00.9997	0011.6193
Charging:	10800.00	04.1916	00.9997	0011.6542
Charging:	10830.00	04.1923	00.9997	0011.6891
Charging:	10860.00	04.1930	00.9997	0011.7241
Charging:	10890.00	04.1937	00.9997	0011.7590
Charging:	10920.00	04.1946	00.9997	0011.7939
Charging:	10950.00	04.1954	00.9997	0011.8289
Charging:	10980.00	04.1962	00.9997	0011.8639
Charging:	11010.00	04.1970	00.9997	0011.8988
Charging:	11040.00	04.1980	00.9997	0011.9338
Charging:	11070.00	04.1986	00.9997	0011.9688
Charging:	11100.00	04.1995	00.9997	0012.0038
Charging:	11130.00	04.2003	00.9997	0012.0387
---------------------------
TESTING INTERNAL RESISTANCE
voltage while ON =  4.1036
current=-0.9993
OUTPUT OFF
voltage while OFF =  4.1453
Internal resistance =  0.0418 [Ohm]
OUTPUT ON
---------------------------
Discharging:	00030.00	04.0981	-0.9993	-000.0341
Discharging:	00060.00	04.0669	-0.9991	-000.0680
Discharging:	00090.00	04.0516	-0.9991	-000.1017
Discharging:	00120.00	04.0412	-0.9991	-000.1354
Discharging:	00150.00	04.0332	-0.9991	-000.1689
Discharging:	00180.00	04.0263	-0.9991	-000.2025
Discharging:	00210.00	04.0201	-0.9991	-000.2359
Discharging:	00240.00	04.0144	-0.9991	-000.2694
Discharging:	00270.00	04.0088	-0.9991	-000.3027
Discharging:	00300.00	04.0034	-0.9991	-000.3361
Discharging:	00330.00	03.9980	-0.9991	-000.3694
Discharging:	00360.00	03.9928	-0.9991	-000.4026
Discharging:	00390.00	03.9876	-0.9991	-000.4358
Discharging:	00420.00	03.9826	-0.9991	-000.4690
Discharging:	00450.00	03.9776	-0.9991	-000.5021
Discharging:	00480.00	03.9728	-0.9991	-000.5351
Discharging:	00510.00	03.9680	-0.9990	-000.5682
Discharging:	00540.00	03.9632	-0.9991	-000.6012
Discharging:	00570.00	03.9585	-0.9990	-000.6341
Discharging:	00600.00	03.9539	-0.9991	-000.6670
Discharging:	00630.00	03.9493	-0.9991	-000.6999
Discharging:	00660.00	03.9447	-0.9991	-000.7328
Discharging:	00690.00	03.9401	-0.9991	-000.7656
Discharging:	00720.00	03.9356	-0.9991	-000.7983
Discharging:	00750.00	03.9312	-0.9990	-000.8311
Discharging:	00780.00	03.9266	-0.9990	-000.8638
Discharging:	00810.00	03.9221	-0.9991	-000.8964
Discharging:	00840.00	03.9177	-0.9990	-000.9290
Discharging:	00870.00	03.9134	-0.9991	-000.9616
Discharging:	00900.00	03.9091	-0.9991	-000.9942
Discharging:	00930.00	03.9048	-0.9991	-001.0267
Discharging:	00960.00	03.9005	-0.9991	-001.0591
Discharging:	00990.00	03.8964	-0.9991	-001.0916
Discharging:	01020.00	03.8922	-0.9991	-001.1240
Discharging:	01050.00	03.8881	-0.9991	-001.1564
Discharging:	01080.00	03.8840	-0.9990	-001.1887
Discharging:	01110.00	03.8799	-0.9990	-001.2210
Discharging:	01140.00	03.8758	-0.9991	-001.2533
Discharging:	01170.00	03.8718	-0.9991	-001.2855
Discharging:	01200.00	03.8677	-0.9991	-001.3177
Discharging:	01230.00	03.8637	-0.9990	-001.3499
Discharging:	01260.00	03.8596	-0.9991	-001.3820
Discharging:	01290.00	03.8554	-0.9990	-001.4141
Discharging:	01320.00	03.8513	-0.9990	-001.4462
Discharging:	01350.00	03.8474	-0.9990	-001.4782
Discharging:	01380.00	03.8433	-0.9991	-001.5102
Discharging:	01410.00	03.8394	-0.9990	-001.5421
Discharging:	01440.00	03.8353	-0.9991	-001.5741
Discharging:	01470.00	03.8314	-0.9991	-001.6060
Discharging:	01500.00	03.8274	-0.9991	-001.6378
Discharging:	01530.00	03.8235	-0.9990	-001.6697
Discharging:	01560.00	03.8196	-0.9991	-001.7015
Discharging:	01590.00	03.8155	-0.9991	-001.7332
Discharging:	01620.00	03.8117	-0.9991	-001.7650
Discharging:	01650.00	03.8078	-0.9990	-001.7967
Discharging:	01680.00	03.8039	-0.9990	-001.8283
Discharging:	01710.00	03.7999	-0.9990	-001.8600
Discharging:	01740.00	03.7959	-0.9991	-001.8916
Discharging:	01770.00	03.7921	-0.9991	-001.9232
Discharging:	01800.00	03.7881	-0.9990	-001.9547
Discharging:	01830.00	03.7841	-0.9990	-001.9862
Discharging:	01860.00	03.7802	-0.9991	-002.0177
Discharging:	01890.00	03.7763	-0.9991	-002.0491
Discharging:	01920.00	03.7723	-0.9990	-002.0805
Discharging:	01950.00	03.7684	-0.9991	-002.1119
Discharging:	01980.00	03.7645	-0.9991	-002.1432
Discharging:	02010.00	03.7605	-0.9990	-002.1745
Discharging:	02040.00	03.7565	-0.9991	-002.2058
Discharging:	02070.00	03.7526	-0.9990	-002.2371
Discharging:	02100.00	03.7487	-0.9990	-002.2683
Discharging:	02130.00	03.7448	-0.9991	-002.2994
Discharging:	02160.00	03.7411	-0.9990	-002.3306
Discharging:	02190.00	03.7373	-0.9991	-002.3617
Discharging:	02220.00	03.7335	-0.9991	-002.3928
Discharging:	02250.00	03.7298	-0.9990	-002.4238
Discharging:	02280.00	03.7261	-0.9991	-002.4549
Discharging:	02310.00	03.7226	-0.9991	-002.4858
Discharging:	02340.00	03.7191	-0.9990	-002.5168
Discharging:	02370.00	03.7155	-0.9991	-002.5477
Discharging:	02400.00	03.7121	-0.9991	-002.5786
Discharging:	02430.00	03.7086	-0.9990	-002.6095
Discharging:	02460.00	03.7052	-0.9991	-002.6404
Discharging:	02490.00	03.7018	-0.9991	-002.6712
Discharging:	02520.00	03.6985	-0.9990	-002.7020
Discharging:	02550.00	03.6952	-0.9990	-002.7327
Discharging:	02580.00	03.6920	-0.9990	-002.7635
Discharging:	02610.00	03.6889	-0.9991	-002.7942
Discharging:	02640.00	03.6856	-0.9990	-002.8249
Discharging:	02670.00	03.6826	-0.9990	-002.8555
Discharging:	02700.00	03.6796	-0.9990	-002.8862
Discharging:	02730.00	03.6766	-0.9990	-002.9168
Discharging:	02760.00	03.6737	-0.9990	-002.9474
Discharging:	02790.00	03.6708	-0.9990	-002.9779
Discharging:	02820.00	03.6679	-0.9990	-003.0085
Discharging:	02850.00	03.6651	-0.9991	-003.0390
Discharging:	02880.00	03.6623	-0.9990	-003.0695
Discharging:	02910.00	03.6595	-0.9991	-003.0999
Discharging:	02940.00	03.6568	-0.9991	-003.1304
Discharging:	02970.00	03.6542	-0.9990	-003.1608
Discharging:	03000.00	03.6515	-0.9990	-003.1912
Discharging:	03030.00	03.6489	-0.9991	-003.2216
Discharging:	03060.00	03.6463	-0.9991	-003.2519
Discharging:	03090.00	03.6438	-0.9990	-003.2823
Discharging:	03120.00	03.6415	-0.9990	-003.3126
Discharging:	03150.00	03.6390	-0.9990	-003.3429
Discharging:	03180.00	03.6366	-0.9991	-003.3732
Discharging:	03210.00	03.6341	-0.9990	-003.4034
Discharging:	03240.00	03.6317	-0.9990	-003.4337
Discharging:	03270.00	03.6294	-0.9990	-003.4639
Discharging:	03300.00	03.6270	-0.9990	-003.4941
Discharging:	03330.00	03.6248	-0.9990	-003.5242
Discharging:	03360.00	03.6225	-0.9990	-003.5544
Discharging:	03390.00	03.6203	-0.9991	-003.5845
Discharging:	03420.00	03.6181	-0.9990	-003.6147
Discharging:	03450.00	03.6158	-0.9990	-003.6448
Discharging:	03480.00	03.6137	-0.9990	-003.6748
Discharging:	03510.00	03.6115	-0.9990	-003.7049
Discharging:	03540.00	03.6094	-0.9990	-003.7350
Discharging:	03570.00	03.6072	-0.9990	-003.7650
Discharging:	03600.00	03.6052	-0.9991	-003.7950
Discharging:	03630.00	03.6031	-0.9990	-003.8250
Discharging:	03660.00	03.6012	-0.9990	-003.8550
Discharging:	03690.00	03.5992	-0.9990	-003.8850
Discharging:	03720.00	03.5972	-0.9991	-003.9149
Discharging:	03750.00	03.5953	-0.9990	-003.9448
Discharging:	03780.00	03.5934	-0.9991	-003.9748
Discharging:	03810.00	03.5915	-0.9990	-004.0047
Discharging:	03840.00	03.5896	-0.9990	-004.0345
Discharging:	03870.00	03.5877	-0.9991	-004.0644
Discharging:	03900.00	03.5859	-0.9990	-004.0943
Discharging:	03930.00	03.5841	-0.9990	-004.1241
Discharging:	03960.00	03.5823	-0.9991	-004.1539
Discharging:	03990.00	03.5806	-0.9991	-004.1837
Discharging:	04020.00	03.5788	-0.9991	-004.2135
Discharging:	04050.00	03.5771	-0.9991	-004.2433
Discharging:	04080.00	03.5754	-0.9990	-004.2731
Discharging:	04110.00	03.5737	-0.9990	-004.3028
Discharging:	04140.00	03.5720	-0.9990	-004.3326
Discharging:	04170.00	03.5704	-0.9990	-004.3623
Discharging:	04200.00	03.5687	-0.9990	-004.3920
Discharging:	04230.00	03.5670	-0.9991	-004.4217
Discharging:	04260.00	03.5654	-0.9991	-004.4514
Discharging:	04290.00	03.5638	-0.9991	-004.4811
Discharging:	04320.00	03.5622	-0.9991	-004.5107
Discharging:	04350.00	03.5606	-0.9990	-004.5404
Discharging:	04380.00	03.5591	-0.9990	-004.5700
Discharging:	04410.00	03.5575	-0.9991	-004.5996
Discharging:	04440.00	03.5560	-0.9991	-004.6292
Discharging:	04470.00	03.5544	-0.9990	-004.6588
Discharging:	04500.00	03.5529	-0.9990	-004.6884
Discharging:	04530.00	03.5513	-0.9990	-004.7179
Discharging:	04560.00	03.5498	-0.9990	-004.7475
Discharging:	04590.00	03.5483	-0.9990	-004.7770
Discharging:	04620.00	03.5467	-0.9990	-004.8066
Discharging:	04650.00	03.5452	-0.9991	-004.8361
Discharging:	04680.00	03.5436	-0.9990	-004.8656
Discharging:	04710.00	03.5420	-0.9990	-004.8951
Discharging:	04740.00	03.5405	-0.9991	-004.9245
Discharging:	04770.00	03.5390	-0.9990	-004.9540
Discharging:	04800.00	03.5375	-0.9990	-004.9835
Discharging:	04830.00	03.5361	-0.9990	-005.0129
Discharging:	04860.00	03.5346	-0.9990	-005.0423
Discharging:	04890.00	03.5330	-0.9990	-005.0717
Discharging:	04920.00	03.5316	-0.9990	-005.1011
Discharging:	04950.00	03.5301	-0.9990	-005.1305
Discharging:	04980.00	03.5286	-0.9990	-005.1599
Discharging:	05010.00	03.5271	-0.9990	-005.1893
Discharging:	05040.00	03.5256	-0.9990	-005.2186
Discharging:	05070.00	03.5241	-0.9991	-005.2480
Discharging:	05100.00	03.5225	-0.9990	-005.2773
Discharging:	05130.00	03.5211	-0.9990	-005.3066
Discharging:	05160.00	03.5195	-0.9990	-005.3359
Discharging:	05190.00	03.5181	-0.9990	-005.3652
Discharging:	05220.00	03.5167	-0.9990	-005.3945
Discharging:	05250.00	03.5152	-0.9990	-005.4237
Discharging:	05280.00	03.5136	-0.9990	-005.4530
Discharging:	05310.00	03.5122	-0.9990	-005.4822
Discharging:	05340.00	03.5106	-0.9990	-005.5115
Discharging:	05370.00	03.5090	-0.9990	-005.5407
Discharging:	05400.00	03.5076	-0.9990	-005.5699
Discharging:	05430.00	03.5059	-0.9990	-005.5991
Discharging:	05460.00	03.5044	-0.9990	-005.6282
Discharging:	05490.00	03.5028	-0.9990	-005.6574
Discharging:	05520.00	03.5013	-0.9990	-005.6865
Discharging:	05550.00	03.4996	-0.9990	-005.7157
Discharging:	05580.00	03.4981	-0.9990	-005.7448
Discharging:	05610.00	03.4965	-0.9990	-005.7739
Discharging:	05640.00	03.4949	-0.9990	-005.8030
Discharging:	05670.00	03.4933	-0.9990	-005.8321
Discharging:	05700.00	03.4917	-0.9990	-005.8612
Discharging:	05730.00	03.4900	-0.9991	-005.8902
Discharging:	05760.00	03.4883	-0.9990	-005.9193
Discharging:	05790.00	03.4866	-0.9990	-005.9483
Discharging:	05820.00	03.4849	-0.9990	-005.9773
Discharging:	05850.00	03.4832	-0.9990	-006.0063
Discharging:	05880.00	03.4815	-0.9990	-006.0353
Discharging:	05910.00	03.4798	-0.9990	-006.0642
Discharging:	05940.00	03.4780	-0.9990	-006.0932
Discharging:	05970.00	03.4764	-0.9991	-006.1221
Discharging:	06000.00	03.4746	-0.9990	-006.1511
Discharging:	06030.00	03.4728	-0.9990	-006.1800
Discharging:	06060.00	03.4709	-0.9991	-006.2089
Discharging:	06090.00	03.4691	-0.9990	-006.2378
Discharging:	06120.00	03.4672	-0.9990	-006.2666
Discharging:	06150.00	03.4653	-0.9991	-006.2955
Discharging:	06180.00	03.4634	-0.9990	-006.3243
Discharging:	06210.00	03.4615	-0.9990	-006.3531
Discharging:	06240.00	03.4595	-0.9990	-006.3819
Discharging:	06270.00	03.4575	-0.9990	-006.4107
Discharging:	06300.00	03.4556	-0.9990	-006.4395
Discharging:	06330.00	03.4536	-0.9990	-006.4682
Discharging:	06360.00	03.4515	-0.9990	-006.4970
Discharging:	06390.00	03.4495	-0.9990	-006.5257
Discharging:	06420.00	03.4472	-0.9991	-006.5544
Discharging:	06450.00	03.4451	-0.9990	-006.5831
Discharging:	06480.00	03.4431	-0.9990	-006.6117
Discharging:	06510.00	03.4409	-0.9990	-006.6404
Discharging:	06540.00	03.4387	-0.9990	-006.6690
Discharging:	06570.00	03.4365	-0.9990	-006.6976
Discharging:	06600.00	03.4344	-0.9990	-006.7262
Discharging:	06630.00	03.4322	-0.9990	-006.7548
Discharging:	06660.00	03.4300	-0.9990	-006.7833
Discharging:	06690.00	03.4277	-0.9990	-006.8119
Discharging:	06720.00	03.4255	-0.9990	-006.8404
Discharging:	06750.00	03.4233	-0.9990	-006.8689
Discharging:	06780.00	03.4211	-0.9990	-006.8974
Discharging:	06810.00	03.4190	-0.9990	-006.9258
Discharging:	06840.00	03.4169	-0.9990	-006.9543
Discharging:	06870.00	03.4148	-0.9990	-006.9827
Discharging:	06900.00	03.4128	-0.9990	-007.0111
Discharging:	06930.00	03.4108	-0.9990	-007.0395
Discharging:	06960.00	03.4090	-0.9990	-007.0679
Discharging:	06990.00	03.4071	-0.9990	-007.0963
Discharging:	07020.00	03.4052	-0.9990	-007.1246
Discharging:	07050.00	03.4033	-0.9990	-007.1530
Discharging:	07080.00	03.4015	-0.9990	-007.1813
Discharging:	07110.00	03.3996	-0.9990	-007.2096
Discharging:	07140.00	03.3977	-0.9990	-007.2379
Discharging:	07170.00	03.3958	-0.9990	-007.2661
Discharging:	07200.00	03.3940	-0.9990	-007.2944
Discharging:	07230.00	03.3921	-0.9990	-007.3226
Discharging:	07260.00	03.3901	-0.9990	-007.3509
Discharging:	07290.00	03.3881	-0.9990	-007.3791
Discharging:	07320.00	03.3860	-0.9990	-007.4073
Discharging:	07350.00	03.3838	-0.9990	-007.4354
Discharging:	07380.00	03.3817	-0.9990	-007.4636
Discharging:	07410.00	03.3793	-0.9990	-007.4917
Discharging:	07440.00	03.3770	-0.9990	-007.5198
Discharging:	07470.00	03.3743	-0.9990	-007.5479
Discharging:	07500.00	03.3719	-0.9990	-007.5760
Discharging:	07530.00	03.3692	-0.9990	-007.6040
Discharging:	07560.00	03.3664	-0.9990	-007.6321
Discharging:	07590.00	03.3635	-0.9990	-007.6601
Discharging:	07620.00	03.3604	-0.9990	-007.6880
Discharging:	07650.00	03.3571	-0.9990	-007.7160
Discharging:	07680.00	03.3536	-0.9990	-007.7439
Discharging:	07710.00	03.3501	-0.9990	-007.7718
Discharging:	07740.00	03.3463	-0.9990	-007.7997
Discharging:	07770.00	03.3422	-0.9990	-007.8275
Discharging:	07800.00	03.3378	-0.9990	-007.8553
Discharging:	07830.00	03.3331	-0.9990	-007.8830
Discharging:	07860.00	03.3281	-0.9990	-007.9107
Discharging:	07890.00	03.3228	-0.9990	-007.9384
Discharging:	07920.00	03.3169	-0.9990	-007.9660
Discharging:	07950.00	03.3108	-0.9990	-007.9936
Discharging:	07980.00	03.3041	-0.9990	-008.0211
Discharging:	08010.00	03.2968	-0.9990	-008.0485
Discharging:	08040.00	03.2891	-0.9990	-008.0759
Discharging:	08070.00	03.2806	-0.9990	-008.1032
Discharging:	08100.00	03.2714	-0.9990	-008.1305
Discharging:	08130.00	03.2616	-0.9990	-008.1576
Discharging:	08160.00	03.2509	-0.9990	-008.1847
Discharging:	08190.00	03.2395	-0.9990	-008.2116
Discharging:	08220.00	03.2271	-0.9990	-008.2385
Discharging:	08250.00	03.2136	-0.9990	-008.2653
Discharging:	08280.00	03.1991	-0.9990	-008.2919
Discharging:	08310.00	03.1835	-0.9990	-008.3184
Discharging:	08340.00	03.1664	-0.9990	-008.3448
Discharging:	08370.00	03.1479	-0.9990	-008.3710
Discharging:	08400.00	03.1277	-0.9990	-008.3970
Discharging:	08430.00	03.1056	-0.9991	-008.4229
Discharging:	08460.00	03.0814	-0.9990	-008.4485
Discharging:	08490.00	03.0545	-0.9990	-008.4739
Discharging:	08520.00	03.0244	-0.9990	-008.4991
Discharging:	08550.00	02.9903	-0.9990	-008.5240
Recharging:	00030.00	03.1177	01.0001	0000.0260
Recharging:	00060.00	03.3036	00.9997	0000.0535
Recharging:	00090.00	03.3851	00.9997	0000.0817
Recharging:	00120.00	03.4412	00.9997	0000.1104
Recharging:	00150.00	03.4827	00.9997	0000.1394
Recharging:	00180.00	03.5149	00.9997	0000.1687
Recharging:	00210.00	03.5407	00.9997	0000.1982
Recharging:	00240.00	03.5619	00.9997	0000.2278
Recharging:	00270.00	03.5795	00.9997	0000.2577
Recharging:	00300.00	03.5937	00.9997	0000.2876
Recharging:	00330.00	03.6040	00.9997	0000.3176
Recharging:	00360.00	03.6107	00.9997	0000.3477
Recharging:	00390.00	03.6149	00.9997	0000.3778
Recharging:	00420.00	03.6182	00.9997	0000.4080
Recharging:	00450.00	03.6207	00.9997	0000.4381
Recharging:	00480.00	03.6229	00.9997	0000.4683
Recharging:	00510.00	03.6252	00.9997	0000.4985
Recharging:	00540.00	03.6275	00.9997	0000.5287
Recharging:	00570.00	03.6298	00.9997	0000.5590
Recharging:	00600.00	03.6321	00.9997	0000.5892
Recharging:	00630.00	03.6345	00.9997	0000.6195
Recharging:	00660.00	03.6369	00.9997	0000.6498
Recharging:	00690.00	03.6393	00.9997	0000.6801
Recharging:	00720.00	03.6418	00.9997	0000.7105
Recharging:	00750.00	03.6442	00.9997	0000.7408
Recharging:	00780.00	03.6467	00.9997	0000.7712
Recharging:	00810.00	03.6493	00.9997	0000.8016
Recharging:	00840.00	03.6520	00.9997	0000.8320
Recharging:	00870.00	03.6547	00.9997	0000.8625
Recharging:	00900.00	03.6574	00.9997	0000.8929
Recharging:	00930.00	03.6602	00.9997	0000.9234
Recharging:	00960.00	03.6630	00.9997	0000.9539
Recharging:	00990.00	03.6658	00.9997	0000.9845
Recharging:	01020.00	03.6686	00.9997	0001.0150
Recharging:	01050.00	03.6714	00.9997	0001.0456
Recharging:	01080.00	03.6743	00.9997	0001.0762
Recharging:	01110.00	03.6772	00.9997	0001.1069
Recharging:	01140.00	03.6800	00.9997	0001.1375
Recharging:	01170.00	03.6829	00.9997	0001.1682
Recharging:	01200.00	03.6856	00.9997	0001.1989
Recharging:	01230.00	03.6886	00.9997	0001.2296
Recharging:	01260.00	03.6914	00.9997	0001.2604
Recharging:	01290.00	03.6942	00.9997	0001.2912
Recharging:	01320.00	03.6969	00.9997	0001.3220
Recharging:	01350.00	03.6996	00.9997	0001.3528
Recharging:	01380.00	03.7022	00.9997	0001.3836
Recharging:	01410.00	03.7048	00.9997	0001.4145
Recharging:	01440.00	03.7074	00.9997	0001.4454
Recharging:	01470.00	03.7099	00.9997	0001.4763
Recharging:	01500.00	03.7125	00.9997	0001.5072
Recharging:	01530.00	03.7148	00.9997	0001.5382
Recharging:	01560.00	03.7173	00.9997	0001.5691
Recharging:	01590.00	03.7195	00.9997	0001.6001
Recharging:	01620.00	03.7217	00.9997	0001.6311
Recharging:	01650.00	03.7238	00.9997	0001.6622
Recharging:	01680.00	03.7257	00.9997	0001.6932
Recharging:	01710.00	03.7276	00.9997	0001.7242
Recharging:	01740.00	03.7294	00.9997	0001.7553
Recharging:	01770.00	03.7311	00.9997	0001.7864
Recharging:	01800.00	03.7327	00.9997	0001.8175
Recharging:	01830.00	03.7343	00.9997	0001.8486
Recharging:	01860.00	03.7359	00.9997	0001.8797
Recharging:	01890.00	03.7373	00.9997	0001.9109
Recharging:	01920.00	03.7387	00.9997	0001.9420
Recharging:	01950.00	03.7400	00.9997	0001.9732
Recharging:	01980.00	03.7413	00.9997	0002.0043
Recharging:	02010.00	03.7425	00.9997	0002.0355
Recharging:	02040.00	03.7437	00.9997	0002.0667
Recharging:	02070.00	03.7449	00.9997	0002.0979
Recharging:	02100.00	03.7461	00.9997	0002.1291
Recharging:	02130.00	03.7472	00.9997	0002.1603
Recharging:	02160.00	03.7483	00.9997	0002.1915
Recharging:	02190.00	03.7494	00.9997	0002.2228
Recharging:	02220.00	03.7504	00.9997	0002.2540
Recharging:	02250.00	03.7515	00.9997	0002.2853
Recharging:	02280.00	03.7525	00.9997	0002.3165
Recharging:	02310.00	03.7535	00.9997	0002.3478
Recharging:	02340.00	03.7546	00.9997	0002.3791
Recharging:	02370.00	03.7556	00.9997	0002.4104
Recharging:	02400.00	03.7567	00.9997	0002.4417
Recharging:	02430.00	03.7578	00.9997	0002.4730
Recharging:	02460.00	03.7588	00.9997	0002.5043
Recharging:	02490.00	03.7598	00.9997	0002.5356
Recharging:	02520.00	03.7609	00.9997	0002.5669
Recharging:	02550.00	03.7620	00.9997	0002.5983
Recharging:	02580.00	03.7631	00.9997	0002.6296
Recharging:	02610.00	03.7642	00.9997	0002.6610
Recharging:	02640.00	03.7653	00.9997	0002.6924
Recharging:	02670.00	03.7663	00.9997	0002.7237
Recharging:	02700.00	03.7673	00.9997	0002.7551
Recharging:	02730.00	03.7684	00.9997	0002.7865
Recharging:	02760.00	03.7695	00.9997	0002.8179
Recharging:	02790.00	03.7706	00.9997	0002.8493
Recharging:	02820.00	03.7717	00.9997	0002.8808
Recharging:	02850.00	03.7728	00.9997	0002.9122
Recharging:	02880.00	03.7740	00.9997	0002.9436
Recharging:	02910.00	03.7751	00.9997	0002.9751
Recharging:	02940.00	03.7763	00.9997	0003.0065
Recharging:	02970.00	03.7774	00.9997	0003.0380
Recharging:	03000.00	03.7786	00.9997	0003.0695
Recharging:	03030.00	03.7798	00.9997	0003.1010
Recharging:	03060.00	03.7811	00.9997	0003.1325
Recharging:	03090.00	03.7823	00.9997	0003.1640
Recharging:	03120.00	03.7835	00.9997	0003.1955
Recharging:	03150.00	03.7848	00.9997	0003.2270
Recharging:	03180.00	03.7860	00.9997	0003.2586
Recharging:	03210.00	03.7873	00.9997	0003.2901
Recharging:	03240.00	03.7886	00.9997	0003.3217
Recharging:	03270.00	03.7899	00.9997	0003.3533
Recharging:	03300.00	03.7912	00.9997	0003.3848
Recharging:	03330.00	03.7925	00.9997	0003.4164
Recharging:	03360.00	03.7939	00.9997	0003.4480
Recharging:	03390.00	03.7953	00.9997	0003.4797
Recharging:	03420.00	03.7966	00.9997	0003.5113
Recharging:	03450.00	03.7980	00.9997	0003.5429
Recharging:	03480.00	03.7995	00.9997	0003.5746
Recharging:	03510.00	03.8009	00.9997	0003.6062
Recharging:	03540.00	03.8023	00.9997	0003.6379
Recharging:	03570.00	03.8037	00.9997	0003.6696
Recharging:	03600.00	03.8052	00.9997	0003.7013
Recharging:	03630.00	03.8068	00.9997	0003.7330
Recharging:	03660.00	03.8082	00.9997	0003.7648
Recharging:	03690.00	03.8097	00.9997	0003.7965
Recharging:	03720.00	03.8112	00.9997	0003.8282
Recharging:	03750.00	03.8128	00.9997	0003.8600
Recharging:	03780.00	03.8144	00.9997	0003.8918
Recharging:	03810.00	03.8160	00.9997	0003.9236
Recharging:	03840.00	03.8176	00.9997	0003.9554
Recharging:	03870.00	03.8193	00.9997	0003.9872
Recharging:	03900.00	03.8210	00.9997	0004.0190
Recharging:	03930.00	03.8227	00.9997	0004.0509
Recharging:	03960.00	03.8243	00.9997	0004.0827
Recharging:	03990.00	03.8260	00.9997	0004.1146
Recharging:	04020.00	03.8279	00.9997	0004.1465
Recharging:	04050.00	03.8296	00.9997	0004.1784
Recharging:	04080.00	03.8314	00.9997	0004.2103
Recharging:	04110.00	03.8333	00.9997	0004.2423
Recharging:	04140.00	03.8351	00.9997	0004.2742
Recharging:	04170.00	03.8369	00.9997	0004.3062
Recharging:	04200.00	03.8389	00.9997	0004.3382
Recharging:	04230.00	03.8408	00.9997	0004.3701
Recharging:	04260.00	03.8426	00.9997	0004.4022
Recharging:	04290.00	03.8446	00.9997	0004.4342
Recharging:	04320.00	03.8465	00.9997	0004.4662
Recharging:	04350.00	03.8486	00.9997	0004.4983
Recharging:	04380.00	03.8505	00.9997	0004.5304
Recharging:	04410.00	03.8525	00.9997	0004.5625
Recharging:	04440.00	03.8545	00.9997	0004.5946
Recharging:	04470.00	03.8566	00.9997	0004.6267
Recharging:	04500.00	03.8588	00.9997	0004.6589
Recharging:	04530.00	03.8609	00.9997	0004.6910
Recharging:	04560.00	03.8630	00.9997	0004.7232
Recharging:	04590.00	03.8651	00.9997	0004.7554
Recharging:	04620.00	03.8672	00.9997	0004.7876
Recharging:	04650.00	03.8695	00.9997	0004.8199
Recharging:	04680.00	03.8716	00.9997	0004.8521
Recharging:	04710.00	03.8738	00.9997	0004.8844
Recharging:	04740.00	03.8759	00.9997	0004.9167
Recharging:	04770.00	03.8782	00.9997	0004.9490
Recharging:	04800.00	03.8804	00.9997	0004.9813
Recharging:	04830.00	03.8827	00.9997	0005.0137
Recharging:	04860.00	03.8849	00.9997	0005.0460
Recharging:	04890.00	03.8872	00.9997	0005.0784
Recharging:	04920.00	03.8895	00.9997	0005.1108
Recharging:	04950.00	03.8917	00.9997	0005.1432
Recharging:	04980.00	03.8940	00.9997	0005.1757
Recharging:	05010.00	03.8964	00.9997	0005.2081
Recharging:	05040.00	03.8988	00.9997	0005.2406
Recharging:	05070.00	03.9012	00.9997	0005.2731
Recharging:	05100.00	03.9035	00.9997	0005.3056
Recharging:	05130.00	03.9060	00.9997	0005.3382
Recharging:	05160.00	03.9083	00.9997	0005.3707
Recharging:	05190.00	03.9108	00.9997	0005.4033
Recharging:	05220.00	03.9133	00.9997	0005.4359
Recharging:	05250.00	03.9157	00.9997	0005.4685
Recharging:	05280.00	03.9183	00.9997	0005.5012
Recharging:	05310.00	03.9207	00.9997	0005.5338
Recharging:	05340.00	03.9232	00.9997	0005.5665
Recharging:	05370.00	03.9259	00.9997	0005.5992
Recharging:	05400.00	03.9283	00.9997	0005.6320
Recharging:	05430.00	03.9310	00.9997	0005.6647
Recharging:	05460.00	03.9335	00.9997	0005.6975
Recharging:	05490.00	03.9361	00.9997	0005.7303
Recharging:	05520.00	03.9387	00.9997	0005.7631
Recharging:	05550.00	03.9413	00.9997	0005.7959
Recharging:	05580.00	03.9439	00.9997	0005.8288
Recharging:	05610.00	03.9465	00.9997	0005.8616
Recharging:	05640.00	03.9491	00.9997	0005.8945
Recharging:	05670.00	03.9518	00.9997	0005.9275
Recharging:	05700.00	03.9545	00.9997	0005.9604
Recharging:	05730.00	03.9572	00.9997	0005.9934
Recharging:	05760.00	03.9598	00.9997	0006.0264
Recharging:	05790.00	03.9624	00.9997	0006.0594
Recharging:	05820.00	03.9652	00.9997	0006.0924
Recharging:	05850.00	03.9679	00.9997	0006.1255
Recharging:	05880.00	03.9706	00.9997	0006.1585
Recharging:	05910.00	03.9733	00.9997	0006.1916
Recharging:	05940.00	03.9759	00.9997	0006.2248
Recharging:	05970.00	03.9787	00.9997	0006.2579
Recharging:	06000.00	03.9814	00.9997	0006.2911
Recharging:	06030.00	03.9843	00.9997	0006.3243
Recharging:	06060.00	03.9870	00.9997	0006.3575
Recharging:	06090.00	03.9898	00.9997	0006.3907
Recharging:	06120.00	03.9927	00.9997	0006.4240
Recharging:	06150.00	03.9956	00.9997	0006.4573
Recharging:	06180.00	03.9985	00.9997	0006.4906
Recharging:	06210.00	04.0013	00.9997	0006.5239
Recharging:	06240.00	04.0041	00.9997	0006.5573
Recharging:	06270.00	04.0070	00.9997	0006.5907
Recharging:	06300.00	04.0098	00.9997	0006.6241
Recharging:	06330.00	04.0127	00.9997	0006.6575
Recharging:	06360.00	04.0155	00.9997	0006.6909
Recharging:	06390.00	04.0184	00.9997	0006.7244
Recharging:	06420.00	04.0213	00.9997	0006.7579
Recharging:	06450.00	04.0242	00.9997	0006.7915
Recharging:	06480.00	04.0272	00.9997	0006.8250
Recharging:	06510.00	04.0301	00.9997	0006.8586
Recharging:	06540.00	04.0331	00.9997	0006.8922
Recharging:	06570.00	04.0360	00.9997	0006.9258
Recharging:	06600.00	04.0390	00.9997	0006.9594
Recharging:	06630.00	04.0420	00.9997	0006.9931
Recharging:	06660.00	04.0450	00.9997	0007.0268
Recharging:	06690.00	04.0480	00.9997	0007.0605
Recharging:	06720.00	04.0510	00.9997	0007.0943
Recharging:	06750.00	04.0540	00.9997	0007.1281
Recharging:	06780.00	04.0570	00.9997	0007.1619
Recharging:	06810.00	04.0599	00.9997	0007.1957
Recharging:	06840.00	04.0630	00.9997	0007.2295
Recharging:	06870.00	04.0661	00.9997	0007.2634
Recharging:	06900.00	04.0693	00.9997	0007.2973
Recharging:	06930.00	04.0724	00.9997	0007.3312
Recharging:	06960.00	04.0755	00.9997	0007.3652
Recharging:	06990.00	04.0785	00.9997	0007.3992
Recharging:	07020.00	04.0816	00.9997	0007.4332
Recharging:	07050.00	04.0847	00.9997	0007.4672
Recharging:	07080.00	04.0879	00.9997	0007.5013
Recharging:	07110.00	04.0910	00.9997	0007.5353
Recharging:	07140.00	04.0941	00.9997	0007.5694
Recharging:	07170.00	04.0973	00.9997	0007.6036
Recharging:	07200.00	04.1004	00.9997	0007.6377
Recharging:	07230.00	04.1036	00.9997	0007.6719
Recharging:	07260.00	04.1067	00.9997	0007.7061
Recharging:	07290.00	04.1098	00.9997	0007.7404
Recharging:	07320.00	04.1130	00.9997	0007.7746
Recharging:	07350.00	04.1162	00.9997	0007.8089
Recharging:	07380.00	04.1193	00.9997	0007.8432
Recharging:	07410.00	04.1225	00.9997	0007.8776
Recharging:	07440.00	04.1257	00.9997	0007.9120
Recharging:	07470.00	04.1289	00.9997	0007.9464
Recharging:	07500.00	04.1320	00.9997	0007.9808
Recharging:	07530.00	04.1352	00.9997	0008.0152
Recharging:	07560.00	04.1383	00.9997	0008.0497
Recharging:	07590.00	04.1413	00.9997	0008.0842
Recharging:	07620.00	04.1445	00.9997	0008.1187
Recharging:	07650.00	04.1476	00.9997	0008.1533
Recharging:	07680.00	04.1508	00.9997	0008.1879
Recharging:	07710.00	04.1539	00.9997	0008.2225
Recharging:	07740.00	04.1570	00.9997	0008.2571
Recharging:	07770.00	04.1603	00.9997	0008.2918
Recharging:	07800.00	04.1634	00.9997	0008.3264
Recharging:	07830.00	04.1666	00.9997	0008.3612
Recharging:	07860.00	04.1697	00.9997	0008.3959
Recharging:	07890.00	04.1729	00.9997	0008.4307
Recharging:	07920.00	04.1760	00.9997	0008.4654
Recharging:	07950.00	04.1791	00.9997	0008.5003
Recharging:	07980.00	04.1821	00.9997	0008.5351
Recharging:	08010.00	04.1852	00.9997	0008.5700
Recharging:	08040.00	04.1883	00.9997	0008.6049
Recharging:	08070.00	04.1914	00.9997	0008.6398
Recharging:	08100.00	04.1945	00.9997	0008.6747
Recharging:	08130.00	04.1977	00.9997	0008.7097
Recharging:	08160.00	04.2007	00.9997	0008.7447
