Recovery:	00030.00	00.9635	00.0502	0000.0004
Recovery:	00060.00	01.8366	00.0495	0000.0012
Recovery:	00090.00	01.9645	00.0495	0000.0020
Recovery:	00120.00	02.0447	00.0495	0000.0028
Recovery:	00150.00	02.1078	00.0495	0000.0037
Recovery:	00180.00	02.1607	00.0495	0000.0046
Recovery:	00210.00	02.2057	00.0495	0000.0055
Recovery:	00240.00	02.2440	00.0495	0000.0064
Recovery:	00270.00	02.2762	00.0495	0000.0073
Recovery:	00300.00	02.3039	00.0495	0000.0083
Recovery:	00330.00	02.3281	00.0495	0000.0093
Recovery:	00360.00	02.3508	00.0495	0000.0102
Recovery:	00390.00	02.3721	00.0495	0000.0112
Recovery:	00420.00	02.3921	00.0495	0000.0122
Recovery:	00450.00	02.4103	00.0495	0000.0132
Recovery:	00480.00	02.4272	00.0495	0000.0142
Recovery:	00510.00	02.4430	00.0495	0000.0152
Recovery:	00540.00	02.4579	00.0495	0000.0162
Recovery:	00570.00	02.4721	00.0495	0000.0172
Recovery:	00600.00	02.4853	00.0495	0000.0183
Recovery:	00630.00	02.4980	00.0495	0000.0193
Recovery:	00660.00	02.5101	00.0495	0000.0203
Recovery:	00690.00	02.5217	00.0495	0000.0214
Recovery:	00720.00	02.5327	00.0495	0000.0224
Recovery:	00750.00	02.5436	00.0495	0000.0235
Recovery:	00780.00	02.5538	00.0495	0000.0245
Recovery:	00810.00	02.5641	00.0495	0000.0256
Recovery:	00840.00	02.5736	00.0495	0000.0266
Recovery:	00870.00	02.5831	00.0495	0000.0277
Recovery:	00900.00	02.5922	00.0495	0000.0288
Recovery:	00930.00	02.6012	00.0495	0000.0298
Recovery:	00960.00	02.6098	00.0495	0000.0309
Recovery:	00990.00	02.6183	00.0495	0000.0320
Recovery:	01020.00	02.6265	00.0495	0000.0331
Recovery:	01050.00	02.6346	00.0495	0000.0342
Recovery:	01080.00	02.6426	00.0495	0000.0353
Recovery:	01110.00	02.6505	00.0495	0000.0363
Recovery:	01140.00	02.6580	00.0495	0000.0374
Recovery:	01170.00	02.6656	00.0495	0000.0385
Recovery:	01200.00	02.6730	00.0495	0000.0396
Recovery:	01230.00	02.6804	00.0495	0000.0407
Recovery:	01260.00	02.6877	00.0495	0000.0419
Recovery:	01290.00	02.6948	00.0495	0000.0430
Recovery:	01320.00	02.7020	00.0495	0000.0441
Recovery:	01350.00	02.7090	00.0495	0000.0452
Recovery:	01380.00	02.7160	00.0495	0000.0463
Recovery:	01410.00	02.7230	00.0495	0000.0474
Recovery:	01440.00	02.7299	00.0495	0000.0486
Recovery:	01470.00	02.7368	00.0495	0000.0497
Recovery:	01500.00	02.7437	00.0495	0000.0508
Recovery:	01530.00	02.7505	00.0495	0000.0520
Recovery:	01560.00	02.7572	00.0495	0000.0531
Recovery:	01590.00	02.7641	00.0495	0000.0542
Recovery:	01620.00	02.7709	00.0495	0000.0554
Recovery:	01650.00	02.7775	00.0495	0000.0565
Recovery:	01680.00	02.7842	00.0495	0000.0577
Recovery:	01710.00	02.7910	00.0495	0000.0588
Recovery:	01740.00	02.7976	00.0495	0000.0600
Recovery:	01770.00	02.8043	00.0495	0000.0611
Recovery:	01800.00	02.8109	00.0495	0000.0623
Recovery:	01830.00	02.8174	00.0495	0000.0635
Recovery:	01860.00	02.8242	00.0495	0000.0646
Recovery:	01890.00	02.8308	00.0495	0000.0658
Recovery:	01920.00	02.8373	00.0495	0000.0670
Recovery:	01950.00	02.8438	00.0495	0000.0681
Recovery:	01980.00	02.8504	00.0495	0000.0693
Recovery:	02010.00	02.8567	00.0495	0000.0705
Recovery:	02040.00	02.8632	00.0495	0000.0717
Recovery:	02070.00	02.8696	00.0495	0000.0729
Recovery:	02100.00	02.8760	00.0495	0000.0740
Recovery:	02130.00	02.8823	00.0495	0000.0752
Recovery:	02160.00	02.8885	00.0495	0000.0764
Recovery:	02190.00	02.8946	00.0495	0000.0776
Recovery:	02220.00	02.9006	00.0495	0000.0788
Recovery:	02250.00	02.9067	00.0495	0000.0800
Recovery:	02280.00	02.9126	00.0495	0000.0812
Recovery:	02310.00	02.9183	00.0495	0000.0824
Recovery:	02340.00	02.9239	00.0495	0000.0836
Recovery:	02370.00	02.9294	00.0495	0000.0848
Recovery:	02400.00	02.9348	00.0495	0000.0860
Recovery:	02430.00	02.9400	00.0495	0000.0873
Recovery:	02460.00	02.9450	00.0495	0000.0885
Recovery:	02490.00	02.9500	00.0495	0000.0897
Recovery:	02520.00	02.9548	00.0495	0000.0909
Recovery:	02550.00	02.9596	00.0495	0000.0921
Recovery:	02580.00	02.9641	00.0495	0000.0934
Recovery:	02610.00	02.9686	00.0495	0000.0946
Recovery:	02640.00	02.9730	00.0495	0000.0958
Recovery:	02670.00	02.9773	00.0495	0000.0970
Recovery:	02700.00	02.9813	00.0495	0000.0983
Recovery:	02730.00	02.9854	00.0495	0000.0995
Recovery:	02760.00	02.9895	00.0495	0000.1007
Recovery:	02790.00	02.9936	00.0495	0000.1020
Recovery:	02820.00	02.9976	00.0495	0000.1032
Recovery:	02850.00	03.0014	00.0495	0000.1044
Charging:	00030.00	03.0604	00.5005	0000.0128
Charging:	00060.00	03.1420	00.5005	0000.0259
Charging:	00090.00	03.1835	00.5005	0000.0391
Charging:	00120.00	03.2163	00.5005	0000.0526
Charging:	00150.00	03.2442	00.5005	0000.0661
Charging:	00180.00	03.2695	00.5005	0000.0797
Charging:	00210.00	03.2923	00.5005	0000.0935
Charging:	00240.00	03.3133	00.5005	0000.1073
Charging:	00270.00	03.3328	00.5005	0000.1212
Charging:	00300.00	03.3511	00.5005	0000.1352
Charging:	00330.00	03.3681	00.5005	0000.1492
Charging:	00360.00	03.3841	00.5005	0000.1633
Charging:	00390.00	03.3990	00.5005	0000.1775
Charging:	00420.00	03.4131	00.5005	0000.1917
Charging:	00450.00	03.4265	00.5005	0000.2060
Charging:	00480.00	03.4390	00.5005	0000.2204
Charging:	00510.00	03.4511	00.5005	0000.2348
Charging:	00540.00	03.4625	00.5005	0000.2492
Charging:	00570.00	03.4733	00.5005	0000.2637
Charging:	00600.00	03.4835	00.5005	0000.2782
Charging:	00630.00	03.4934	00.5005	0000.2928
Charging:	00660.00	03.5028	00.5005	0000.3074
Charging:	00690.00	03.5118	00.5005	0000.3220
Charging:	00720.00	03.5202	00.5005	0000.3367
Charging:	00750.00	03.5283	00.5005	0000.3514
Charging:	00780.00	03.5356	00.5005	0000.3662
Charging:	00810.00	03.5415	00.5005	0000.3810
Charging:	00840.00	03.5458	00.5005	0000.3957
Charging:	00870.00	03.5488	00.5005	0000.4105
Charging:	00900.00	03.5511	00.5005	0000.4254
Charging:	00930.00	03.5529	00.5005	0000.4402
Charging:	00960.00	03.5544	00.5005	0000.4550
Charging:	00990.00	03.5557	00.5005	0000.4698
Charging:	01020.00	03.5570	00.5005	0000.4847
Charging:	01050.00	03.5585	00.5005	0000.4995
Charging:	01080.00	03.5598	00.5005	0000.5143
Charging:	01110.00	03.5612	00.5005	0000.5292
Charging:	01140.00	03.5628	00.5005	0000.5441
Charging:	01170.00	03.5644	00.5005	0000.5589
Charging:	01200.00	03.5660	00.5005	0000.5738
Charging:	01230.00	03.5677	00.5005	0000.5887
Charging:	01260.00	03.5695	00.5005	0000.6036
Charging:	01290.00	03.5712	00.5005	0000.6185
Charging:	01320.00	03.5729	00.5005	0000.6334
Charging:	01350.00	03.5747	00.5005	0000.6483
Charging:	01380.00	03.5764	00.5005	0000.6632
Charging:	01410.00	03.5781	00.5005	0000.6781
Charging:	01440.00	03.5799	00.5005	0000.6930
Charging:	01470.00	03.5814	00.5005	0000.7080
Charging:	01500.00	03.5833	00.5005	0000.7229
Charging:	01530.00	03.5850	00.5005	0000.7379
Charging:	01560.00	03.5867	00.5005	0000.7528
Charging:	01590.00	03.5885	00.5005	0000.7678
Charging:	01620.00	03.5903	00.5005	0000.7828
Charging:	01650.00	03.5921	00.5005	0000.7978
Charging:	01680.00	03.5939	00.5005	0000.8127
Charging:	01710.00	03.5957	00.5005	0000.8277
Charging:	01740.00	03.5975	00.5005	0000.8427
Charging:	01770.00	03.5994	00.5005	0000.8578
Charging:	01800.00	03.6012	00.5005	0000.8728
Charging:	01830.00	03.6031	00.5005	0000.8878
Charging:	01860.00	03.6051	00.5005	0000.9028
Charging:	01890.00	03.6071	00.5005	0000.9179
Charging:	01920.00	03.6091	00.5005	0000.9329
Charging:	01950.00	03.6113	00.5005	0000.9480
Charging:	01980.00	03.6134	00.5005	0000.9631
Charging:	02010.00	03.6157	00.5005	0000.9781
Charging:	02040.00	03.6179	00.5005	0000.9932
Charging:	02070.00	03.6202	00.5005	0001.0083
Charging:	02100.00	03.6224	00.5005	0001.0234
Charging:	02130.00	03.6247	00.5005	0001.0386
Charging:	02160.00	03.6270	00.5005	0001.0537
Charging:	02190.00	03.6293	00.5005	0001.0688
Charging:	02220.00	03.6314	00.5005	0001.0840
Charging:	02250.00	03.6338	00.5005	0001.0991
Charging:	02280.00	03.6360	00.5005	0001.1143
Charging:	02310.00	03.6382	00.5005	0001.1295
Charging:	02340.00	03.6404	00.5005	0001.1446
Charging:	02370.00	03.6425	00.5005	0001.1598
Charging:	02400.00	03.6448	00.5005	0001.1750
Charging:	02430.00	03.6471	00.5005	0001.1903
Charging:	02460.00	03.6495	00.5005	0001.2055
Charging:	02490.00	03.6518	00.5005	0001.2207
Charging:	02520.00	03.6542	00.5005	0001.2359
Charging:	02550.00	03.6566	00.5005	0001.2512
Charging:	02580.00	03.6589	00.5005	0001.2665
Charging:	02610.00	03.6611	00.5005	0001.2817
Charging:	02640.00	03.6633	00.5005	0001.2970
Charging:	02670.00	03.6654	00.5005	0001.3123
Charging:	02700.00	03.6675	00.5005	0001.3276
Charging:	02730.00	03.6694	00.5005	0001.3429
Charging:	02760.00	03.6713	00.5005	0001.3582
Charging:	02790.00	03.6732	00.5005	0001.3735
Charging:	02820.00	03.6751	00.5005	0001.3889
Charging:	02850.00	03.6769	00.5005	0001.4042
Charging:	02880.00	03.6785	00.5005	0001.4195
Charging:	02910.00	03.6803	00.5005	0001.4349
Charging:	02940.00	03.6819	00.5005	0001.4502
Charging:	02970.00	03.6835	00.5005	0001.4656
Charging:	03000.00	03.6849	00.5005	0001.4810
Charging:	03030.00	03.6864	00.5005	0001.4963
Charging:	03060.00	03.6878	00.5005	0001.5117
Charging:	03090.00	03.6892	00.5005	0001.5271
Charging:	03120.00	03.6905	00.5005	0001.5425
Charging:	03150.00	03.6920	00.5005	0001.5579
Charging:	03180.00	03.6933	00.5005	0001.5733
Charging:	03210.00	03.6946	00.5005	0001.5887
Charging:	03240.00	03.6959	00.5005	0001.6041
Charging:	03270.00	03.6973	00.5005	0001.6195
Charging:	03300.00	03.6986	00.5005	0001.6350
Charging:	03330.00	03.7000	00.5005	0001.6504
Charging:	03360.00	03.7013	00.5005	0001.6658
Charging:	03390.00	03.7027	00.5005	0001.6813
Charging:	03420.00	03.7042	00.5005	0001.6967
Charging:	03450.00	03.7056	00.5005	0001.7122
Charging:	03480.00	03.7071	00.5005	0001.7276
Charging:	03510.00	03.7086	00.5005	0001.7431
Charging:	03540.00	03.7101	00.5005	0001.7586
Charging:	03570.00	03.7117	00.5005	0001.7741
Charging:	03600.00	03.7133	00.5005	0001.7896
Charging:	03630.00	03.7150	00.5005	0001.8051
Charging:	03660.00	03.7167	00.5005	0001.8206
Charging:	03690.00	03.7185	00.5005	0001.8361
Charging:	03720.00	03.7204	00.5005	0001.8516
Charging:	03750.00	03.7223	00.5005	0001.8671
Charging:	03780.00	03.7242	00.5005	0001.8826
Charging:	03810.00	03.7260	00.5005	0001.8982
Charging:	03840.00	03.7280	00.5005	0001.9137
Charging:	03870.00	03.7300	00.5005	0001.9293
Charging:	03900.00	03.7321	00.5005	0001.9448
Charging:	03930.00	03.7343	00.5005	0001.9604
Charging:	03960.00	03.7365	00.5005	0001.9760
Charging:	03990.00	03.7388	00.5005	0001.9916
Charging:	04020.00	03.7412	00.5005	0002.0072
Charging:	04050.00	03.7435	00.5005	0002.0228
Charging:	04080.00	03.7460	00.5005	0002.0384
Charging:	04110.00	03.7486	00.5005	0002.0541
Charging:	04140.00	03.7512	00.5005	0002.0697
Charging:	04170.00	03.7538	00.5005	0002.0854
Charging:	04200.00	03.7565	00.5005	0002.1010
Charging:	04230.00	03.7593	00.5005	0002.1167
Charging:	04260.00	03.7621	00.5005	0002.1324
Charging:	04290.00	03.7650	00.5005	0002.1481
Charging:	04320.00	03.7678	00.5005	0002.1638
Charging:	04350.00	03.7708	00.5005	0002.1796
Charging:	04380.00	03.7739	00.5005	0002.1953
Charging:	04410.00	03.7769	00.5005	0002.2110
Charging:	04440.00	03.7801	00.5005	0002.2268
Charging:	04470.00	03.7833	00.5005	0002.2426
Charging:	04500.00	03.7866	00.5005	0002.2584
Charging:	04530.00	03.7899	00.5005	0002.2742
Charging:	04560.00	03.7931	00.5005	0002.2900
Charging:	04590.00	03.7964	00.5005	0002.3058
Charging:	04620.00	03.7998	00.5005	0002.3217
Charging:	04650.00	03.8034	00.5005	0002.3376
Charging:	04680.00	03.8068	00.5005	0002.3534
Charging:	04710.00	03.8101	00.5005	0002.3693
Charging:	04740.00	03.8136	00.5005	0002.3852
Charging:	04770.00	03.8170	00.5005	0002.4011
Charging:	04800.00	03.8205	00.5005	0002.4171
Charging:	04830.00	03.8240	00.5005	0002.4330
Charging:	04860.00	03.8274	00.5005	0002.4490
Charging:	04890.00	03.8310	00.5005	0002.4650
Charging:	04920.00	03.8344	00.5005	0002.4810
Charging:	04950.00	03.8379	00.5005	0002.4970
Charging:	04980.00	03.8414	00.5005	0002.5130
Charging:	05010.00	03.8449	00.5005	0002.5290
Charging:	05040.00	03.8482	00.5005	0002.5451
Charging:	05070.00	03.8515	00.5005	0002.5611
Charging:	05100.00	03.8549	00.5005	0002.5772
Charging:	05130.00	03.8582	00.5005	0002.5933
Charging:	05160.00	03.8616	00.5005	0002.6094
Charging:	05190.00	03.8648	00.5005	0002.6255
Charging:	05220.00	03.8681	00.5005	0002.6417
Charging:	05250.00	03.8713	00.5005	0002.6578
Charging:	05280.00	03.8745	00.5005	0002.6740
Charging:	05310.00	03.8776	00.5005	0002.6901
Charging:	05340.00	03.8807	00.5005	0002.7063
Charging:	05370.00	03.8837	00.5005	0002.7225
Charging:	05400.00	03.8867	00.5005	0002.7387
Charging:	05430.00	03.8897	00.5005	0002.7550
Charging:	05460.00	03.8927	00.5005	0002.7712
Charging:	05490.00	03.8955	00.5005	0002.7874
Charging:	05520.00	03.8984	00.5005	0002.8037
Charging:	05550.00	03.9013	00.5005	0002.8200
Charging:	05580.00	03.9040	00.5005	0002.8363
Charging:	05610.00	03.9068	00.5005	0002.8525
Charging:	05640.00	03.9095	00.5005	0002.8689
Charging:	05670.00	03.9122	00.5005	0002.8852
Charging:	05700.00	03.9148	00.5005	0002.9015
Charging:	05730.00	03.9174	00.5005	0002.9178
Charging:	05760.00	03.9200	00.5005	0002.9342
Charging:	05790.00	03.9226	00.5005	0002.9505
Charging:	05820.00	03.9251	00.5005	0002.9669
Charging:	05850.00	03.9276	00.5005	0002.9833
Charging:	05880.00	03.9301	00.5005	0002.9997
Charging:	05910.00	03.9325	00.5005	0003.0161
Charging:	05940.00	03.9349	00.5005	0003.0325
Charging:	05970.00	03.9373	00.5005	0003.0489
Charging:	06000.00	03.9396	00.5005	0003.0654
Charging:	06030.00	03.9420	00.5005	0003.0818
Charging:	06060.00	03.9443	00.5005	0003.0982
Charging:	06090.00	03.9467	00.5005	0003.1147
Charging:	06120.00	03.9490	00.5005	0003.1312
Charging:	06150.00	03.9513	00.5005	0003.1477
Charging:	06180.00	03.9537	00.5005	0003.1641
Charging:	06210.00	03.9560	00.5005	0003.1806
Charging:	06240.00	03.9582	00.5005	0003.1972
Charging:	06270.00	03.9604	00.5005	0003.2137
Charging:	06300.00	03.9627	00.5005	0003.2302
Charging:	06330.00	03.9649	00.5005	0003.2467
Charging:	06360.00	03.9672	00.5005	0003.2633
Charging:	06390.00	03.9694	00.5005	0003.2798
Charging:	06420.00	03.9717	00.5005	0003.2964
Charging:	06450.00	03.9740	00.5005	0003.3130
Charging:	06480.00	03.9762	00.5005	0003.3296
Charging:	06510.00	03.9785	00.5005	0003.3462
Charging:	06540.00	03.9807	00.5005	0003.3628
Charging:	06570.00	03.9830	00.5005	0003.3794
Charging:	06600.00	03.9853	00.5005	0003.3960
Charging:	06630.00	03.9876	00.5005	0003.4126
Charging:	06660.00	03.9899	00.5005	0003.4293
Charging:	06690.00	03.9921	00.5005	0003.4459
Charging:	06720.00	03.9945	00.5005	0003.4626
Charging:	06750.00	03.9968	00.5005	0003.4792
Charging:	06780.00	03.9992	00.5005	0003.4959
Charging:	06810.00	04.0015	00.5005	0003.5126
Charging:	06840.00	04.0040	00.5005	0003.5293
Charging:	06870.00	04.0064	00.5005	0003.5460
Charging:	06900.00	04.0089	00.5005	0003.5627
Charging:	06930.00	04.0113	00.5004	0003.5795
Charging:	06960.00	04.0138	00.5005	0003.5962
Charging:	06990.00	04.0163	00.5005	0003.6130
Charging:	07020.00	04.0188	00.5005	0003.6297
Charging:	07050.00	04.0214	00.5005	0003.6465
Charging:	07080.00	04.0240	00.5005	0003.6633
Charging:	07110.00	04.0266	00.5005	0003.6801
Charging:	07140.00	04.0293	00.5005	0003.6969
Charging:	07170.00	04.0319	00.5005	0003.7137
Charging:	07200.00	04.0346	00.5005	0003.7305
Charging:	07230.00	04.0373	00.5005	0003.7474
Charging:	07260.00	04.0400	00.5005	0003.7642
Charging:	07290.00	04.0427	00.5005	0003.7811
Charging:	07320.00	04.0454	00.5005	0003.7979
Charging:	07350.00	04.0482	00.5005	0003.8148
Charging:	07380.00	04.0509	00.5005	0003.8317
Charging:	07410.00	04.0537	00.5005	0003.8486
Charging:	07440.00	04.0565	00.5005	0003.8655
Charging:	07470.00	04.0592	00.5005	0003.8825
Charging:	07500.00	04.0620	00.5005	0003.8994
Charging:	07530.00	04.0647	00.5005	0003.9164
Charging:	07560.00	04.0673	00.5005	0003.9333
Charging:	07590.00	04.0700	00.5005	0003.9503
Charging:	07620.00	04.0727	00.5005	0003.9673
Charging:	07650.00	04.0752	00.5005	0003.9843
Charging:	07680.00	04.0777	00.5005	0004.0013
Charging:	07710.00	04.0803	00.5005	0004.0183
Charging:	07740.00	04.0828	00.5005	0004.0353
Charging:	07770.00	04.0852	00.5005	0004.0524
Charging:	07800.00	04.0876	00.5005	0004.0694
Charging:	07830.00	04.0900	00.5005	0004.0865
Charging:	07860.00	04.0923	00.5005	0004.1036
Charging:	07890.00	04.0946	00.5005	0004.1206
Charging:	07920.00	04.0969	00.5005	0004.1377
Charging:	07950.00	04.0990	00.5005	0004.1548
Charging:	07980.00	04.1013	00.5005	0004.1719
Charging:	08010.00	04.1035	00.5005	0004.1890
Charging:	08040.00	04.1057	00.5005	0004.2062
Charging:	08070.00	04.1079	00.5005	0004.2233
Charging:	08100.00	04.1101	00.5005	0004.2404
Charging:	08130.00	04.1123	00.5005	0004.2576
Charging:	08160.00	04.1145	00.5005	0004.2747
Charging:	08190.00	04.1168	00.5005	0004.2919
Charging:	08220.00	04.1190	00.5005	0004.3091
Charging:	08250.00	04.1213	00.5005	0004.3263
Charging:	08280.00	04.1236	00.5005	0004.3435
Charging:	08310.00	04.1258	00.5005	0004.3607
Charging:	08340.00	04.1283	00.5005	0004.3779
Charging:	08370.00	04.1306	00.5005	0004.3951
Charging:	08400.00	04.1330	00.5005	0004.4124
Charging:	08430.00	04.1354	00.5005	0004.4296
Charging:	08460.00	04.1382	00.5005	0004.4469
Charging:	08490.00	04.1406	00.5005	0004.4641
Charging:	08520.00	04.1431	00.5005	0004.4814
Charging:	08550.00	04.1458	00.5005	0004.4987
Charging:	08580.00	04.1484	00.5005	0004.5160
Charging:	08610.00	04.1511	00.5005	0004.5333
Charging:	08640.00	04.1539	00.5005	0004.5507
Charging:	08670.00	04.1566	00.5005	0004.5680
Charging:	08700.00	04.1595	00.5005	0004.5853
Charging:	08730.00	04.1624	00.5005	0004.6027
Charging:	08760.00	04.1654	00.5005	0004.6201
Charging:	08790.00	04.1684	00.5005	0004.6375
Charging:	08820.00	04.1716	00.5005	0004.6549
Charging:	08850.00	04.1747	00.5005	0004.6723
Charging:	08880.00	04.1779	00.5005	0004.6897
Charging:	08910.00	04.1811	00.5005	0004.7071
Charging:	08940.00	04.1844	00.5005	0004.7246
Charging:	08970.00	04.1879	00.5005	0004.7420
Charging:	09000.00	04.1913	00.5005	0004.7595
Charging:	09030.00	04.1948	00.5005	0004.7770
Charging:	09060.00	04.1984	00.5005	0004.7945
Charging:	09090.00	04.2020	00.5005	0004.8121
---------------------------
TESTING INTERNAL RESISTANCE
voltage while ON =  4.1590
current=-0.5003
OUTPUT OFF
voltage while OFF =  4.1761
Internal resistance =  0.0342 [Ohm]
OUTPUT ON
---------------------------
Discharging:	00030.00	04.1538	-0.5004	-000.0173
Discharging:	00060.00	04.1262	-0.5002	-000.0345
Discharging:	00090.00	04.1132	-0.5001	-000.0517
Discharging:	00120.00	04.1038	-0.5001	-000.0688
Discharging:	00150.00	04.0963	-0.5001	-000.0858
Discharging:	00180.00	04.0897	-0.5001	-000.1029
Discharging:	00210.00	04.0836	-0.5001	-000.1199
Discharging:	00240.00	04.0780	-0.5001	-000.1369
Discharging:	00270.00	04.0728	-0.5001	-000.1539
Discharging:	00300.00	04.0678	-0.5001	-000.1708
Discharging:	00330.00	04.0629	-0.5001	-000.1878
Discharging:	00360.00	04.0585	-0.5001	-000.2047
Discharging:	00390.00	04.0540	-0.5001	-000.2216
Discharging:	00420.00	04.0498	-0.5001	-000.2384
Discharging:	00450.00	04.0457	-0.5001	-000.2553
Discharging:	00480.00	04.0417	-0.5001	-000.2722
Discharging:	00510.00	04.0379	-0.5001	-000.2890
Discharging:	00540.00	04.0343	-0.5001	-000.3058
Discharging:	00570.00	04.0306	-0.5001	-000.3226
Discharging:	00600.00	04.0271	-0.5001	-000.3394
Discharging:	00630.00	04.0237	-0.5001	-000.3561
Discharging:	00660.00	04.0204	-0.5001	-000.3729
Discharging:	00690.00	04.0171	-0.5001	-000.3896
Discharging:	00720.00	04.0140	-0.5001	-000.4064
Discharging:	00750.00	04.0109	-0.5001	-000.4231
Discharging:	00780.00	04.0078	-0.5001	-000.4398
Discharging:	00810.00	04.0048	-0.5001	-000.4565
Discharging:	00840.00	04.0018	-0.5001	-000.4732
Discharging:	00870.00	03.9989	-0.5001	-000.4898
Discharging:	00900.00	03.9960	-0.5001	-000.5065
Discharging:	00930.00	03.9931	-0.5001	-000.5231
Discharging:	00960.00	03.9903	-0.5001	-000.5398
Discharging:	00990.00	03.9875	-0.5001	-000.5564
Discharging:	01020.00	03.9846	-0.5001	-000.5730
Discharging:	01050.00	03.9817	-0.5001	-000.5896
Discharging:	01080.00	03.9789	-0.5001	-000.6062
Discharging:	01110.00	03.9761	-0.5001	-000.6227
Discharging:	01140.00	03.9732	-0.5001	-000.6393
Discharging:	01170.00	03.9704	-0.5001	-000.6558
Discharging:	01200.00	03.9675	-0.5001	-000.6724
Discharging:	01230.00	03.9646	-0.5001	-000.6889
Discharging:	01260.00	03.9617	-0.5001	-000.7054
Discharging:	01290.00	03.9588	-0.5001	-000.7219
Discharging:	01320.00	03.9558	-0.5001	-000.7384
Discharging:	01350.00	03.9529	-0.5001	-000.7549
Discharging:	01380.00	03.9498	-0.5001	-000.7713
Discharging:	01410.00	03.9468	-0.5001	-000.7878
Discharging:	01440.00	03.9437	-0.5001	-000.8042
Discharging:	01470.00	03.9406	-0.5001	-000.8206
Discharging:	01500.00	03.9375	-0.5001	-000.8370
Discharging:	01530.00	03.9342	-0.5001	-000.8534
Discharging:	01560.00	03.9312	-0.5001	-000.8698
Discharging:	01590.00	03.9279	-0.5001	-000.8862
Discharging:	01620.00	03.9247	-0.5001	-000.9025
Discharging:	01650.00	03.9212	-0.5001	-000.9189
Discharging:	01680.00	03.9179	-0.5001	-000.9352
Discharging:	01710.00	03.9144	-0.5001	-000.9515
Discharging:	01740.00	03.9110	-0.5001	-000.9678
Discharging:	01770.00	03.9074	-0.5001	-000.9841
Discharging:	01800.00	03.9040	-0.5001	-001.0004
Discharging:	01830.00	03.9004	-0.5001	-001.0166
Discharging:	01860.00	03.8968	-0.5001	-001.0329
Discharging:	01890.00	03.8933	-0.5001	-001.0491
Discharging:	01920.00	03.8898	-0.5001	-001.0653
Discharging:	01950.00	03.8863	-0.5001	-001.0815
Discharging:	01980.00	03.8830	-0.5001	-001.0977
Discharging:	02010.00	03.8796	-0.5001	-001.1139
Discharging:	02040.00	03.8764	-0.5001	-001.1300
Discharging:	02070.00	03.8733	-0.5001	-001.1462
Discharging:	02100.00	03.8702	-0.5001	-001.1623
Discharging:	02130.00	03.8672	-0.5001	-001.1784
Discharging:	02160.00	03.8643	-0.5001	-001.1945
Discharging:	02190.00	03.8615	-0.5001	-001.2106
Discharging:	02220.00	03.8587	-0.5001	-001.2267
Discharging:	02250.00	03.8560	-0.5001	-001.2428
Discharging:	02280.00	03.8534	-0.5001	-001.2588
Discharging:	02310.00	03.8508	-0.5001	-001.2749
Discharging:	02340.00	03.8484	-0.5001	-001.2909
Discharging:	02370.00	03.8459	-0.5001	-001.3069
Discharging:	02400.00	03.8435	-0.5001	-001.3229
Discharging:	02430.00	03.8410	-0.5001	-001.3390
Discharging:	02460.00	03.8387	-0.5001	-001.3550
Discharging:	02490.00	03.8363	-0.5001	-001.3709
Discharging:	02520.00	03.8339	-0.5001	-001.3869
Discharging:	02550.00	03.8316	-0.5001	-001.4029
Discharging:	02580.00	03.8294	-0.5001	-001.4188
Discharging:	02610.00	03.8270	-0.5001	-001.4348
Discharging:	02640.00	03.8247	-0.5001	-001.4507
Discharging:	02670.00	03.8225	-0.5001	-001.4667
Discharging:	02700.00	03.8202	-0.5001	-001.4826
Discharging:	02730.00	03.8180	-0.5001	-001.4985
Discharging:	02760.00	03.8158	-0.5001	-001.5144
Discharging:	02790.00	03.8135	-0.5001	-001.5303
Discharging:	02820.00	03.8113	-0.5001	-001.5462
Discharging:	02850.00	03.8091	-0.5001	-001.5621
Discharging:	02880.00	03.8070	-0.5001	-001.5779
Discharging:	02910.00	03.8048	-0.5001	-001.5938
Discharging:	02940.00	03.8025	-0.5001	-001.6096
Discharging:	02970.00	03.8001	-0.5001	-001.6255
Discharging:	03000.00	03.7979	-0.5001	-001.6413
Discharging:	03030.00	03.7957	-0.5001	-001.6571
Discharging:	03060.00	03.7934	-0.5001	-001.6729
Discharging:	03090.00	03.7912	-0.5001	-001.6887
Discharging:	03120.00	03.7889	-0.5001	-001.7045
Discharging:	03150.00	03.7866	-0.5001	-001.7203
Discharging:	03180.00	03.7843	-0.5001	-001.7361
Discharging:	03210.00	03.7820	-0.5001	-001.7518
Discharging:	03240.00	03.7796	-0.5001	-001.7676
Discharging:	03270.00	03.7773	-0.5001	-001.7833
Discharging:	03300.00	03.7749	-0.5001	-001.7991
Discharging:	03330.00	03.7725	-0.5001	-001.8148
Discharging:	03360.00	03.7701	-0.5001	-001.8305
Discharging:	03390.00	03.7676	-0.5001	-001.8462
Discharging:	03420.00	03.7653	-0.5001	-001.8619
Discharging:	03450.00	03.7628	-0.5001	-001.8776
Discharging:	03480.00	03.7603	-0.5001	-001.8932
Discharging:	03510.00	03.7577	-0.5001	-001.9089
Discharging:	03540.00	03.7551	-0.5001	-001.9245
Discharging:	03570.00	03.7525	-0.5001	-001.9402
Discharging:	03600.00	03.7498	-0.5001	-001.9558
Discharging:	03630.00	03.7472	-0.5001	-001.9714
Discharging:	03660.00	03.7445	-0.5001	-001.9870
Discharging:	03690.00	03.7418	-0.5001	-002.0026
Discharging:	03720.00	03.7390	-0.5001	-002.0182
Discharging:	03750.00	03.7361	-0.5001	-002.0338
Discharging:	03780.00	03.7333	-0.5001	-002.0493
Discharging:	03810.00	03.7304	-0.5001	-002.0649
Discharging:	03840.00	03.7275	-0.5001	-002.0804
Discharging:	03870.00	03.7247	-0.5001	-002.0959
Discharging:	03900.00	03.7217	-0.5001	-002.1115
Discharging:	03930.00	03.7185	-0.5001	-002.1270
Discharging:	03960.00	03.7155	-0.5001	-002.1424
Discharging:	03990.00	03.7124	-0.5001	-002.1579
Discharging:	04020.00	03.7093	-0.5001	-002.1734
Discharging:	04050.00	03.7061	-0.5001	-002.1888
Discharging:	04080.00	03.7029	-0.5001	-002.2042
Discharging:	04110.00	03.6997	-0.5001	-002.2197
Discharging:	04140.00	03.6966	-0.5001	-002.2351
Discharging:	04170.00	03.6933	-0.5001	-002.2505
Discharging:	04200.00	03.6900	-0.5001	-002.2658
Discharging:	04230.00	03.6868	-0.5001	-002.2812
Discharging:	04260.00	03.6837	-0.5001	-002.2966
Discharging:	04290.00	03.6804	-0.5001	-002.3119
Discharging:	04320.00	03.6772	-0.5001	-002.3272
Discharging:	04350.00	03.6738	-0.5001	-002.3425
Discharging:	04380.00	03.6706	-0.5001	-002.3578
Discharging:	04410.00	03.6674	-0.5001	-002.3731
Discharging:	04440.00	03.6642	-0.5001	-002.3884
Discharging:	04470.00	03.6610	-0.5001	-002.4036
Discharging:	04500.00	03.6578	-0.5001	-002.4189
Discharging:	04530.00	03.6547	-0.5001	-002.4341
Discharging:	04560.00	03.6515	-0.5001	-002.4493
Discharging:	04590.00	03.6484	-0.5001	-002.4645
Discharging:	04620.00	03.6454	-0.5001	-002.4797
Discharging:	04650.00	03.6425	-0.5001	-002.4949
Discharging:	04680.00	03.6396	-0.5001	-002.5101
Discharging:	04710.00	03.6366	-0.5001	-002.5252
Discharging:	04740.00	03.6337	-0.5001	-002.5404
Discharging:	04770.00	03.6307	-0.5001	-002.5555
Discharging:	04800.00	03.6279	-0.5001	-002.5706
Discharging:	04830.00	03.6251	-0.5001	-002.5857
Discharging:	04860.00	03.6223	-0.5001	-002.6008
Discharging:	04890.00	03.6197	-0.5001	-002.6159
Discharging:	04920.00	03.6170	-0.5001	-002.6310
Discharging:	04950.00	03.6144	-0.5001	-002.6461
Discharging:	04980.00	03.6118	-0.5001	-002.6611
Discharging:	05010.00	03.6092	-0.5001	-002.6762
Discharging:	05040.00	03.6067	-0.5001	-002.6912
Discharging:	05070.00	03.6042	-0.5001	-002.7062
Discharging:	05100.00	03.6017	-0.5001	-002.7212
Discharging:	05130.00	03.5995	-0.5001	-002.7362
Discharging:	05160.00	03.5971	-0.5001	-002.7512
Discharging:	05190.00	03.5947	-0.5001	-002.7662
Discharging:	05220.00	03.5925	-0.5001	-002.7812
Discharging:	05250.00	03.5902	-0.5001	-002.7961
Discharging:	05280.00	03.5879	-0.5001	-002.8111
Discharging:	05310.00	03.5857	-0.5001	-002.8260
Discharging:	05340.00	03.5835	-0.5001	-002.8410
Discharging:	05370.00	03.5814	-0.5001	-002.8559
Discharging:	05400.00	03.5793	-0.5001	-002.8708
Discharging:	05430.00	03.5772	-0.5001	-002.8857
Discharging:	05460.00	03.5752	-0.5001	-002.9006
Discharging:	05490.00	03.5730	-0.5001	-002.9155
Discharging:	05520.00	03.5710	-0.5001	-002.9304
Discharging:	05550.00	03.5689	-0.5001	-002.9453
Discharging:	05580.00	03.5669	-0.5001	-002.9601
Discharging:	05610.00	03.5649	-0.5001	-002.9750
Discharging:	05640.00	03.5629	-0.5001	-002.9898
Discharging:	05670.00	03.5608	-0.5001	-003.0047
Discharging:	05700.00	03.5590	-0.5001	-003.0195
Discharging:	05730.00	03.5570	-0.5001	-003.0343
Discharging:	05760.00	03.5550	-0.5001	-003.0492
Discharging:	05790.00	03.5530	-0.5001	-003.0640
Discharging:	05820.00	03.5509	-0.5001	-003.0788
Discharging:	05850.00	03.5488	-0.5001	-003.0935
Discharging:	05880.00	03.5468	-0.5001	-003.1083
Discharging:	05910.00	03.5448	-0.5001	-003.1231
Discharging:	05940.00	03.5428	-0.5001	-003.1379
Discharging:	05970.00	03.5408	-0.5001	-003.1526
Discharging:	06000.00	03.5387	-0.5001	-003.1674
Discharging:	06030.00	03.5367	-0.5001	-003.1821
Discharging:	06060.00	03.5346	-0.5001	-003.1968
Discharging:	06090.00	03.5325	-0.5001	-003.2116
Discharging:	06120.00	03.5304	-0.5001	-003.2263
Discharging:	06150.00	03.5282	-0.5001	-003.2410
Discharging:	06180.00	03.5261	-0.5001	-003.2557
Discharging:	06210.00	03.5238	-0.5001	-003.2704
Discharging:	06240.00	03.5216	-0.5001	-003.2850
Discharging:	06270.00	03.5193	-0.5001	-003.2997
Discharging:	06300.00	03.5172	-0.5001	-003.3144
Discharging:	06330.00	03.5148	-0.5001	-003.3290
Discharging:	06360.00	03.5124	-0.5001	-003.3437
Discharging:	06390.00	03.5099	-0.5001	-003.3583
Discharging:	06420.00	03.5074	-0.5001	-003.3729
Discharging:	06450.00	03.5048	-0.5001	-003.3875
Discharging:	06480.00	03.5022	-0.5001	-003.4021
Discharging:	06510.00	03.4994	-0.5001	-003.4167
Discharging:	06540.00	03.4967	-0.5001	-003.4313
Discharging:	06570.00	03.4938	-0.5001	-003.4458
Discharging:	06600.00	03.4909	-0.5001	-003.4604
Discharging:	06630.00	03.4880	-0.5001	-003.4749
Discharging:	06660.00	03.4850	-0.5001	-003.4894
Discharging:	06690.00	03.4821	-0.5001	-003.5039
Discharging:	06720.00	03.4793	-0.5001	-003.5184
Discharging:	06750.00	03.4766	-0.5001	-003.5329
Discharging:	06780.00	03.4740	-0.5001	-003.5474
Discharging:	06810.00	03.4716	-0.5001	-003.5619
Discharging:	06840.00	03.4691	-0.5001	-003.5763
Discharging:	06870.00	03.4667	-0.5001	-003.5908
Discharging:	06900.00	03.4646	-0.5001	-003.6052
Discharging:	06930.00	03.4623	-0.5001	-003.6197
Discharging:	06960.00	03.4602	-0.5001	-003.6341
Discharging:	06990.00	03.4578	-0.5001	-003.6485
Discharging:	07020.00	03.4558	-0.5001	-003.6629
Discharging:	07050.00	03.4536	-0.5001	-003.6773
Discharging:	07080.00	03.4513	-0.5001	-003.6917
Discharging:	07110.00	03.4490	-0.5001	-003.7060
Discharging:	07140.00	03.4465	-0.5001	-003.7204
Discharging:	07170.00	03.4440	-0.5001	-003.7348
Discharging:	07200.00	03.4414	-0.5001	-003.7491
Discharging:	07230.00	03.4387	-0.5001	-003.7634
Discharging:	07260.00	03.4358	-0.5001	-003.7778
Discharging:	07290.00	03.4330	-0.5001	-003.7921
Discharging:	07320.00	03.4300	-0.5001	-003.8064
Discharging:	07350.00	03.4269	-0.5001	-003.8206
Discharging:	07380.00	03.4238	-0.5001	-003.8349
Discharging:	07410.00	03.4205	-0.5001	-003.8492
Discharging:	07440.00	03.4173	-0.5001	-003.8634
Discharging:	07470.00	03.4139	-0.5001	-003.8776
Discharging:	07500.00	03.4104	-0.5001	-003.8918
Discharging:	07530.00	03.4068	-0.5001	-003.9060
Discharging:	07560.00	03.4030	-0.5001	-003.9202
Discharging:	07590.00	03.3991	-0.5001	-003.9344
Discharging:	07620.00	03.3949	-0.5001	-003.9485
Discharging:	07650.00	03.3907	-0.5001	-003.9627
Discharging:	07680.00	03.3861	-0.5001	-003.9768
Discharging:	07710.00	03.3812	-0.5001	-003.9909
Discharging:	07740.00	03.3757	-0.5001	-004.0049
Discharging:	07770.00	03.3700	-0.5001	-004.0190
Discharging:	07800.00	03.3637	-0.5001	-004.0330
Discharging:	07830.00	03.3568	-0.5001	-004.0470
Discharging:	07860.00	03.3490	-0.5001	-004.0610
Discharging:	07890.00	03.3399	-0.5001	-004.0749
Discharging:	07920.00	03.3295	-0.5001	-004.0887
Discharging:	07950.00	03.3172	-0.5001	-004.1026
Discharging:	07980.00	03.3028	-0.5001	-004.1163
Discharging:	08010.00	03.2859	-0.5001	-004.1300
Discharging:	08040.00	03.2662	-0.5001	-004.1436
Discharging:	08070.00	03.2433	-0.5001	-004.1572
Discharging:	08100.00	03.2175	-0.5001	-004.1706
Discharging:	08130.00	03.1880	-0.5001	-004.1839
Discharging:	08160.00	03.1547	-0.5001	-004.1970
Discharging:	08190.00	03.1174	-0.5001	-004.2100
Discharging:	08220.00	03.0753	-0.5001	-004.2228
Discharging:	08250.00	03.0278	-0.5001	-004.2354
Discharging:	08280.00	02.9741	-0.5001	-004.2478
Recharging:	00030.00	03.0814	00.5008	0000.0129
Recharging:	00060.00	03.3096	00.5005	0000.0267
Recharging:	00090.00	03.3448	00.5005	0000.0406
Recharging:	00120.00	03.3710	00.5005	0000.0547
Recharging:	00150.00	03.3931	00.5004	0000.0688
Recharging:	00180.00	03.4122	00.5005	0000.0831
Recharging:	00210.00	03.4296	00.5005	0000.0974
Recharging:	00240.00	03.4455	00.5005	0000.1117
Recharging:	00270.00	03.4605	00.5005	0000.1262
Recharging:	00300.00	03.4743	00.5005	0000.1406
Recharging:	00330.00	03.4871	00.5005	0000.1552
Recharging:	00360.00	03.4989	00.5004	0000.1698
Recharging:	00390.00	03.5099	00.5005	0000.1844
Recharging:	00420.00	03.5188	00.5005	0000.1991
Recharging:	00450.00	03.5254	00.5005	0000.2138
Recharging:	00480.00	03.5296	00.5005	0000.2285
Recharging:	00510.00	03.5325	00.5004	0000.2433
Recharging:	00540.00	03.5347	00.5005	0000.2580
Recharging:	00570.00	03.5367	00.5004	0000.2727
Recharging:	00600.00	03.5385	00.5005	0000.2875
Recharging:	00630.00	03.5403	00.5004	0000.3023
Recharging:	00660.00	03.5422	00.5005	0000.3170
Recharging:	00690.00	03.5442	00.5005	0000.3318
Recharging:	00720.00	03.5463	00.5005	0000.3466
Recharging:	00750.00	03.5484	00.5004	0000.3614
Recharging:	00780.00	03.5506	00.5005	0000.3762
Recharging:	00810.00	03.5528	00.5005	0000.3910
Recharging:	00840.00	03.5550	00.5005	0000.4059
Recharging:	00870.00	03.5572	00.5005	0000.4207
Recharging:	00900.00	03.5593	00.5005	0000.4355
Recharging:	00930.00	03.5614	00.5005	0000.4504
Recharging:	00960.00	03.5635	00.5005	0000.4653
Recharging:	00990.00	03.5656	00.5005	0000.4801
Recharging:	01020.00	03.5678	00.5004	0000.4950
Recharging:	01050.00	03.5699	00.5005	0000.5099
Recharging:	01080.00	03.5720	00.5005	0000.5248
Recharging:	01110.00	03.5741	00.5005	0000.5397
Recharging:	01140.00	03.5762	00.5005	0000.5546
Recharging:	01170.00	03.5783	00.5005	0000.5695
Recharging:	01200.00	03.5804	00.5005	0000.5845
Recharging:	01230.00	03.5825	00.5005	0000.5994
Recharging:	01260.00	03.5847	00.5005	0000.6144
Recharging:	01290.00	03.5868	00.5005	0000.6293
Recharging:	01320.00	03.5890	00.5005	0000.6443
Recharging:	01350.00	03.5913	00.5005	0000.6593
Recharging:	01380.00	03.5935	00.5005	0000.6743
Recharging:	01410.00	03.5958	00.5005	0000.6892
Recharging:	01440.00	03.5982	00.5005	0000.7043
Recharging:	01470.00	03.6006	00.5005	0000.7193
Recharging:	01500.00	03.6029	00.5005	0000.7343
Recharging:	01530.00	03.6055	00.5005	0000.7493
Recharging:	01560.00	03.6080	00.5005	0000.7644
Recharging:	01590.00	03.6106	00.5004	0000.7794
Recharging:	01620.00	03.6132	00.5005	0000.7945
Recharging:	01650.00	03.6159	00.5005	0000.8096
Recharging:	01680.00	03.6185	00.5005	0000.8247
Recharging:	01710.00	03.6211	00.5005	0000.8398
Recharging:	01740.00	03.6236	00.5005	0000.8549
Recharging:	01770.00	03.6262	00.5005	0000.8700
Recharging:	01800.00	03.6286	00.5005	0000.8852
Recharging:	01830.00	03.6311	00.5005	0000.9003
Recharging:	01860.00	03.6338	00.5005	0000.9154
Recharging:	01890.00	03.6365	00.5005	0000.9306
Recharging:	01920.00	03.6391	00.5005	0000.9458
Recharging:	01950.00	03.6418	00.5005	0000.9610
Recharging:	01980.00	03.6443	00.5005	0000.9762
Recharging:	02010.00	03.6471	00.5005	0000.9914
Recharging:	02040.00	03.6497	00.5005	0001.0066
Recharging:	02070.00	03.6524	00.5005	0001.0218
Recharging:	02100.00	03.6551	00.5005	0001.0371
Recharging:	02130.00	03.6575	00.5005	0001.0523
Recharging:	02160.00	03.6599	00.5005	0001.0676
Recharging:	02190.00	03.6622	00.5005	0001.0829
Recharging:	02220.00	03.6645	00.5005	0001.0982
Recharging:	02250.00	03.6666	00.5005	0001.1135
Recharging:	02280.00	03.6688	00.5005	0001.1288
Recharging:	02310.00	03.6709	00.5005	0001.1441
Recharging:	02340.00	03.6728	00.5005	0001.1594
Recharging:	02370.00	03.6749	00.5005	0001.1747
Recharging:	02400.00	03.6768	00.5005	0001.1900
Recharging:	02430.00	03.6786	00.5005	0001.2054
Recharging:	02460.00	03.6805	00.5005	0001.2207
Recharging:	02490.00	03.6822	00.5005	0001.2361
Recharging:	02520.00	03.6839	00.5005	0001.2515
Recharging:	02550.00	03.6855	00.5005	0001.2668
Recharging:	02580.00	03.6872	00.5005	0001.2822
Recharging:	02610.00	03.6888	00.5005	0001.2976
Recharging:	02640.00	03.6903	00.5005	0001.3130
Recharging:	02670.00	03.6919	00.5005	0001.3284
Recharging:	02700.00	03.6935	00.5005	0001.3438
Recharging:	02730.00	03.6951	00.5005	0001.3592
Recharging:	02760.00	03.6967	00.5005	0001.3746
Recharging:	02790.00	03.6982	00.5005	0001.3900
Recharging:	02820.00	03.6998	00.5005	0001.4055
Recharging:	02850.00	03.7015	00.5005	0001.4209
Recharging:	02880.00	03.7032	00.5005	0001.4364
Recharging:	02910.00	03.7049	00.5005	0001.4518
Recharging:	02940.00	03.7066	00.5005	0001.4673
Recharging:	02970.00	03.7085	00.5005	0001.4827
Recharging:	03000.00	03.7103	00.5005	0001.4982
Recharging:	03030.00	03.7122	00.5005	0001.5137
Recharging:	03060.00	03.7141	00.5005	0001.5292
Recharging:	03090.00	03.7161	00.5005	0001.5447
Recharging:	03120.00	03.7181	00.5005	0001.5602
Recharging:	03150.00	03.7203	00.5005	0001.5757
Recharging:	03180.00	03.7224	00.5005	0001.5912
Recharging:	03210.00	03.7246	00.5005	0001.6068
Recharging:	03240.00	03.7267	00.5005	0001.6223
Recharging:	03270.00	03.7290	00.5005	0001.6379
Recharging:	03300.00	03.7314	00.5005	0001.6534
Recharging:	03330.00	03.7338	00.5005	0001.6690
Recharging:	03360.00	03.7363	00.5005	0001.6846
Recharging:	03390.00	03.7389	00.5005	0001.7002
Recharging:	03420.00	03.7414	00.5005	0001.7158
Recharging:	03450.00	03.7441	00.5005	0001.7314
Recharging:	03480.00	03.7469	00.5005	0001.7470
Recharging:	03510.00	03.7497	00.5005	0001.7626
Recharging:	03540.00	03.7525	00.5005	0001.7783
Recharging:	03570.00	03.7554	00.5005	0001.7940
Recharging:	03600.00	03.7584	00.5005	0001.8096
Recharging:	03630.00	03.7615	00.5005	0001.8253
Recharging:	03660.00	03.7645	00.5005	0001.8410
Recharging:	03690.00	03.7676	00.5005	0001.8567
Recharging:	03720.00	03.7708	00.5005	0001.8725
Recharging:	03750.00	03.7740	00.5005	0001.8882
Recharging:	03780.00	03.7773	00.5005	0001.9040
Recharging:	03810.00	03.7807	00.5005	0001.9197
Recharging:	03840.00	03.7841	00.5005	0001.9355
Recharging:	03870.00	03.7876	00.5005	0001.9513
Recharging:	03900.00	03.7910	00.5005	0001.9671
Recharging:	03930.00	03.7945	00.5005	0001.9829
Recharging:	03960.00	03.7980	00.5005	0001.9988
Recharging:	03990.00	03.8017	00.5005	0002.0146
Recharging:	04020.00	03.8053	00.5005	0002.0305
Recharging:	04050.00	03.8087	00.5004	0002.0464
Recharging:	04080.00	03.8123	00.5005	0002.0623
Recharging:	04110.00	03.8159	00.5005	0002.0782
Recharging:	04140.00	03.8195	00.5005	0002.0941
Recharging:	04170.00	03.8232	00.5005	0002.1101
Recharging:	04200.00	03.8267	00.5005	0002.1260
Recharging:	04230.00	03.8304	00.5005	0002.1420
Recharging:	04260.00	03.8339	00.5005	0002.1580
Recharging:	04290.00	03.8375	00.5005	0002.1740
Recharging:	04320.00	03.8411	00.5005	0002.1900
Recharging:	04350.00	03.8447	00.5005	0002.2061
Recharging:	04380.00	03.8482	00.5005	0002.2221
Recharging:	04410.00	03.8516	00.5005	0002.2382
Recharging:	04440.00	03.8550	00.5005	0002.2543
Recharging:	04470.00	03.8584	00.5005	0002.2703
Recharging:	04500.00	03.8619	00.5005	0002.2865
Recharging:	04530.00	03.8652	00.5005	0002.3026
Recharging:	04560.00	03.8685	00.5005	0002.3187
Recharging:	04590.00	03.8718	00.5005	0002.3349
Recharging:	04620.00	03.8750	00.5005	0002.3510
Recharging:	04650.00	03.8782	00.5005	0002.3672
Recharging:	04680.00	03.8813	00.5005	0002.3834
Recharging:	04710.00	03.8845	00.5005	0002.3996
Recharging:	04740.00	03.8875	00.5005	0002.4158
Recharging:	04770.00	03.8905	00.5005	0002.4320
Recharging:	04800.00	03.8935	00.5005	0002.4483
Recharging:	04830.00	03.8964	00.5005	0002.4645
Recharging:	04860.00	03.8993	00.5005	0002.4808
Recharging:	04890.00	03.9022	00.5005	0002.4970
Recharging:	04920.00	03.9049	00.5005	0002.5133
Recharging:	04950.00	03.9077	00.5005	0002.5296
Recharging:	04980.00	03.9105	00.5005	0002.5459
Recharging:	05010.00	03.9132	00.5005	0002.5623
Recharging:	05040.00	03.9159	00.5005	0002.5786
Recharging:	05070.00	03.9186	00.5005	0002.5949
Recharging:	05100.00	03.9212	00.5005	0002.6113
Recharging:	05130.00	03.9238	00.5005	0002.6277
Recharging:	05160.00	03.9264	00.5005	0002.6440
Recharging:	05190.00	03.9289	00.5005	0002.6604
Recharging:	05220.00	03.9314	00.5005	0002.6768
Recharging:	05250.00	03.9338	00.5005	0002.6932
Recharging:	05280.00	03.9362	00.5005	0002.7096
Recharging:	05310.00	03.9387	00.5005	0002.7261
Recharging:	05340.00	03.9411	00.5005	0002.7425
Recharging:	05370.00	03.9436	00.5005	0002.7590
Recharging:	05400.00	03.9459	00.5005	0002.7754
Recharging:	05430.00	03.9484	00.5005	0002.7919
Recharging:	05460.00	03.9507	00.5005	0002.8084
Recharging:	05490.00	03.9531	00.5005	0002.8248
Recharging:	05520.00	03.9554	00.5005	0002.8413
Recharging:	05550.00	03.9577	00.5005	0002.8578
Recharging:	05580.00	03.9600	00.5005	0002.8744
Recharging:	05610.00	03.9623	00.5005	0002.8909
Recharging:	05640.00	03.9647	00.5005	0002.9074
Recharging:	05670.00	03.9670	00.5005	0002.9240
Recharging:	05700.00	03.9693	00.5005	0002.9405
Recharging:	05730.00	03.9716	00.5005	0002.9571
Recharging:	05760.00	03.9739	00.5005	0002.9737
Recharging:	05790.00	03.9762	00.5005	0002.9902
Recharging:	05820.00	03.9785	00.5005	0003.0068
Recharging:	05850.00	03.9809	00.5005	0003.0234
Recharging:	05880.00	03.9832	00.5005	0003.0400
Recharging:	05910.00	03.9855	00.5005	0003.0567
Recharging:	05940.00	03.9880	00.5005	0003.0733
Recharging:	05970.00	03.9902	00.5005	0003.0899
Recharging:	06000.00	03.9926	00.5005	0003.1066
Recharging:	06030.00	03.9950	00.5005	0003.1233
Recharging:	06060.00	03.9974	00.5005	0003.1399
Recharging:	06090.00	03.9999	00.5005	0003.1566
Recharging:	06120.00	04.0023	00.5005	0003.1733
Recharging:	06150.00	04.0048	00.5005	0003.1900
Recharging:	06180.00	04.0073	00.5005	0003.2067
Recharging:	06210.00	04.0098	00.5005	0003.2234
Recharging:	06240.00	04.0124	00.5005	0003.2402
Recharging:	06270.00	04.0150	00.5005	0003.2569
Recharging:	06300.00	04.0175	00.5005	0003.2737
Recharging:	06330.00	04.0202	00.5005	0003.2904
Recharging:	06360.00	04.0228	00.5005	0003.3072
Recharging:	06390.00	04.0255	00.5005	0003.3240
Recharging:	06420.00	04.0282	00.5005	0003.3408
Recharging:	06450.00	04.0308	00.5005	0003.3576
Recharging:	06480.00	04.0336	00.5005	0003.3744
Recharging:	06510.00	04.0363	00.5005	0003.3913
Recharging:	06540.00	04.0391	00.5005	0003.4081
Recharging:	06570.00	04.0419	00.5005	0003.4250
Recharging:	06600.00	04.0447	00.5005	0003.4419
Recharging:	06630.00	04.0475	00.5005	0003.4587
Recharging:	06660.00	04.0504	00.5005	0003.4756
Recharging:	06690.00	04.0532	00.5005	0003.4925
Recharging:	06720.00	04.0561	00.5005	0003.5094
Recharging:	06750.00	04.0588	00.5005	0003.5264
Recharging:	06780.00	04.0616	00.5005	0003.5433
Recharging:	06810.00	04.0644	00.5005	0003.5603
Recharging:	06840.00	04.0671	00.5005	0003.5772
Recharging:	06870.00	04.0699	00.5005	0003.5942
Recharging:	06900.00	04.0725	00.5005	0003.6112
Recharging:	06930.00	04.0751	00.5005	0003.6282
Recharging:	06960.00	04.0777	00.5005	0003.6452
Recharging:	06990.00	04.0803	00.5005	0003.6622
Recharging:	07020.00	04.0828	00.5005	0003.6792
Recharging:	07050.00	04.0853	00.5005	0003.6963
Recharging:	07080.00	04.0877	00.5005	0003.7133
Recharging:	07110.00	04.0902	00.5005	0003.7304
Recharging:	07140.00	04.0925	00.5005	0003.7474
Recharging:	07170.00	04.0948	00.5005	0003.7645
Recharging:	07200.00	04.0971	00.5005	0003.7816
Recharging:	07230.00	04.0994	00.5005	0003.7987
Recharging:	07260.00	04.1017	00.5005	0003.8158
Recharging:	07290.00	04.1039	00.5005	0003.8329
Recharging:	07320.00	04.1062	00.5005	0003.8501
Recharging:	07350.00	04.1084	00.5005	0003.8672
Recharging:	07380.00	04.1107	00.5005	0003.8843
Recharging:	07410.00	04.1130	00.5005	0003.9015
Recharging:	07440.00	04.1152	00.5005	0003.9187
Recharging:	07470.00	04.1175	00.5005	0003.9358
Recharging:	07500.00	04.1198	00.5005	0003.9530
Recharging:	07530.00	04.1222	00.5005	0003.9702
Recharging:	07560.00	04.1245	00.5005	0003.9874
Recharging:	07590.00	04.1269	00.5005	0004.0046
Recharging:	07620.00	04.1293	00.5005	0004.0218
Recharging:	07650.00	04.1318	00.5005	0004.0391
Recharging:	07680.00	04.1343	00.5005	0004.0563
Recharging:	07710.00	04.1369	00.5005	0004.0736
Recharging:	07740.00	04.1396	00.5005	0004.0908
Recharging:	07770.00	04.1421	00.5005	0004.1081
Recharging:	07800.00	04.1448	00.5005	0004.1254
Recharging:	07830.00	04.1475	00.5005	0004.1427
Recharging:	07860.00	04.1503	00.5005	0004.1600
Recharging:	07890.00	04.1531	00.5005	0004.1773
Recharging:	07920.00	04.1560	00.5005	0004.1947
Recharging:	07950.00	04.1589	00.5005	0004.2120
Recharging:	07980.00	04.1618	00.5005	0004.2294
Recharging:	08010.00	04.1649	00.5005	0004.2467
Recharging:	08040.00	04.1681	00.5005	0004.2641
Recharging:	08070.00	04.1712	00.5005	0004.2815
Recharging:	08100.00	04.1745	00.5005	0004.2989
Recharging:	08130.00	04.1778	00.5005	0004.3163
Recharging:	08160.00	04.1810	00.5005	0004.3338
Recharging:	08190.00	04.1844	00.5005	0004.3512
Recharging:	08220.00	04.1879	00.5005	0004.3687
Recharging:	08250.00	04.1916	00.5005	0004.3862
Recharging:	08280.00	04.1951	00.5005	0004.4037
Recharging:	08310.00	04.1988	00.5005	0004.4212
Recharging:	08340.00	04.2025	00.5005	0004.4387
