---------------------------
TESTING INTERNAL RESISTANCE
voltage while ON =  1.5886
current= 0.5013
OUTPUT OFF
voltage while OFF =  1.3506
Internal resistance =  0.4747 [Ohm]
OUTPUT ON
---------------------------
Charging:	00030.00	01.5270	00.5012	0000.0064
Charging:	00060.00	01.5763	00.5004	0000.0130
Charging:	00090.00	01.5721	00.5004	0000.0195
Charging:	00120.00	01.5693	00.5004	0000.0261
Charging:	00150.00	01.5681	00.5004	0000.0326
Charging:	00180.00	01.5671	00.5004	0000.0391
Charging:	00210.00	01.5659	00.5004	0000.0457
Charging:	00240.00	01.5650	00.5004	0000.0522
Charging:	00270.00	01.5639	00.5004	0000.0587
Charging:	00300.00	01.5623	00.5004	0000.0652
Charging:	00330.00	01.5611	00.5004	0000.0717
Charging:	00360.00	01.5601	00.5004	0000.0782
Charging:	00390.00	01.5591	00.5004	0000.0847
Charging:	00420.00	01.5579	00.5004	0000.0912
Charging:	00450.00	01.5569	00.5004	0000.0977
Charging:	00480.00	01.5559	00.5004	0000.1042
Charging:	00510.00	01.5550	00.5004	0000.1107
Charging:	00540.00	01.5545	00.5005	0000.1172
Charging:	00570.00	01.5539	00.5004	0000.1237
Charging:	00600.00	01.5529	00.5005	0000.1301
Charging:	00630.00	01.5521	00.5004	0000.1366
Charging:	00660.00	01.5512	00.5005	0000.1431
Charging:	00690.00	01.5506	00.5004	0000.1495
Charging:	00720.00	01.5500	00.5004	0000.1560
Charging:	00750.00	01.5492	00.5005	0000.1625
Charging:	00780.00	01.5484	00.5005	0000.1689
Charging:	00810.00	01.5476	00.5005	0000.1754
Charging:	00840.00	01.5469	00.5004	0000.1818
Charging:	00870.00	01.5463	00.5005	0000.1883
Charging:	00900.00	01.5456	00.5004	0000.1947
Charging:	00930.00	01.5450	00.5004	0000.2012
Charging:	00960.00	01.5445	00.5004	0000.2076
Charging:	00990.00	01.5438	00.5005	0000.2141
Charging:	01020.00	01.5431	00.5005	0000.2205
Charging:	01050.00	01.5425	00.5004	0000.2269
Charging:	01080.00	01.5419	00.5005	0000.2334
Charging:	01110.00	01.5413	00.5004	0000.2398
Charging:	01140.00	01.5408	00.5005	0000.2462
Charging:	01170.00	01.5403	00.5004	0000.2526
Charging:	01200.00	01.5398	00.5004	0000.2591
Charging:	01230.00	01.5394	00.5004	0000.2655
Charging:	01260.00	01.5391	00.5005	0000.2719
Charging:	01290.00	01.5385	00.5004	0000.2783
Charging:	01320.00	01.5381	00.5005	0000.2847
Charging:	01350.00	01.5377	00.5005	0000.2911
Charging:	01380.00	01.5373	00.5004	0000.2975
Charging:	01410.00	01.5369	00.5004	0000.3040
Charging:	01440.00	01.5365	00.5005	0000.3104
Charging:	01470.00	01.5362	00.5005	0000.3168
Charging:	01500.00	01.5359	00.5005	0000.3232
Charging:	01530.00	01.5354	00.5005	0000.3296
Charging:	01560.00	01.5351	00.5005	0000.3360
Charging:	01590.00	01.5347	00.5004	0000.3424
Charging:	01620.00	01.5344	00.5004	0000.3488
Charging:	01650.00	01.5341	00.5005	0000.3552
Charging:	01680.00	01.5337	00.5004	0000.3616
Charging:	01710.00	01.5334	00.5005	0000.3680
Charging:	01740.00	01.5331	00.5005	0000.3744
Charging:	01770.00	01.5327	00.5004	0000.3808
Charging:	01800.00	01.5325	00.5004	0000.3871
Charging:	01830.00	01.5322	00.5005	0000.3935
Charging:	01860.00	01.5319	00.5005	0000.3999
Charging:	01890.00	01.5316	00.5004	0000.4063
Charging:	01920.00	01.5313	00.5005	0000.4127
Charging:	01950.00	01.5310	00.5004	0000.4191
Charging:	01980.00	01.5308	00.5005	0000.4255
Charging:	02010.00	01.5304	00.5005	0000.4318
Charging:	02040.00	01.5302	00.5005	0000.4382
Charging:	02070.00	01.5300	00.5005	0000.4446
Charging:	02100.00	01.5298	00.5005	0000.4510
Charging:	02130.00	01.5296	00.5004	0000.4574
Charging:	02160.00	01.5293	00.5004	0000.4637
Charging:	02190.00	01.5291	00.5005	0000.4701
Charging:	02220.00	01.5288	00.5005	0000.4765
Charging:	02250.00	01.5286	00.5005	0000.4829
Charging:	02280.00	01.5284	00.5005	0000.4893
Charging:	02310.00	01.5281	00.5005	0000.4956
Charging:	02340.00	01.5279	00.5004	0000.5020
Charging:	02370.00	01.5277	00.5005	0000.5084
Charging:	02400.00	01.5275	00.5004	0000.5147
Charging:	02430.00	01.5273	00.5005	0000.5211
Charging:	02460.00	01.5271	00.5005	0000.5275
Charging:	02490.00	01.5269	00.5005	0000.5338
Charging:	02520.00	01.5266	00.5004	0000.5402
Charging:	02550.00	01.5264	00.5004	0000.5466
Charging:	02580.00	01.5262	00.5005	0000.5529
Charging:	02610.00	01.5260	00.5004	0000.5593
Charging:	02640.00	01.5258	00.5005	0000.5657
Charging:	02670.00	01.5255	00.5004	0000.5720
Charging:	02700.00	01.5254	00.5004	0000.5784
Charging:	02730.00	01.5253	00.5005	0000.5848
Charging:	02760.00	01.5251	00.5005	0000.5911
Charging:	02790.00	01.5250	00.5004	0000.5975
Charging:	02820.00	01.5248	00.5004	0000.6038
Charging:	02850.00	01.5247	00.5004	0000.6102
Charging:	02880.00	01.5246	00.5005	0000.6165
Charging:	02910.00	01.5245	00.5004	0000.6229
Charging:	02940.00	01.5243	00.5004	0000.6293
Charging:	02970.00	01.5242	00.5004	0000.6356
Charging:	03000.00	01.5241	00.5004	0000.6420
Charging:	03030.00	01.5240	00.5005	0000.6483
Charging:	03060.00	01.5238	00.5005	0000.6547
Charging:	03090.00	01.5236	00.5004	0000.6610
Charging:	03120.00	01.5235	00.5005	0000.6674
Charging:	03150.00	01.5234	00.5004	0000.6737
Charging:	03180.00	01.5232	00.5005	0000.6801
Charging:	03210.00	01.5231	00.5004	0000.6865
Charging:	03240.00	01.5230	00.5005	0000.6928
Charging:	03270.00	01.5229	00.5005	0000.6992
Charging:	03300.00	01.5228	00.5005	0000.7055
Charging:	03330.00	01.5227	00.5005	0000.7119
Charging:	03360.00	01.5226	00.5004	0000.7182
Charging:	03390.00	01.5225	00.5004	0000.7246
Charging:	03420.00	01.5225	00.5004	0000.7309
Charging:	03450.00	01.5223	00.5004	0000.7373
Charging:	03480.00	01.5222	00.5005	0000.7436
Charging:	03510.00	01.5221	00.5005	0000.7499
Charging:	03540.00	01.5220	00.5004	0000.7563
Charging:	03570.00	01.5219	00.5004	0000.7626
Charging:	03600.00	01.5218	00.5005	0000.7690
Charging:	03630.00	01.5217	00.5005	0000.7753
Charging:	03660.00	01.5217	00.5004	0000.7817
Charging:	03690.00	01.5217	00.5005	0000.7880
Charging:	03720.00	01.5216	00.5004	0000.7944
Charging:	03750.00	01.5216	00.5005	0000.8007
Charging:	03780.00	01.5215	00.5005	0000.8071
Charging:	03810.00	01.5215	00.5005	0000.8134
Charging:	03840.00	01.5215	00.5005	0000.8198
Charging:	03870.00	01.5214	00.5004	0000.8261
Charging:	03900.00	01.5214	00.5004	0000.8324
Charging:	03930.00	01.5213	00.5005	0000.8388
Charging:	03960.00	01.5212	00.5004	0000.8451
Charging:	03990.00	01.5212	00.5005	0000.8515
Charging:	04020.00	01.5212	00.5005	0000.8578
Charging:	04050.00	01.5211	00.5005	0000.8642
Charging:	04080.00	01.5210	00.5005	0000.8705
Charging:	04110.00	01.5210	00.5004	0000.8769
Charging:	04140.00	01.5209	00.5005	0000.8832
Charging:	04170.00	01.5208	00.5005	0000.8895
Charging:	04200.00	01.5208	00.5005	0000.8959
Charging:	04230.00	01.5208	00.5005	0000.9022
Charging:	04260.00	01.5208	00.5005	0000.9086
Charging:	04290.00	01.5207	00.5005	0000.9149
Charging:	04320.00	01.5206	00.5005	0000.9212
Charging:	04350.00	01.5206	00.5005	0000.9276
Charging:	04380.00	01.5205	00.5005	0000.9339
Charging:	04410.00	01.5205	00.5005	0000.9403
Charging:	04440.00	01.5204	00.5004	0000.9466
Charging:	04470.00	01.5204	00.5005	0000.9530
Charging:	04500.00	01.5204	00.5005	0000.9593
Charging:	04530.00	01.5204	00.5005	0000.9656
Charging:	04560.00	01.5203	00.5005	0000.9720
Charging:	04590.00	01.5203	00.5005	0000.9783
Charging:	04620.00	01.5204	00.5005	0000.9847
Charging:	04650.00	01.5203	00.5005	0000.9910
Charging:	04680.00	01.5203	00.5004	0000.9973
Charging:	04710.00	01.5203	00.5005	0001.0037
Charging:	04740.00	01.5203	00.5005	0001.0100
Charging:	04770.00	01.5203	00.5005	0001.0164
Charging:	04800.00	01.5203	00.5004	0001.0227
Charging:	04830.00	01.5202	00.5004	0001.0290
Charging:	04860.00	01.5202	00.5004	0001.0354
Charging:	04890.00	01.5202	00.5005	0001.0417
Charging:	04920.00	01.5202	00.5005	0001.0481
Charging:	04950.00	01.5203	00.5005	0001.0544
Charging:	04980.00	01.5203	00.5004	0001.0607
Charging:	05010.00	01.5203	00.5005	0001.0671
Charging:	05040.00	01.5203	00.5005	0001.0734
Charging:	05070.00	01.5203	00.5005	0001.0798
Charging:	05100.00	01.5203	00.5005	0001.0861
Charging:	05130.00	01.5204	00.5005	0001.0924
Charging:	05160.00	01.5204	00.5005	0001.0988
Charging:	05190.00	01.5204	00.5005	0001.1051
Charging:	05220.00	01.5205	00.5005	0001.1115
Charging:	05250.00	01.5206	00.5005	0001.1178
Charging:	05280.00	01.5205	00.5004	0001.1242
Charging:	05310.00	01.5206	00.5005	0001.1305
Charging:	05340.00	01.5206	00.5004	0001.1368
Charging:	05370.00	01.5206	00.5004	0001.1432
Charging:	05400.00	01.5207	00.5005	0001.1495
Charging:	05430.00	01.5207	00.5005	0001.1559
Charging:	05460.00	01.5207	00.5005	0001.1622
Charging:	05490.00	01.5208	00.5005	0001.1685
Charging:	05520.00	01.5209	00.5005	0001.1749
Charging:	05550.00	01.5209	00.5004	0001.1812
Charging:	05580.00	01.5209	00.5004	0001.1876
Charging:	05610.00	01.5209	00.5005	0001.1939
Charging:	05640.00	01.5210	00.5004	0001.2003
Charging:	05670.00	01.5210	00.5005	0001.2066
Charging:	05700.00	01.5210	00.5005	0001.2129
Charging:	05730.00	01.5210	00.5005	0001.2193
Charging:	05760.00	01.5211	00.5005	0001.2256
Charging:	05790.00	01.5212	00.5005	0001.2320
Charging:	05820.00	01.5212	00.5005	0001.2383
Charging:	05850.00	01.5213	00.5004	0001.2447
Charging:	05880.00	01.5214	00.5005	0001.2510
Charging:	05910.00	01.5214	00.5005	0001.2574
Charging:	05940.00	01.5215	00.5005	0001.2637
Charging:	05970.00	01.5216	00.5005	0001.2700
Charging:	06000.00	01.5217	00.5005	0001.2764
Charging:	06030.00	01.5217	00.5005	0001.2827
Charging:	06060.00	01.5218	00.5005	0001.2891
Charging:	06090.00	01.5219	00.5005	0001.2954
Charging:	06120.00	01.5220	00.5005	0001.3018
Charging:	06150.00	01.5220	00.5005	0001.3081
Charging:	06180.00	01.5221	00.5005	0001.3145
Charging:	06210.00	01.5222	00.5005	0001.3208
Charging:	06240.00	01.5223	00.5005	0001.3272
Charging:	06270.00	01.5224	00.5005	0001.3335
Charging:	06300.00	01.5225	00.5005	0001.3399
Charging:	06330.00	01.5226	00.5005	0001.3462
Charging:	06360.00	01.5227	00.5005	0001.3526
Charging:	06390.00	01.5228	00.5005	0001.3589
Charging:	06420.00	01.5229	00.5005	0001.3653
Charging:	06450.00	01.5230	00.5005	0001.3716
Charging:	06480.00	01.5231	00.5005	0001.3780
Charging:	06510.00	01.5232	00.5004	0001.3843
Charging:	06540.00	01.5233	00.5005	0001.3907
Charging:	06570.00	01.5234	00.5005	0001.3970
Charging:	06600.00	01.5235	00.5005	0001.4034
Charging:	06630.00	01.5236	00.5005	0001.4097
Charging:	06660.00	01.5237	00.5005	0001.4161
Charging:	06690.00	01.5238	00.5004	0001.4225
Charging:	06720.00	01.5240	00.5005	0001.4288
Charging:	06750.00	01.5241	00.5005	0001.4352
Charging:	06780.00	01.5243	00.5005	0001.4415
Charging:	06810.00	01.5244	00.5005	0001.4479
Charging:	06840.00	01.5245	00.5005	0001.4542
Charging:	06870.00	01.5245	00.5005	0001.4606
Charging:	06900.00	01.5247	00.5005	0001.4670
Charging:	06930.00	01.5248	00.5005	0001.4733
Charging:	06960.00	01.5249	00.5005	0001.4797
Charging:	06990.00	01.5250	00.5004	0001.4860
Charging:	07020.00	01.5252	00.5005	0001.4924
Charging:	07050.00	01.5253	00.5005	0001.4988
Charging:	07080.00	01.5254	00.5005	0001.5051
Charging:	07110.00	01.5256	00.5005	0001.5115
Charging:	07140.00	01.5257	00.5005	0001.5178
Charging:	07170.00	01.5259	00.5005	0001.5242
Charging:	07200.00	01.5259	00.5005	0001.5306
Charging:	07230.00	01.5261	00.5005	0001.5369
Charging:	07260.00	01.5263	00.5004	0001.5433
Charging:	07290.00	01.5264	00.5005	0001.5497
Charging:	07320.00	01.5266	00.5005	0001.5560
Charging:	07350.00	01.5267	00.5005	0001.5624
Charging:	07380.00	01.5268	00.5005	0001.5688
Charging:	07410.00	01.5269	00.5005	0001.5751
Charging:	07440.00	01.5271	00.5005	0001.5815
Charging:	07470.00	01.5272	00.5005	0001.5879
Charging:	07500.00	01.5273	00.5005	0001.5942
Charging:	07530.00	01.5274	00.5005	0001.6006
Charging:	07560.00	01.5276	00.5005	0001.6070
Charging:	07590.00	01.5277	00.5005	0001.6134
Charging:	07620.00	01.5279	00.5005	0001.6197
Charging:	07650.00	01.5280	00.5005	0001.6261
Charging:	07680.00	01.5281	00.5005	0001.6325
Charging:	07710.00	01.5283	00.5005	0001.6389
Charging:	07740.00	01.5285	00.5005	0001.6452
Charging:	07770.00	01.5286	00.5005	0001.6516
Charging:	07800.00	01.5288	00.5005	0001.6580
Charging:	07830.00	01.5290	00.5005	0001.6644
Charging:	07860.00	01.5292	00.5005	0001.6707
Charging:	07890.00	01.5293	00.5005	0001.6771
Charging:	07920.00	01.5294	00.5005	0001.6835
Charging:	07950.00	01.5296	00.5005	0001.6899
Charging:	07980.00	01.5297	00.5005	0001.6962
Charging:	08010.00	01.5299	00.5005	0001.7026
Charging:	08040.00	01.5300	00.5005	0001.7090
Charging:	08070.00	01.5302	00.5005	0001.7154
Charging:	08100.00	01.5304	00.5004	0001.7218
Charging:	08130.00	01.5306	00.5005	0001.7282
Charging:	08160.00	01.5308	00.5004	0001.7345
Charging:	08190.00	01.5310	00.5005	0001.7409
Charging:	08220.00	01.5312	00.5005	0001.7473
Charging:	08250.00	01.5314	00.5005	0001.7537
Charging:	08280.00	01.5316	00.5005	0001.7601
Charging:	08310.00	01.5318	00.5005	0001.7665
Charging:	08340.00	01.5320	00.5005	0001.7729
Charging:	08370.00	01.5323	00.5005	0001.7793
Charging:	08400.00	01.5325	00.5005	0001.7856
Charging:	08430.00	01.5327	00.5005	0001.7920
Charging:	08460.00	01.5329	00.5005	0001.7984
Charging:	08490.00	01.5331	00.5005	0001.8048
Charging:	08520.00	01.5333	00.5005	0001.8112
Charging:	08550.00	01.5335	00.5004	0001.8176
Charging:	08580.00	01.5337	00.5005	0001.8240
Charging:	08610.00	01.5338	00.5005	0001.8304
Charging:	08640.00	01.5340	00.5005	0001.8368
Charging:	08670.00	01.5342	00.5005	0001.8432
Charging:	08700.00	01.5345	00.5005	0001.8496
Charging:	08730.00	01.5346	00.5005	0001.8560
Charging:	08760.00	01.5349	00.5005	0001.8624
Charging:	08790.00	01.5351	00.5005	0001.8688
Charging:	08820.00	01.5354	00.5005	0001.8752
Charging:	08850.00	01.5356	00.5005	0001.8816
Charging:	08880.00	01.5360	00.5005	0001.8880
Charging:	08910.00	01.5363	00.5004	0001.8944
Charging:	08940.00	01.5365	00.5005	0001.9008
Charging:	08970.00	01.5368	00.5005	0001.9072
Charging:	09000.00	01.5370	00.5005	0001.9137
Charging:	09030.00	01.5372	00.5004	0001.9201
Charging:	09060.00	01.5375	00.5005	0001.9265
Charging:	09090.00	01.5378	00.5005	0001.9329
Charging:	09120.00	01.5381	00.5005	0001.9393
Charging:	09150.00	01.5383	00.5005	0001.9457
Charging:	09180.00	01.5385	00.5005	0001.9521
Charging:	09210.00	01.5387	00.5005	0001.9586
Charging:	09240.00	01.5390	00.5005	0001.9650
Charging:	09270.00	01.5392	00.5005	0001.9714
Charging:	09300.00	01.5395	00.5005	0001.9778
Charging:	09330.00	01.5397	00.5005	0001.9842
Charging:	09360.00	01.5400	00.5005	0001.9907
Charging:	09390.00	01.5402	00.5005	0001.9971
Charging:	09420.00	01.5405	00.5005	0002.0035
Charging:	09450.00	01.5408	00.5005	0002.0099
Charging:	09480.00	01.5411	00.5005	0002.0164
Charging:	09510.00	01.5413	00.5004	0002.0228
Charging:	09540.00	01.5414	00.5005	0002.0292
Charging:	09570.00	01.5417	00.5005	0002.0356
Charging:	09600.00	01.5419	00.5005	0002.0421
Charging:	09630.00	01.5422	00.5005	0002.0485
Charging:	09660.00	01.5424	00.5005	0002.0549
Charging:	09690.00	01.5426	00.5005	0002.0614
Charging:	09720.00	01.5428	00.5005	0002.0678
Charging:	09750.00	01.5430	00.5005	0002.0742
Charging:	09780.00	01.5432	00.5005	0002.0807
Charging:	09810.00	01.5433	00.5005	0002.0871
Charging:	09840.00	01.5435	00.5004	0002.0936
Charging:	09870.00	01.5437	00.5005	0002.1000
Charging:	09900.00	01.5440	00.5005	0002.1064
Charging:	09930.00	01.5443	00.5005	0002.1129
Charging:	09960.00	01.5446	00.5004	0002.1193
Charging:	09990.00	01.5449	00.5004	0002.1258
Charging:	10020.00	01.5452	00.5005	0002.1322
Charging:	10050.00	01.5454	00.5005	0002.1386
Charging:	10080.00	01.5456	00.5005	0002.1451
Charging:	10110.00	01.5458	00.5005	0002.1515
Charging:	10140.00	01.5462	00.5005	0002.1580
Charging:	10170.00	01.5465	00.5005	0002.1644
Charging:	10200.00	01.5468	00.5004	0002.1709
Charging:	10230.00	01.5469	00.5005	0002.1773
Charging:	10260.00	01.5472	00.5005	0002.1838
Charging:	10290.00	01.5474	00.5005	0002.1902
Charging:	10320.00	01.5476	00.5005	0002.1967
Charging:	10350.00	01.5478	00.5005	0002.2032
Charging:	10380.00	01.5482	00.5005	0002.2096
Charging:	10410.00	01.5484	00.5005	0002.2161
Charging:	10440.00	01.5486	00.5005	0002.2225
Charging:	10470.00	01.5489	00.5005	0002.2290
Charging:	10500.00	01.5491	00.5005	0002.2355
Charging:	10530.00	01.5494	00.5005	0002.2419
Charging:	10560.00	01.5498	00.5005	0002.2484
Charging:	10590.00	01.5500	00.5005	0002.2548
Charging:	10620.00	01.5503	00.5005	0002.2613
Charging:	10650.00	01.5507	00.5005	0002.2678
Charging:	10680.00	01.5510	00.5005	0002.2742
Charging:	10710.00	01.5514	00.5005	0002.2807
Charging:	10740.00	01.5518	00.5005	0002.2872
Charging:	10770.00	01.5520	00.5005	0002.2937
Charging:	10800.00	01.5524	00.5005	0002.3001
Charging:	10830.00	01.5526	00.5005	0002.3066
Charging:	10860.00	01.5529	00.5005	0002.3131
Charging:	10890.00	01.5532	00.5005	0002.3196
Charging:	10920.00	01.5536	00.5005	0002.3260
Charging:	10950.00	01.5540	00.5004	0002.3325
Charging:	10980.00	01.5544	00.5005	0002.3390
Charging:	11010.00	01.5547	00.5005	0002.3455
Charging:	11040.00	01.5550	00.5005	0002.3520
Charging:	11070.00	01.5554	00.5005	0002.3585
Charging:	11100.00	01.5556	00.5005	0002.3649
Charging:	11130.00	01.5561	00.5004	0002.3714
Charging:	11160.00	01.5564	00.5005	0002.3779
Charging:	11190.00	01.5567	00.5005	0002.3844
Charging:	11220.00	01.5572	00.5004	0002.3909
Charging:	11250.00	01.5574	00.5004	0002.3974
Charging:	11280.00	01.5578	00.5004	0002.4039
Charging:	11310.00	01.5583	00.5004	0002.4104
Charging:	11340.00	01.5587	00.5004	0002.4169
Charging:	11370.00	01.5590	00.5005	0002.4234
Charging:	11400.00	01.5596	00.5005	0002.4299
Charging:	11430.00	01.5599	00.5005	0002.4364
Charging:	11460.00	01.5602	00.5005	0002.4429
Charging:	11490.00	01.5605	00.5005	0002.4494
Charging:	11520.00	01.5609	00.5005	0002.4559
Charging:	11550.00	01.5613	00.5005	0002.4625
Charging:	11580.00	01.5617	00.5005	0002.4690
Charging:	11610.00	01.5619	00.5004	0002.4755
Charging:	11640.00	01.5621	00.5005	0002.4820
Charging:	11670.00	01.5624	00.5005	0002.4885
Charging:	11700.00	01.5626	00.5005	0002.4950
Charging:	11730.00	01.5628	00.5005	0002.5015
Charging:	11760.00	01.5632	00.5005	0002.5081
Charging:	11790.00	01.5635	00.5005	0002.5146
Charging:	11820.00	01.5637	00.5005	0002.5211
Charging:	11850.00	01.5639	00.5005	0002.5276
Charging:	11880.00	01.5643	00.5005	0002.5342
Charging:	11910.00	01.5644	00.5005	0002.5407
Charging:	11940.00	01.5647	00.5004	0002.5472
Charging:	11970.00	01.5651	00.5005	0002.5537
Charging:	12000.00	01.5656	00.5005	0002.5603
Charging:	12030.00	01.5658	00.5005	0002.5668
Charging:	12060.00	01.5660	00.5005	0002.5733
Charging:	12090.00	01.5664	00.5005	0002.5799
Charging:	12120.00	01.5668	00.5005	0002.5864
Charging:	12150.00	01.5671	00.5005	0002.5929
Charging:	12180.00	01.5674	00.5004	0002.5995
Charging:	12210.00	01.5677	00.5005	0002.6060
Charging:	12240.00	01.5681	00.5005	0002.6125
Charging:	12270.00	01.5683	00.5004	0002.6191
Charging:	12300.00	01.5685	00.5005	0002.6256
Charging:	12330.00	01.5687	00.5005	0002.6322
Charging:	12360.00	01.5690	00.5005	0002.6387
Charging:	12390.00	01.5692	00.5005	0002.6453
Charging:	12420.00	01.5695	00.5005	0002.6518
Charging:	12450.00	01.5698	00.5005	0002.6583
Charging:	12480.00	01.5699	00.5005	0002.6649
Charging:	12510.00	01.5700	00.5005	0002.6714
Charging:	12540.00	01.5704	00.5005	0002.6780
Charging:	12570.00	01.5710	00.5005	0002.6845
Charging:	12600.00	01.5712	00.5005	0002.6911
Charging:	12630.00	01.5713	00.5004	0002.6976
Charging:	12660.00	01.5715	00.5005	0002.7042
Charging:	12690.00	01.5718	00.5005	0002.7108
Charging:	12720.00	01.5722	00.5005	0002.7173
Charging:	12750.00	01.5725	00.5005	0002.7239
Charging:	12780.00	01.5726	00.5005	0002.7304
Charging:	12810.00	01.5728	00.5005	0002.7370
Charging:	12840.00	01.5732	00.5005	0002.7436
Charging:	12870.00	01.5733	00.5004	0002.7501
Charging:	12900.00	01.5736	00.5005	0002.7567
Charging:	12930.00	01.5739	00.5005	0002.7632
Charging:	12960.00	01.5743	00.5005	0002.7698
Charging:	12990.00	01.5746	00.5005	0002.7764
Charging:	13020.00	01.5748	00.5005	0002.7829
Charging:	13050.00	01.5750	00.5005	0002.7895
Charging:	13080.00	01.5753	00.5005	0002.7961
Charging:	13110.00	01.5756	00.5005	0002.8026
Charging:	13140.00	01.5758	00.5005	0002.8092
Charging:	13170.00	01.5761	00.5005	0002.8158
Charging:	13200.00	01.5764	00.5005	0002.8224
Charging:	13230.00	01.5766	00.5005	0002.8289
Charging:	13260.00	01.5770	00.5005	0002.8355
Charging:	13290.00	01.5773	00.5004	0002.8421
Charging:	13320.00	01.5776	00.5004	0002.8487
Charging:	13350.00	01.5779	00.5005	0002.8553
Charging:	13380.00	01.5783	00.5005	0002.8618
Charging:	13410.00	01.5786	00.5005	0002.8684
Charging:	13440.00	01.5788	00.5005	0002.8750
Charging:	13470.00	01.5790	00.5005	0002.8816
Charging:	13500.00	01.5793	00.5005	0002.8882
Charging:	13530.00	01.5795	00.5005	0002.8948
Charging:	13560.00	01.5799	00.5005	0002.9014
Charging:	13590.00	01.5803	00.5005	0002.9079
---------------------------
TESTING INTERNAL RESISTANCE
voltage while ON =  1.3653
current=-0.5002
OUTPUT OFF
voltage while OFF =  1.4666
Internal resistance =  0.2024 [Ohm]
OUTPUT ON
---------------------------
Discharging:	00030.00	01.3660	-0.5003	-000.0057
Discharging:	00060.00	01.3404	-0.5001	-000.0113
Discharging:	00090.00	01.3296	-0.5001	-000.0168
Discharging:	00120.00	01.3216	-0.5001	-000.0223
Discharging:	00150.00	01.3146	-0.5000	-000.0278
Discharging:	00180.00	01.3089	-0.5001	-000.0333
Discharging:	00210.00	01.3042	-0.5001	-000.0387
Discharging:	00240.00	01.3003	-0.5000	-000.0441
Discharging:	00270.00	01.2966	-0.5001	-000.0495
Discharging:	00300.00	01.2931	-0.5000	-000.0549
Discharging:	00330.00	01.2900	-0.5000	-000.0603
Discharging:	00360.00	01.2872	-0.5000	-000.0656
Discharging:	00390.00	01.2844	-0.5000	-000.0710
Discharging:	00420.00	01.2818	-0.5000	-000.0763
Discharging:	00450.00	01.2791	-0.5000	-000.0817
Discharging:	00480.00	01.2765	-0.5000	-000.0870
Discharging:	00510.00	01.2742	-0.5000	-000.0923
Discharging:	00540.00	01.2720	-0.5000	-000.0976
Discharging:	00570.00	01.2696	-0.5000	-000.1029
Discharging:	00600.00	01.2674	-0.5000	-000.1082
Discharging:	00630.00	01.2655	-0.5000	-000.1134
Discharging:	00660.00	01.2634	-0.5000	-000.1187
Discharging:	00690.00	01.2612	-0.5000	-000.1240
Discharging:	00720.00	01.2592	-0.5000	-000.1292
Discharging:	00750.00	01.2572	-0.5000	-000.1344
Discharging:	00780.00	01.2556	-0.5000	-000.1397
Discharging:	00810.00	01.2538	-0.5000	-000.1449
Discharging:	00840.00	01.2520	-0.5000	-000.1501
Discharging:	00870.00	01.2503	-0.5000	-000.1553
Discharging:	00900.00	01.2485	-0.5000	-000.1605
Discharging:	00930.00	01.2469	-0.5000	-000.1657
Discharging:	00960.00	01.2454	-0.5000	-000.1709
Discharging:	00990.00	01.2437	-0.5000	-000.1761
Discharging:	01020.00	01.2421	-0.5000	-000.1813
Discharging:	01050.00	01.2404	-0.5000	-000.1864
Discharging:	01080.00	01.2391	-0.5000	-000.1916
Discharging:	01110.00	01.2376	-0.5000	-000.1968
Discharging:	01140.00	01.2362	-0.5000	-000.2019
Discharging:	01170.00	01.2349	-0.5000	-000.2071
Discharging:	01200.00	01.2335	-0.5000	-000.2122
Discharging:	01230.00	01.2319	-0.5000	-000.2173
Discharging:	01260.00	01.2305	-0.5000	-000.2225
Discharging:	01290.00	01.2292	-0.5000	-000.2276
Discharging:	01320.00	01.2278	-0.5000	-000.2327
Discharging:	01350.00	01.2265	-0.5000	-000.2378
Discharging:	01380.00	01.2252	-0.5000	-000.2429
Discharging:	01410.00	01.2238	-0.5000	-000.2480
Discharging:	01440.00	01.2226	-0.5000	-000.2531
Discharging:	01470.00	01.2213	-0.5000	-000.2582
Discharging:	01500.00	01.2201	-0.5000	-000.2633
Discharging:	01530.00	01.2190	-0.5000	-000.2684
Discharging:	01560.00	01.2178	-0.5000	-000.2734
Discharging:	01590.00	01.2166	-0.5000	-000.2785
Discharging:	01620.00	01.2155	-0.5000	-000.2836
Discharging:	01650.00	01.2143	-0.5000	-000.2886
Discharging:	01680.00	01.2131	-0.5000	-000.2937
Discharging:	01710.00	01.2119	-0.5000	-000.2987
Discharging:	01740.00	01.2108	-0.5000	-000.3038
Discharging:	01770.00	01.2097	-0.5000	-000.3088
Discharging:	01800.00	01.2087	-0.5000	-000.3139
Discharging:	01830.00	01.2077	-0.5000	-000.3189
Discharging:	01860.00	01.2067	-0.5000	-000.3239
Discharging:	01890.00	01.2057	-0.5000	-000.3289
Discharging:	01920.00	01.2047	-0.5000	-000.3340
Discharging:	01950.00	01.2038	-0.5000	-000.3390
Discharging:	01980.00	01.2028	-0.5000	-000.3440
Discharging:	02010.00	01.2018	-0.5000	-000.3490
Discharging:	02040.00	01.2009	-0.5000	-000.3540
Discharging:	02070.00	01.1999	-0.5000	-000.3590
Discharging:	02100.00	01.1990	-0.5000	-000.3640
Discharging:	02130.00	01.1981	-0.5000	-000.3690
Discharging:	02160.00	01.1972	-0.5000	-000.3740
Discharging:	02190.00	01.1964	-0.5000	-000.3790
Discharging:	02220.00	01.1956	-0.5000	-000.3839
Discharging:	02250.00	01.1948	-0.5000	-000.3889
Discharging:	02280.00	01.1939	-0.5000	-000.3939
Discharging:	02310.00	01.1931	-0.5000	-000.3989
Discharging:	02340.00	01.1922	-0.5000	-000.4038
Discharging:	02370.00	01.1913	-0.5000	-000.4088
Discharging:	02400.00	01.1905	-0.5000	-000.4138
Discharging:	02430.00	01.1898	-0.5000	-000.4187
Discharging:	02460.00	01.1891	-0.5000	-000.4237
Discharging:	02490.00	01.1883	-0.5000	-000.4286
Discharging:	02520.00	01.1876	-0.5000	-000.4336
Discharging:	02550.00	01.1869	-0.5000	-000.4385
Discharging:	02580.00	01.1862	-0.5000	-000.4435
Discharging:	02610.00	01.1855	-0.5000	-000.4484
Discharging:	02640.00	01.1848	-0.5000	-000.4533
Discharging:	02670.00	01.1841	-0.5000	-000.4583
Discharging:	02700.00	01.1835	-0.5000	-000.4632
Discharging:	02730.00	01.1828	-0.5000	-000.4681
Discharging:	02760.00	01.1822	-0.5000	-000.4731
Discharging:	02790.00	01.1816	-0.5000	-000.4780
Discharging:	02820.00	01.1809	-0.5000	-000.4829
Discharging:	02850.00	01.1804	-0.5000	-000.4878
Discharging:	02880.00	01.1798	-0.5000	-000.4927
Discharging:	02910.00	01.1792	-0.5000	-000.4976
Discharging:	02940.00	01.1787	-0.5000	-000.5026
Discharging:	02970.00	01.1781	-0.5000	-000.5075
Discharging:	03000.00	01.1776	-0.5000	-000.5124
Discharging:	03030.00	01.1770	-0.5000	-000.5173
Discharging:	03060.00	01.1765	-0.5000	-000.5222
Discharging:	03090.00	01.1760	-0.5000	-000.5271
Discharging:	03120.00	01.1754	-0.5000	-000.5320
Discharging:	03150.00	01.1749	-0.5000	-000.5369
Discharging:	03180.00	01.1743	-0.5000	-000.5418
Discharging:	03210.00	01.1738	-0.5000	-000.5467
Discharging:	03240.00	01.1733	-0.5000	-000.5515
Discharging:	03270.00	01.1729	-0.5000	-000.5564
Discharging:	03300.00	01.1724	-0.5000	-000.5613
Discharging:	03330.00	01.1720	-0.5000	-000.5662
Discharging:	03360.00	01.1716	-0.5000	-000.5711
Discharging:	03390.00	01.1711	-0.5000	-000.5760
Discharging:	03420.00	01.1707	-0.5000	-000.5808
Discharging:	03450.00	01.1703	-0.5000	-000.5857
Discharging:	03480.00	01.1699	-0.5000	-000.5906
Discharging:	03510.00	01.1695	-0.5000	-000.5955
Discharging:	03540.00	01.1691	-0.5000	-000.6003
Discharging:	03570.00	01.1687	-0.5000	-000.6052
Discharging:	03600.00	01.1683	-0.5000	-000.6101
Discharging:	03630.00	01.1680	-0.5000	-000.6149
Discharging:	03660.00	01.1676	-0.5000	-000.6198
Discharging:	03690.00	01.1673	-0.5000	-000.6247
Discharging:	03720.00	01.1670	-0.5000	-000.6295
Discharging:	03750.00	01.1666	-0.5000	-000.6344
Discharging:	03780.00	01.1663	-0.5000	-000.6393
Discharging:	03810.00	01.1660	-0.5000	-000.6441
Discharging:	03840.00	01.1657	-0.5000	-000.6490
Discharging:	03870.00	01.1654	-0.5000	-000.6538
Discharging:	03900.00	01.1651	-0.5000	-000.6587
Discharging:	03930.00	01.1648	-0.5000	-000.6635
Discharging:	03960.00	01.1645	-0.5000	-000.6684
Discharging:	03990.00	01.1643	-0.5000	-000.6732
Discharging:	04020.00	01.1640	-0.5000	-000.6781
Discharging:	04050.00	01.1637	-0.5000	-000.6829
Discharging:	04080.00	01.1634	-0.5001	-000.6878
Discharging:	04110.00	01.1631	-0.5000	-000.6926
Discharging:	04140.00	01.1628	-0.5000	-000.6975
Discharging:	04170.00	01.1626	-0.5000	-000.7023
Discharging:	04200.00	01.1623	-0.5000	-000.7072
Discharging:	04230.00	01.1621	-0.5000	-000.7120
Discharging:	04260.00	01.1619	-0.5000	-000.7168
Discharging:	04290.00	01.1617	-0.5000	-000.7217
Discharging:	04320.00	01.1615	-0.5000	-000.7265
Discharging:	04350.00	01.1613	-0.5001	-000.7314
Discharging:	04380.00	01.1611	-0.5000	-000.7362
Discharging:	04410.00	01.1609	-0.5000	-000.7410
Discharging:	04440.00	01.1607	-0.5000	-000.7459
Discharging:	04470.00	01.1606	-0.5000	-000.7507
Discharging:	04500.00	01.1604	-0.5000	-000.7556
Discharging:	04530.00	01.1602	-0.5000	-000.7604
Discharging:	04560.00	01.1600	-0.5000	-000.7652
Discharging:	04590.00	01.1599	-0.5001	-000.7701
Discharging:	04620.00	01.1597	-0.5000	-000.7749
Discharging:	04650.00	01.1595	-0.5000	-000.7797
Discharging:	04680.00	01.1593	-0.5000	-000.7845
Discharging:	04710.00	01.1591	-0.5000	-000.7894
Discharging:	04740.00	01.1589	-0.5000	-000.7942
Discharging:	04770.00	01.1588	-0.5000	-000.7990
Discharging:	04800.00	01.1586	-0.5000	-000.8039
Discharging:	04830.00	01.1584	-0.5000	-000.8087
Discharging:	04860.00	01.1583	-0.5000	-000.8135
Discharging:	04890.00	01.1581	-0.5001	-000.8183
Discharging:	04920.00	01.1579	-0.5001	-000.8232
Discharging:	04950.00	01.1578	-0.5000	-000.8280
Discharging:	04980.00	01.1576	-0.5001	-000.8328
Discharging:	05010.00	01.1575	-0.5001	-000.8376
Discharging:	05040.00	01.1574	-0.5001	-000.8425
Discharging:	05070.00	01.1572	-0.5001	-000.8473
Discharging:	05100.00	01.1572	-0.5001	-000.8521
Discharging:	05130.00	01.1570	-0.5001	-000.8569
Discharging:	05160.00	01.1569	-0.5001	-000.8618
Discharging:	05190.00	01.1568	-0.5001	-000.8666
Discharging:	05220.00	01.1567	-0.5001	-000.8714
Discharging:	05250.00	01.1566	-0.5001	-000.8762
Discharging:	05280.00	01.1565	-0.5001	-000.8810
Discharging:	05310.00	01.1564	-0.5001	-000.8859
Discharging:	05340.00	01.1563	-0.5001	-000.8907
Discharging:	05370.00	01.1562	-0.5001	-000.8955
Discharging:	05400.00	01.1560	-0.5001	-000.9003
Discharging:	05430.00	01.1559	-0.5001	-000.9051
Discharging:	05460.00	01.1558	-0.5001	-000.9099
Discharging:	05490.00	01.1557	-0.5000	-000.9148
Discharging:	05520.00	01.1556	-0.5001	-000.9196
Discharging:	05550.00	01.1555	-0.5001	-000.9244
Discharging:	05580.00	01.1554	-0.5001	-000.9292
Discharging:	05610.00	01.1553	-0.5000	-000.9340
Discharging:	05640.00	01.1552	-0.5000	-000.9388
Discharging:	05670.00	01.1550	-0.5000	-000.9436
Discharging:	05700.00	01.1550	-0.5000	-000.9485
Discharging:	05730.00	01.1548	-0.5001	-000.9533
Discharging:	05760.00	01.1548	-0.5000	-000.9581
Discharging:	05790.00	01.1546	-0.5001	-000.9629
Discharging:	05820.00	01.1545	-0.5000	-000.9677
Discharging:	05850.00	01.1544	-0.5000	-000.9725
Discharging:	05880.00	01.1542	-0.5001	-000.9773
Discharging:	05910.00	01.1541	-0.5000	-000.9821
Discharging:	05940.00	01.1540	-0.5000	-000.9869
Discharging:	05970.00	01.1538	-0.5000	-000.9917
Discharging:	06000.00	01.1536	-0.5001	-000.9966
Discharging:	06030.00	01.1535	-0.5001	-001.0014
Discharging:	06060.00	01.1534	-0.5001	-001.0062
Discharging:	06090.00	01.1533	-0.5001	-001.0110
Discharging:	06120.00	01.1530	-0.5000	-001.0158
Discharging:	06150.00	01.1530	-0.5000	-001.0206
Discharging:	06180.00	01.1528	-0.5000	-001.0254
Discharging:	06210.00	01.1527	-0.5000	-001.0302
Discharging:	06240.00	01.1525	-0.5000	-001.0350
Discharging:	06270.00	01.1524	-0.5000	-001.0398
Discharging:	06300.00	01.1522	-0.5001	-001.0446
Discharging:	06330.00	01.1521	-0.5001	-001.0494
Discharging:	06360.00	01.1519	-0.5000	-001.0542
Discharging:	06390.00	01.1518	-0.5000	-001.0590
Discharging:	06420.00	01.1516	-0.5000	-001.0638
Discharging:	06450.00	01.1514	-0.5001	-001.0686
Discharging:	06480.00	01.1513	-0.5000	-001.0734
Discharging:	06510.00	01.1511	-0.5000	-001.0782
Discharging:	06540.00	01.1510	-0.5000	-001.0830
Discharging:	06570.00	01.1508	-0.5000	-001.0878
Discharging:	06600.00	01.1507	-0.5000	-001.0926
Discharging:	06630.00	01.1505	-0.5000	-001.0974
Discharging:	06660.00	01.1503	-0.5000	-001.1022
Discharging:	06690.00	01.1501	-0.5000	-001.1070
Discharging:	06720.00	01.1500	-0.5000	-001.1117
Discharging:	06750.00	01.1498	-0.5000	-001.1165
Discharging:	06780.00	01.1496	-0.5000	-001.1213
Discharging:	06810.00	01.1494	-0.5000	-001.1261
Discharging:	06840.00	01.1492	-0.5000	-001.1309
Discharging:	06870.00	01.1490	-0.5000	-001.1357
Discharging:	06900.00	01.1488	-0.5000	-001.1405
Discharging:	06930.00	01.1486	-0.5000	-001.1453
Discharging:	06960.00	01.1484	-0.5000	-001.1500
Discharging:	06990.00	01.1482	-0.5000	-001.1548
Discharging:	07020.00	01.1480	-0.5000	-001.1596
Discharging:	07050.00	01.1477	-0.5000	-001.1644
Discharging:	07080.00	01.1475	-0.5000	-001.1692
Discharging:	07110.00	01.1473	-0.5000	-001.1740
Discharging:	07140.00	01.1471	-0.5000	-001.1787
Discharging:	07170.00	01.1468	-0.5000	-001.1835
Discharging:	07200.00	01.1466	-0.5000	-001.1883
Discharging:	07230.00	01.1464	-0.5000	-001.1931
Discharging:	07260.00	01.1460	-0.5000	-001.1979
Discharging:	07290.00	01.1458	-0.5000	-001.2026
Discharging:	07320.00	01.1455	-0.5000	-001.2074
Discharging:	07350.00	01.1453	-0.5000	-001.2122
Discharging:	07380.00	01.1450	-0.5000	-001.2169
Discharging:	07410.00	01.1447	-0.5000	-001.2217
Discharging:	07440.00	01.1444	-0.5000	-001.2265
Discharging:	07470.00	01.1441	-0.5000	-001.2312
Discharging:	07500.00	01.1438	-0.5000	-001.2360
Discharging:	07530.00	01.1434	-0.5000	-001.2408
Discharging:	07560.00	01.1431	-0.5000	-001.2455
Discharging:	07590.00	01.1427	-0.5000	-001.2503
Discharging:	07620.00	01.1424	-0.5000	-001.2551
Discharging:	07650.00	01.1420	-0.5000	-001.2598
Discharging:	07680.00	01.1417	-0.5000	-001.2646
Discharging:	07710.00	01.1413	-0.5000	-001.2693
Discharging:	07740.00	01.1409	-0.5000	-001.2741
Discharging:	07770.00	01.1405	-0.5000	-001.2788
Discharging:	07800.00	01.1401	-0.5000	-001.2836
Discharging:	07830.00	01.1397	-0.5000	-001.2883
Discharging:	07860.00	01.1393	-0.5000	-001.2931
Discharging:	07890.00	01.1388	-0.5000	-001.2978
Discharging:	07920.00	01.1383	-0.5000	-001.3026
Discharging:	07950.00	01.1379	-0.5000	-001.3073
Discharging:	07980.00	01.1374	-0.5000	-001.3121
Discharging:	08010.00	01.1369	-0.5000	-001.3168
Discharging:	08040.00	01.1364	-0.5000	-001.3215
Discharging:	08070.00	01.1359	-0.5000	-001.3263
Discharging:	08100.00	01.1355	-0.5000	-001.3310
Discharging:	08130.00	01.1349	-0.5000	-001.3357
Discharging:	08160.00	01.1343	-0.5000	-001.3405
Discharging:	08190.00	01.1338	-0.5000	-001.3452
Discharging:	08220.00	01.1332	-0.5000	-001.3499
Discharging:	08250.00	01.1325	-0.5000	-001.3546
Discharging:	08280.00	01.1319	-0.5000	-001.3593
Discharging:	08310.00	01.1313	-0.5000	-001.3640
Discharging:	08340.00	01.1306	-0.5000	-001.3688
Discharging:	08370.00	01.1299	-0.5000	-001.3735
Discharging:	08400.00	01.1291	-0.5000	-001.3782
Discharging:	08430.00	01.1284	-0.5000	-001.3829
Discharging:	08460.00	01.1275	-0.5000	-001.3876
Discharging:	08490.00	01.1267	-0.5000	-001.3923
Discharging:	08520.00	01.1258	-0.5000	-001.3970
Discharging:	08550.00	01.1248	-0.5000	-001.4016
Discharging:	08580.00	01.1238	-0.5000	-001.4063
Discharging:	08610.00	01.1226	-0.5000	-001.4110
Discharging:	08640.00	01.1215	-0.5000	-001.4157
Discharging:	08670.00	01.1203	-0.5000	-001.4203
Discharging:	08700.00	01.1189	-0.5000	-001.4250
Discharging:	08730.00	01.1173	-0.5000	-001.4297
Discharging:	08760.00	01.1157	-0.5000	-001.4343
Discharging:	08790.00	01.1138	-0.5000	-001.4390
Discharging:	08820.00	01.1117	-0.5000	-001.4436
Discharging:	08850.00	01.1093	-0.5000	-001.4482
Discharging:	08880.00	01.1066	-0.5000	-001.4528
Discharging:	08910.00	01.1036	-0.5000	-001.4574
Discharging:	08940.00	01.1000	-0.5000	-001.4620
Discharging:	08970.00	01.0958	-0.5000	-001.4666
Discharging:	09000.00	01.0905	-0.5000	-001.4711
Discharging:	09030.00	01.0827	-0.5000	-001.4756
Discharging:	09060.00	01.0679	-0.5000	-001.4801
Discharging:	09090.00	01.0208	-0.5000	-001.4843
Discharging:	09120.00	00.9500	-0.3279	-001.4869
Recharging:	00030.00	01.4000	00.5009	0000.0058
Recharging:	00060.00	01.3979	00.5005	0000.0117
Recharging:	00090.00	01.4043	00.5005	0000.0175
Recharging:	00120.00	01.4097	00.5005	0000.0234
Recharging:	00150.00	01.4143	00.5005	0000.0293
Recharging:	00180.00	01.4184	00.5005	0000.0352
Recharging:	00210.00	01.4219	00.5004	0000.0412
Recharging:	00240.00	01.4251	00.5005	0000.0471
Recharging:	00270.00	01.4281	00.5005	0000.0531
Recharging:	00300.00	01.4308	00.5004	0000.0590
Recharging:	00330.00	01.4333	00.5004	0000.0650
Recharging:	00360.00	01.4357	00.5005	0000.0710
Recharging:	00390.00	01.4379	00.5005	0000.0770
Recharging:	00420.00	01.4400	00.5004	0000.0830
Recharging:	00450.00	01.4420	00.5004	0000.0890
Recharging:	00480.00	01.4438	00.5004	0000.0950
Recharging:	00510.00	01.4457	00.5004	0000.1011
Recharging:	00540.00	01.4473	00.5005	0000.1071
Recharging:	00570.00	01.4490	00.5005	0000.1131
Recharging:	00600.00	01.4506	00.5005	0000.1192
Recharging:	00630.00	01.4521	00.5004	0000.1252
Recharging:	00660.00	01.4535	00.5005	0000.1313
Recharging:	00690.00	01.4549	00.5004	0000.1374
Recharging:	00720.00	01.4562	00.5005	0000.1434
Recharging:	00750.00	01.4575	00.5005	0000.1495
Recharging:	00780.00	01.4587	00.5004	0000.1556
Recharging:	00810.00	01.4600	00.5004	0000.1617
Recharging:	00840.00	01.4611	00.5005	0000.1678
Recharging:	00870.00	01.4622	00.5005	0000.1739
Recharging:	00900.00	01.4632	00.5004	0000.1800
Recharging:	00930.00	01.4643	00.5004	0000.1861
Recharging:	00960.00	01.4653	00.5005	0000.1922
Recharging:	00990.00	01.4663	00.5005	0000.1983
Recharging:	01020.00	01.4672	00.5005	0000.2044
Recharging:	01050.00	01.4681	00.5005	0000.2106
Recharging:	01080.00	01.4690	00.5004	0000.2167
Recharging:	01110.00	01.4699	00.5004	0000.2228
Recharging:	01140.00	01.4707	00.5004	0000.2289
Recharging:	01170.00	01.4715	00.5004	0000.2351
Recharging:	01200.00	01.4723	00.5005	0000.2412
Recharging:	01230.00	01.4731	00.5004	0000.2474
Recharging:	01260.00	01.4738	00.5004	0000.2535
Recharging:	01290.00	01.4746	00.5005	0000.2597
Recharging:	01320.00	01.4753	00.5004	0000.2658
Recharging:	01350.00	01.4760	00.5005	0000.2720
Recharging:	01380.00	01.4767	00.5005	0000.2781
Recharging:	01410.00	01.4774	00.5004	0000.2843
Recharging:	01440.00	01.4780	00.5004	0000.2905
Recharging:	01470.00	01.4787	00.5004	0000.2966
Recharging:	01500.00	01.4793	00.5005	0000.3028
Recharging:	01530.00	01.4800	00.5004	0000.3090
Recharging:	01560.00	01.4805	00.5005	0000.3151
Recharging:	01590.00	01.4812	00.5005	0000.3213
Recharging:	01620.00	01.4817	00.5005	0000.3275
Recharging:	01650.00	01.4823	00.5004	0000.3337
Recharging:	01680.00	01.4829	00.5005	0000.3399
Recharging:	01710.00	01.4834	00.5005	0000.3460
Recharging:	01740.00	01.4839	00.5004	0000.3522
Recharging:	01770.00	01.4844	00.5005	0000.3584
Recharging:	01800.00	01.4850	00.5005	0000.3646
Recharging:	01830.00	01.4855	00.5005	0000.3708
Recharging:	01860.00	01.4860	00.5004	0000.3770
Recharging:	01890.00	01.4865	00.5005	0000.3832
Recharging:	01920.00	01.4870	00.5004	0000.3894
Recharging:	01950.00	01.4875	00.5005	0000.3956
Recharging:	01980.00	01.4880	00.5005	0000.4018
Recharging:	02010.00	01.4884	00.5005	0000.4080
Recharging:	02040.00	01.4889	00.5005	0000.4142
Recharging:	02070.00	01.4893	00.5005	0000.4205
Recharging:	02100.00	01.4898	00.5005	0000.4267
Recharging:	02130.00	01.4902	00.5005	0000.4329
Recharging:	02160.00	01.4906	00.5004	0000.4391
Recharging:	02190.00	01.4910	00.5005	0000.4453
Recharging:	02220.00	01.4915	00.5005	0000.4515
Recharging:	02250.00	01.4918	00.5005	0000.4578
Recharging:	02280.00	01.4922	00.5004	0000.4640
Recharging:	02310.00	01.4926	00.5004	0000.4702
Recharging:	02340.00	01.4930	00.5005	0000.4764
Recharging:	02370.00	01.4933	00.5005	0000.4827
Recharging:	02400.00	01.4937	00.5005	0000.4889
Recharging:	02430.00	01.4940	00.5005	0000.4951
Recharging:	02460.00	01.4944	00.5005	0000.5014
Recharging:	02490.00	01.4948	00.5005	0000.5076
Recharging:	02520.00	01.4951	00.5005	0000.5138
Recharging:	02550.00	01.4954	00.5005	0000.5201
Recharging:	02580.00	01.4958	00.5005	0000.5263
Recharging:	02610.00	01.4961	00.5005	0000.5325
Recharging:	02640.00	01.4964	00.5005	0000.5388
Recharging:	02670.00	01.4967	00.5005	0000.5450
Recharging:	02700.00	01.4970	00.5005	0000.5513
Recharging:	02730.00	01.4974	00.5005	0000.5575
Recharging:	02760.00	01.4977	00.5005	0000.5638
Recharging:	02790.00	01.4979	00.5005	0000.5700
Recharging:	02820.00	01.4982	00.5005	0000.5762
Recharging:	02850.00	01.4985	00.5005	0000.5825
Recharging:	02880.00	01.4988	00.5004	0000.5887
Recharging:	02910.00	01.4991	00.5004	0000.5950
Recharging:	02940.00	01.4994	00.5005	0000.6013
Recharging:	02970.00	01.4996	00.5005	0000.6075
Recharging:	03000.00	01.4999	00.5005	0000.6138
Recharging:	03030.00	01.5002	00.5005	0000.6200
Recharging:	03060.00	01.5005	00.5005	0000.6263
Recharging:	03090.00	01.5008	00.5005	0000.6325
Recharging:	03120.00	01.5010	00.5005	0000.6388
Recharging:	03150.00	01.5013	00.5005	0000.6451
Recharging:	03180.00	01.5015	00.5004	0000.6513
Recharging:	03210.00	01.5018	00.5004	0000.6576
Recharging:	03240.00	01.5021	00.5004	0000.6638
Recharging:	03270.00	01.5023	00.5005	0000.6701
Recharging:	03300.00	01.5024	00.5005	0000.6764
Recharging:	03330.00	01.5027	00.5005	0000.6826
Recharging:	03360.00	01.5030	00.5005	0000.6889
Recharging:	03390.00	01.5032	00.5005	0000.6952
Recharging:	03420.00	01.5035	00.5005	0000.7015
Recharging:	03450.00	01.5037	00.5005	0000.7077
Recharging:	03480.00	01.5039	00.5004	0000.7140
Recharging:	03510.00	01.5041	00.5005	0000.7203
Recharging:	03540.00	01.5044	00.5005	0000.7265
Recharging:	03570.00	01.5046	00.5005	0000.7328
Recharging:	03600.00	01.5048	00.5005	0000.7391
Recharging:	03630.00	01.5050	00.5004	0000.7454
Recharging:	03660.00	01.5053	00.5005	0000.7516
Recharging:	03690.00	01.5055	00.5005	0000.7579
Recharging:	03720.00	01.5057	00.5005	0000.7642
Recharging:	03750.00	01.5059	00.5004	0000.7705
Recharging:	03780.00	01.5061	00.5005	0000.7768
Recharging:	03810.00	01.5064	00.5005	0000.7831
Recharging:	03840.00	01.5066	00.5005	0000.7893
Recharging:	03870.00	01.5069	00.5004	0000.7956
Recharging:	03900.00	01.5071	00.5005	0000.8019
Recharging:	03930.00	01.5073	00.5005	0000.8082
Recharging:	03960.00	01.5075	00.5005	0000.8145
Recharging:	03990.00	01.5077	00.5005	0000.8208
Recharging:	04020.00	01.5080	00.5005	0000.8271
Recharging:	04050.00	01.5081	00.5004	0000.8333
Recharging:	04080.00	01.5084	00.5004	0000.8396
Recharging:	04110.00	01.5086	00.5005	0000.8459
Recharging:	04140.00	01.5088	00.5005	0000.8522
Recharging:	04170.00	01.5090	00.5005	0000.8585
Recharging:	04200.00	01.5092	00.5005	0000.8648
Recharging:	04230.00	01.5094	00.5005	0000.8711
Recharging:	04260.00	01.5096	00.5005	0000.8774
Recharging:	04290.00	01.5099	00.5005	0000.8837
Recharging:	04320.00	01.5101	00.5005	0000.8900
Recharging:	04350.00	01.5103	00.5005	0000.8963
Recharging:	04380.00	01.5105	00.5004	0000.9026
Recharging:	04410.00	01.5107	00.5005	0000.9089
Recharging:	04440.00	01.5110	00.5005	0000.9152
Recharging:	04470.00	01.5112	00.5004	0000.9215
Recharging:	04500.00	01.5114	00.5005	0000.9278
Recharging:	04530.00	01.5116	00.5005	0000.9341
Recharging:	04560.00	01.5119	00.5005	0000.9404
Recharging:	04590.00	01.5121	00.5005	0000.9467
Recharging:	04620.00	01.5123	00.5005	0000.9530
Recharging:	04650.00	01.5126	00.5005	0000.9593
Recharging:	04680.00	01.5129	00.5005	0000.9656
Recharging:	04710.00	01.5131	00.5005	0000.9719
Recharging:	04740.00	01.5133	00.5004	0000.9783
Recharging:	04770.00	01.5135	00.5005	0000.9846
Recharging:	04800.00	01.5138	00.5004	0000.9909
Recharging:	04830.00	01.5140	00.5005	0000.9972
Recharging:	04860.00	01.5142	00.5005	0001.0035
Recharging:	04890.00	01.5144	00.5005	0001.0098
Recharging:	04920.00	01.5147	00.5005	0001.0161
Recharging:	04950.00	01.5149	00.5005	0001.0225
Recharging:	04980.00	01.5151	00.5005	0001.0288
Recharging:	05010.00	01.5154	00.5005	0001.0351
Recharging:	05040.00	01.5156	00.5005	0001.0414
Recharging:	05070.00	01.5160	00.5005	0001.0477
Recharging:	05100.00	01.5163	00.5004	0001.0541
Recharging:	05130.00	01.5165	00.5004	0001.0604
Recharging:	05160.00	01.5168	00.5004	0001.0667
Recharging:	05190.00	01.5171	00.5004	0001.0730
Recharging:	05220.00	01.5173	00.5004	0001.0794
Recharging:	05250.00	01.5176	00.5005	0001.0857
Recharging:	05280.00	01.5179	00.5005	0001.0920
Recharging:	05310.00	01.5182	00.5004	0001.0984
Recharging:	05340.00	01.5185	00.5004	0001.1047
Recharging:	05370.00	01.5187	00.5005	0001.1110
Recharging:	05400.00	01.5190	00.5004	0001.1174
Recharging:	05430.00	01.5193	00.5005	0001.1237
Recharging:	05460.00	01.5196	00.5005	0001.1300
Recharging:	05490.00	01.5199	00.5005	0001.1364
Recharging:	05520.00	01.5201	00.5005	0001.1427
Recharging:	05550.00	01.5204	00.5005	0001.1491
Recharging:	05580.00	01.5208	00.5005	0001.1554
Recharging:	05610.00	01.5211	00.5005	0001.1617
Recharging:	05640.00	01.5214	00.5005	0001.1681
Recharging:	05670.00	01.5217	00.5005	0001.1744
Recharging:	05700.00	01.5220	00.5005	0001.1808
Recharging:	05730.00	01.5223	00.5005	0001.1871
Recharging:	05760.00	01.5227	00.5004	0001.1935
Recharging:	05790.00	01.5230	00.5005	0001.1998
Recharging:	05820.00	01.5233	00.5005	0001.2062
Recharging:	05850.00	01.5236	00.5005	0001.2125
Recharging:	05880.00	01.5239	00.5005	0001.2189
Recharging:	05910.00	01.5242	00.5004	0001.2253
Recharging:	05940.00	01.5246	00.5005	0001.2316
Recharging:	05970.00	01.5248	00.5005	0001.2380
Recharging:	06000.00	01.5252	00.5005	0001.2443
Recharging:	06030.00	01.5255	00.5005	0001.2507
Recharging:	06060.00	01.5258	00.5004	0001.2571
Recharging:	06090.00	01.5262	00.5005	0001.2634
Recharging:	06120.00	01.5266	00.5005	0001.2698
Recharging:	06150.00	01.5270	00.5005	0001.2762
Recharging:	06180.00	01.5274	00.5004	0001.2825
Recharging:	06210.00	01.5277	00.5005	0001.2889
Recharging:	06240.00	01.5280	00.5005	0001.2953
Recharging:	06270.00	01.5284	00.5005	0001.3016
Recharging:	06300.00	01.5287	00.5005	0001.3080
Recharging:	06330.00	01.5290	00.5005	0001.3144
Recharging:	06360.00	01.5294	00.5004	0001.3208
Recharging:	06390.00	01.5297	00.5004	0001.3272
Recharging:	06420.00	01.5301	00.5004	0001.3335
Recharging:	06450.00	01.5305	00.5004	0001.3399
Recharging:	06480.00	01.5309	00.5005	0001.3463
Recharging:	06510.00	01.5312	00.5005	0001.3527
Recharging:	06540.00	01.5316	00.5005	0001.3591
Recharging:	06570.00	01.5320	00.5004	0001.3655
Recharging:	06600.00	01.5324	00.5005	0001.3719
Recharging:	06630.00	01.5328	00.5005	0001.3783
Recharging:	06660.00	01.5332	00.5005	0001.3846
Recharging:	06690.00	01.5335	00.5005	0001.3910
Recharging:	06720.00	01.5339	00.5005	0001.3974
Recharging:	06750.00	01.5343	00.5005	0001.4038
Recharging:	06780.00	01.5347	00.5005	0001.4102
Recharging:	06810.00	01.5351	00.5004	0001.4166
Recharging:	06840.00	01.5354	00.5004	0001.4230
Recharging:	06870.00	01.5359	00.5005	0001.4294
Recharging:	06900.00	01.5363	00.5005	0001.4359
Recharging:	06930.00	01.5367	00.5004	0001.4423
Recharging:	06960.00	01.5372	00.5005	0001.4487
Recharging:	06990.00	01.5376	00.5004	0001.4551
Recharging:	07020.00	01.5380	00.5004	0001.4615
Recharging:	07050.00	01.5384	00.5004	0001.4679
Recharging:	07080.00	01.5387	00.5004	0001.4743
Recharging:	07110.00	01.5392	00.5005	0001.4808
Recharging:	07140.00	01.5397	00.5005	0001.4872
Recharging:	07170.00	01.5400	00.5005	0001.4936
Recharging:	07200.00	01.5405	00.5005	0001.5000
Recharging:	07230.00	01.5409	00.5005	0001.5064
Recharging:	07260.00	01.5413	00.5005	0001.5129
Recharging:	07290.00	01.5418	00.5005	0001.5193
Recharging:	07320.00	01.5422	00.5005	0001.5257
Recharging:	07350.00	01.5426	00.5005	0001.5322
Recharging:	07380.00	01.5430	00.5005	0001.5386
Recharging:	07410.00	01.5434	00.5005	0001.5450
Recharging:	07440.00	01.5439	00.5004	0001.5515
Recharging:	07470.00	01.5444	00.5005	0001.5579
Recharging:	07500.00	01.5448	00.5005	0001.5644
Recharging:	07530.00	01.5453	00.5005	0001.5708
Recharging:	07560.00	01.5457	00.5005	0001.5773
Recharging:	07590.00	01.5461	00.5005	0001.5837
Recharging:	07620.00	01.5466	00.5004	0001.5902
Recharging:	07650.00	01.5470	00.5005	0001.5966
Recharging:	07680.00	01.5474	00.5004	0001.6031
Recharging:	07710.00	01.5478	00.5004	0001.6095
Recharging:	07740.00	01.5482	00.5004	0001.6160
Recharging:	07770.00	01.5486	00.5004	0001.6224
Recharging:	07800.00	01.5491	00.5005	0001.6289
Recharging:	07830.00	01.5495	00.5005	0001.6354
Recharging:	07860.00	01.5499	00.5005	0001.6418
Recharging:	07890.00	01.5502	00.5005	0001.6483
Recharging:	07920.00	01.5508	00.5005	0001.6547
Recharging:	07950.00	01.5513	00.5004	0001.6612
Recharging:	07980.00	01.5517	00.5005	0001.6677
Recharging:	08010.00	01.5521	00.5005	0001.6742
Recharging:	08040.00	01.5526	00.5005	0001.6806
Recharging:	08070.00	01.5530	00.5004	0001.6871
Recharging:	08100.00	01.5533	00.5004	0001.6936
Recharging:	08130.00	01.5538	00.5004	0001.7001
Recharging:	08160.00	01.5542	00.5004	0001.7066
Recharging:	08190.00	01.5548	00.5005	0001.7130
Recharging:	08220.00	01.5552	00.5005	0001.7195
Recharging:	08250.00	01.5556	00.5004	0001.7260
Recharging:	08280.00	01.5560	00.5005	0001.7325
Recharging:	08310.00	01.5565	00.5004	0001.7390
Recharging:	08340.00	01.5570	00.5005	0001.7455
Recharging:	08370.00	01.5575	00.5004	0001.7520
Recharging:	08400.00	01.5580	00.5005	0001.7585
Recharging:	08430.00	01.5585	00.5004	0001.7650
Recharging:	08460.00	01.5589	00.5004	0001.7715
Recharging:	08490.00	01.5594	00.5004	0001.7780
Recharging:	08520.00	01.5599	00.5004	0001.7845
Recharging:	08550.00	01.5603	00.5005	0001.7910
Recharging:	08580.00	01.5608	00.5004	0001.7975
Recharging:	08610.00	01.5613	00.5005	0001.8040
Recharging:	08640.00	01.5619	00.5005	0001.8105
Recharging:	08670.00	01.5624	00.5004	0001.8170
Recharging:	08700.00	01.5630	00.5004	0001.8236
Recharging:	08730.00	01.5634	00.5005	0001.8301
Recharging:	08760.00	01.5639	00.5005	0001.8366
Recharging:	08790.00	01.5644	00.5004	0001.8431
Recharging:	08820.00	01.5648	00.5004	0001.8497
Recharging:	08850.00	01.5653	00.5005	0001.8562
Recharging:	08880.00	01.5658	00.5004	0001.8627
Recharging:	08910.00	01.5663	00.5005	0001.8692
Recharging:	08940.00	01.5667	00.5005	0001.8758
Recharging:	08970.00	01.5672	00.5005	0001.8823
Recharging:	09000.00	01.5676	00.5004	0001.8889
Recharging:	09030.00	01.5681	00.5004	0001.8954
Recharging:	09060.00	01.5685	00.5005	0001.9019
Recharging:	09090.00	01.5690	00.5004	0001.9085
Recharging:	09120.00	01.5695	00.5004	0001.9150
Recharging:	09150.00	01.5700	00.5005	0001.9216
Recharging:	09180.00	01.5704	00.5005	0001.9281
Recharging:	09210.00	01.5710	00.5005	0001.9347
Recharging:	09240.00	01.5715	00.5004	0001.9412
Recharging:	09270.00	01.5720	00.5004	0001.9478
Recharging:	09300.00	01.5724	00.5005	0001.9543
Recharging:	09330.00	01.5729	00.5005	0001.9609
Recharging:	09360.00	01.5734	00.5005	0001.9675
Recharging:	09390.00	01.5739	00.5004	0001.9740
Recharging:	09420.00	01.5743	00.5005	0001.9806
Recharging:	09450.00	01.5748	00.5004	0001.9872
Recharging:	09480.00	01.5753	00.5004	0001.9937
Recharging:	09510.00	01.5758	00.5004	0002.0003
Recharging:	09540.00	01.5762	00.5004	0002.0069
Recharging:	09570.00	01.5767	00.5004	0002.0134
Recharging:	09600.00	01.5772	00.5004	0002.0200
Recharging:	09630.00	01.5776	00.5005	0002.0266
Recharging:	09660.00	01.5780	00.5005	0002.0332
Recharging:	09690.00	01.5785	00.5005	0002.0398
Recharging:	09720.00	01.5791	00.5005	0002.0464
Recharging:	09750.00	01.5796	00.5005	0002.0529
Recharging:	09780.00	01.5798	00.5004	0002.0595
Recharging:	09810.00	01.5803	00.5004	0002.0661
