Charging:	00030.00	03.9999	00.5012	0000.0167
Charging:	00060.00	04.0241	00.5004	0000.0335
Charging:	00090.00	04.0313	00.5004	0000.0503
Charging:	00120.00	04.0369	00.5004	0000.0671
Charging:	00150.00	04.0416	00.5004	0000.0840
Charging:	00180.00	04.0457	00.5004	0000.1008
Charging:	00210.00	04.0495	00.5004	0000.1177
Charging:	00240.00	04.0531	00.5004	0000.1346
Charging:	00270.00	04.0566	00.5004	0000.1516
Charging:	00300.00	04.0598	00.5004	0000.1685
Charging:	00330.00	04.0629	00.5004	0000.1854
Charging:	00360.00	04.0659	00.5004	0000.2024
Charging:	00390.00	04.0688	00.5004	0000.2193
Charging:	00420.00	04.0717	00.5004	0000.2363
Charging:	00450.00	04.0746	00.5004	0000.2533
Charging:	00480.00	04.0773	00.5004	0000.2703
Charging:	00510.00	04.0800	00.5004	0000.2873
Charging:	00540.00	04.0827	00.5004	0000.3043
Charging:	00570.00	04.0854	00.5004	0000.3214
Charging:	00600.00	04.0880	00.5004	0000.3384
Charging:	00630.00	04.0906	00.5004	0000.3555
Charging:	00660.00	04.0932	00.5004	0000.3726
Charging:	00690.00	04.0958	00.5004	0000.3896
Charging:	00720.00	04.0982	00.5004	0000.4067
Charging:	00750.00	04.1007	00.5004	0000.4238
Charging:	00780.00	04.1032	00.5004	0000.4409
Charging:	00810.00	04.1056	00.5004	0000.4581
Charging:	00840.00	04.1081	00.5004	0000.4752
Charging:	00870.00	04.1104	00.5004	0000.4923
Charging:	00900.00	04.1128	00.5004	0000.5095
Charging:	00930.00	04.1152	00.5004	0000.5266
Charging:	00960.00	04.1175	00.5004	0000.5438
Charging:	00990.00	04.1199	00.5004	0000.5610
Charging:	01020.00	04.1222	00.5004	0000.5782
Charging:	01050.00	04.1245	00.5004	0000.5954
Charging:	01080.00	04.1268	00.5004	0000.6126
Charging:	01110.00	04.1290	00.5004	0000.6298
Charging:	01140.00	04.1313	00.5004	0000.6470
Charging:	01170.00	04.1336	00.5004	0000.6643
Charging:	01200.00	04.1358	00.5004	0000.6815
Charging:	01230.00	04.1380	00.5004	0000.6988
Charging:	01260.00	04.1402	00.5004	0000.7160
Charging:	01290.00	04.1425	00.5004	0000.7333
Charging:	01320.00	04.1448	00.5004	0000.7506
Charging:	01350.00	04.1469	00.5004	0000.7679
Charging:	01380.00	04.1492	00.5004	0000.7852
Charging:	01410.00	04.1514	00.5004	0000.8025
Charging:	01440.00	04.1536	00.5004	0000.8198
Charging:	01470.00	04.1559	00.5004	0000.8372
Charging:	01500.00	04.1581	00.5004	0000.8545
Charging:	01530.00	04.1603	00.5004	0000.8718
Charging:	01560.00	04.1625	00.5004	0000.8892
Charging:	01590.00	04.1648	00.5004	0000.9066
Charging:	01620.00	04.1671	00.5004	0000.9239
Charging:	01650.00	04.1694	00.5004	0000.9413
Charging:	01680.00	04.1717	00.5004	0000.9587
Charging:	01710.00	04.1740	00.5004	0000.9761
Charging:	01740.00	04.1764	00.5004	0000.9936
Charging:	01770.00	04.1787	00.5004	0001.0110
Charging:	01800.00	04.1811	00.5004	0001.0284
Charging:	01830.00	04.1835	00.5004	0001.0459
Charging:	01860.00	04.1859	00.5004	0001.0633
Charging:	01890.00	04.1884	00.5004	0001.0808
Charging:	01920.00	04.1909	00.5004	0001.0983
Charging:	01950.00	04.1933	00.5004	0001.1157
Charging:	01980.00	04.1958	00.5004	0001.1332
Charging:	02010.00	04.1983	00.5004	0001.1508
Charging:	02040.00	04.2009	00.5004	0001.1683
---------------------------
TESTING INTERNAL RESISTANCE
voltage while ON =  4.1409
current=-0.5004
OUTPUT OFF
voltage while OFF =  4.1490
Internal resistance =  0.0161 [Ohm]
OUTPUT ON
---------------------------
Discharging:	00030.00	04.1267	-0.5004	-000.0172
Discharging:	00060.00	04.0802	-0.5002	-000.0342
Discharging:	00090.00	04.0706	-0.5002	-000.0512
Discharging:	00120.00	04.0639	-0.5002	-000.0681
Discharging:	00150.00	04.0585	-0.5002	-000.0850
Discharging:	00180.00	04.0539	-0.5002	-000.1019
Discharging:	00210.00	04.0498	-0.5002	-000.1188
Discharging:	00240.00	04.0462	-0.5002	-000.1357
Discharging:	00270.00	04.0427	-0.5002	-000.1525
Discharging:	00300.00	04.0396	-0.5002	-000.1694
Discharging:	00330.00	04.0365	-0.5002	-000.1862
Discharging:	00360.00	04.0337	-0.5002	-000.2030
Discharging:	00390.00	04.0308	-0.5002	-000.2198
Discharging:	00420.00	04.0281	-0.5002	-000.2366
Discharging:	00450.00	04.0254	-0.5002	-000.2534
Discharging:	00480.00	04.0228	-0.5002	-000.2702
Discharging:	00510.00	04.0202	-0.5002	-000.2869
Discharging:	00540.00	04.0177	-0.5002	-000.3037
Discharging:	00570.00	04.0153	-0.5002	-000.3204
Discharging:	00600.00	04.0129	-0.5002	-000.3371
Discharging:	00630.00	04.0104	-0.5002	-000.3539
Discharging:	00660.00	04.0079	-0.5002	-000.3706
Discharging:	00690.00	04.0056	-0.5002	-000.3873
Discharging:	00720.00	04.0031	-0.5002	-000.4039
Discharging:	00750.00	04.0008	-0.5002	-000.4206
Discharging:	00780.00	03.9985	-0.5002	-000.4373
Discharging:	00810.00	03.9961	-0.5002	-000.4539
Discharging:	00840.00	03.9938	-0.5002	-000.4706
Discharging:	00870.00	03.9915	-0.5002	-000.4872
Discharging:	00900.00	03.9893	-0.5002	-000.5039
Discharging:	00930.00	03.9870	-0.5002	-000.5205
Discharging:	00960.00	03.9847	-0.5002	-000.5371
Discharging:	00990.00	03.9825	-0.5002	-000.5537
Discharging:	01020.00	03.9803	-0.5002	-000.5703
Discharging:	01050.00	03.9781	-0.5002	-000.5869
Discharging:	01080.00	03.9758	-0.5002	-000.6034
Discharging:	01110.00	03.9736	-0.5002	-000.6200
Discharging:	01140.00	03.9713	-0.5002	-000.6365
Discharging:	01170.00	03.9691	-0.5002	-000.6531
Discharging:	01200.00	03.9669	-0.5002	-000.6696
Discharging:	01230.00	03.9647	-0.5002	-000.6862
Discharging:	01260.00	03.9626	-0.5002	-000.7027
Discharging:	01290.00	03.9604	-0.5002	-000.7192
Discharging:	01320.00	03.9583	-0.5002	-000.7357
Discharging:	01350.00	03.9561	-0.5002	-000.7522
Discharging:	01380.00	03.9539	-0.5002	-000.7687
Discharging:	01410.00	03.9516	-0.5002	-000.7851
Discharging:	01440.00	03.9495	-0.5002	-000.8016
Discharging:	01470.00	03.9474	-0.5002	-000.8180
Discharging:	01500.00	03.9452	-0.5002	-000.8345
Discharging:	01530.00	03.9430	-0.5002	-000.8509
Discharging:	01560.00	03.9407	-0.5002	-000.8673
Discharging:	01590.00	03.9385	-0.5002	-000.8838
Discharging:	01620.00	03.9363	-0.5002	-000.9002
Discharging:	01650.00	03.9341	-0.5002	-000.9166
Discharging:	01680.00	03.9320	-0.5002	-000.9330
Discharging:	01710.00	03.9298	-0.5002	-000.9493
Discharging:	01740.00	03.9276	-0.5002	-000.9657
Discharging:	01770.00	03.9253	-0.5002	-000.9821
Discharging:	01800.00	03.9231	-0.5002	-000.9984
Discharging:	01830.00	03.9208	-0.5002	-001.0148
Discharging:	01860.00	03.9185	-0.5002	-001.0311
Discharging:	01890.00	03.9163	-0.5002	-001.0474
Discharging:	01920.00	03.9140	-0.5002	-001.0637
Discharging:	01950.00	03.9118	-0.5002	-001.0801
Discharging:	01980.00	03.9095	-0.5002	-001.0963
Discharging:	02010.00	03.9073	-0.5002	-001.1126
Discharging:	02040.00	03.9051	-0.5002	-001.1289
Discharging:	02070.00	03.9029	-0.5002	-001.1452
Discharging:	02100.00	03.9008	-0.5002	-001.1614
Discharging:	02130.00	03.8986	-0.5002	-001.1777
Discharging:	02160.00	03.8965	-0.5002	-001.1939
Discharging:	02190.00	03.8944	-0.5002	-001.2102
Discharging:	02220.00	03.8924	-0.5002	-001.2264
Discharging:	02250.00	03.8905	-0.5002	-001.2426
Discharging:	02280.00	03.8885	-0.5002	-001.2588
Discharging:	02310.00	03.8866	-0.5002	-001.2750
Discharging:	02340.00	03.8847	-0.5002	-001.2912
Discharging:	02370.00	03.8829	-0.5002	-001.3074
Discharging:	02400.00	03.8811	-0.5002	-001.3236
Discharging:	02430.00	03.8793	-0.5002	-001.3397
Discharging:	02460.00	03.8775	-0.5002	-001.3559
Discharging:	02490.00	03.8759	-0.5002	-001.3721
Discharging:	02520.00	03.8742	-0.5002	-001.3882
Discharging:	02550.00	03.8726	-0.5002	-001.4044
Discharging:	02580.00	03.8710	-0.5002	-001.4205
Discharging:	02610.00	03.8693	-0.5002	-001.4366
Discharging:	02640.00	03.8677	-0.5002	-001.4527
Discharging:	02670.00	03.8662	-0.5002	-001.4689
Discharging:	02700.00	03.8646	-0.5002	-001.4850
Discharging:	02730.00	03.8631	-0.5002	-001.5011
Discharging:	02760.00	03.8615	-0.5002	-001.5172
Discharging:	02790.00	03.8600	-0.5002	-001.5333
Discharging:	02820.00	03.8585	-0.5002	-001.5493
Discharging:	02850.00	03.8570	-0.5002	-001.5654
Discharging:	02880.00	03.8555	-0.5002	-001.5815
Discharging:	02910.00	03.8541	-0.5002	-001.5976
Discharging:	02940.00	03.8527	-0.5002	-001.6136
Discharging:	02970.00	03.8512	-0.5002	-001.6297
Discharging:	03000.00	03.8498	-0.5002	-001.6457
Discharging:	03030.00	03.8485	-0.5002	-001.6618
Discharging:	03060.00	03.8471	-0.5002	-001.6778
Discharging:	03090.00	03.8457	-0.5002	-001.6938
Discharging:	03120.00	03.8443	-0.5002	-001.7099
Discharging:	03150.00	03.8429	-0.5002	-001.7259
Discharging:	03180.00	03.8415	-0.5002	-001.7419
Discharging:	03210.00	03.8401	-0.5002	-001.7579
Discharging:	03240.00	03.8388	-0.5002	-001.7739
Discharging:	03270.00	03.8374	-0.5002	-001.7899
Discharging:	03300.00	03.8360	-0.5002	-001.8059
Discharging:	03330.00	03.8347	-0.5002	-001.8219
Discharging:	03360.00	03.8334	-0.5002	-001.8378
Discharging:	03390.00	03.8320	-0.5002	-001.8538
Discharging:	03420.00	03.8307	-0.5002	-001.8698
Discharging:	03450.00	03.8294	-0.5002	-001.8857
Discharging:	03480.00	03.8281	-0.5002	-001.9017
Discharging:	03510.00	03.8268	-0.5002	-001.9177
Discharging:	03540.00	03.8255	-0.5002	-001.9336
Discharging:	03570.00	03.8242	-0.5002	-001.9495
Discharging:	03600.00	03.8230	-0.5002	-001.9655
Discharging:	03630.00	03.8216	-0.5002	-001.9814
Discharging:	03660.00	03.8204	-0.5002	-001.9973
Discharging:	03690.00	03.8191	-0.5002	-002.0133
Discharging:	03720.00	03.8178	-0.5002	-002.0292
Discharging:	03750.00	03.8165	-0.5002	-002.0451
Discharging:	03780.00	03.8153	-0.5002	-002.0610
Discharging:	03810.00	03.8140	-0.5002	-002.0769
Discharging:	03840.00	03.8128	-0.5002	-002.0928
Discharging:	03870.00	03.8115	-0.5002	-002.1087
Discharging:	03900.00	03.8103	-0.5002	-002.1245
Discharging:	03930.00	03.8091	-0.5002	-002.1404
Discharging:	03960.00	03.8078	-0.5002	-002.1563
Discharging:	03990.00	03.8065	-0.5002	-002.1722
Discharging:	04020.00	03.8053	-0.5002	-002.1880
Discharging:	04050.00	03.8041	-0.5002	-002.2039
Discharging:	04080.00	03.8028	-0.5002	-002.2197
Discharging:	04110.00	03.8016	-0.5002	-002.2356
Discharging:	04140.00	03.8004	-0.5002	-002.2514
Discharging:	04170.00	03.7991	-0.5002	-002.2673
Discharging:	04200.00	03.7979	-0.5002	-002.2831
Discharging:	04230.00	03.7966	-0.5002	-002.2989
Discharging:	04260.00	03.7955	-0.5002	-002.3147
Discharging:	04290.00	03.7942	-0.5002	-002.3306
Discharging:	04320.00	03.7930	-0.5002	-002.3464
Discharging:	04350.00	03.7918	-0.5002	-002.3622
Discharging:	04380.00	03.7906	-0.5002	-002.3780
Discharging:	04410.00	03.7893	-0.5002	-002.3938
Discharging:	04440.00	03.7881	-0.5002	-002.4096
Discharging:	04470.00	03.7869	-0.5002	-002.4253
Discharging:	04500.00	03.7857	-0.5002	-002.4411
Discharging:	04530.00	03.7844	-0.5002	-002.4569
Discharging:	04560.00	03.7832	-0.5002	-002.4727
Discharging:	04590.00	03.7820	-0.5002	-002.4884
Discharging:	04620.00	03.7808	-0.5002	-002.5042
Discharging:	04650.00	03.7796	-0.5002	-002.5199
Discharging:	04680.00	03.7783	-0.5002	-002.5357
Discharging:	04710.00	03.7771	-0.5002	-002.5514
Discharging:	04740.00	03.7758	-0.5002	-002.5672
Discharging:	04770.00	03.7746	-0.5002	-002.5829
Discharging:	04800.00	03.7734	-0.5002	-002.5986
Discharging:	04830.00	03.7722	-0.5002	-002.6144
Discharging:	04860.00	03.7710	-0.5002	-002.6301
Discharging:	04890.00	03.7697	-0.5002	-002.6458
Discharging:	04920.00	03.7685	-0.5002	-002.6615
Discharging:	04950.00	03.7673	-0.5002	-002.6772
Discharging:	04980.00	03.7661	-0.5002	-002.6929
Discharging:	05010.00	03.7649	-0.5002	-002.7086
Discharging:	05040.00	03.7636	-0.5002	-002.7243
Discharging:	05070.00	03.7624	-0.5002	-002.7400
Discharging:	05100.00	03.7612	-0.5002	-002.7556
Discharging:	05130.00	03.7599	-0.5002	-002.7713
Discharging:	05160.00	03.7586	-0.5002	-002.7870
Discharging:	05190.00	03.7574	-0.5002	-002.8027
Discharging:	05220.00	03.7562	-0.5002	-002.8183
Discharging:	05250.00	03.7549	-0.5002	-002.8340
Discharging:	05280.00	03.7536	-0.5002	-002.8496
Discharging:	05310.00	03.7524	-0.5002	-002.8653
Discharging:	05340.00	03.7512	-0.5002	-002.8809
Discharging:	05370.00	03.7499	-0.5002	-002.8965
Discharging:	05400.00	03.7487	-0.5002	-002.9121
Discharging:	05430.00	03.7474	-0.5002	-002.9278
Discharging:	05460.00	03.7461	-0.5002	-002.9434
Discharging:	05490.00	03.7448	-0.5002	-002.9590
Discharging:	05520.00	03.7436	-0.5002	-002.9746
Discharging:	05550.00	03.7423	-0.5002	-002.9902
Discharging:	05580.00	03.7411	-0.5002	-003.0058
Discharging:	05610.00	03.7398	-0.5002	-003.0214
Discharging:	05640.00	03.7385	-0.5002	-003.0370
Discharging:	05670.00	03.7372	-0.5002	-003.0525
Discharging:	05700.00	03.7360	-0.5002	-003.0681
Discharging:	05730.00	03.7346	-0.5002	-003.0837
Discharging:	05760.00	03.7335	-0.5002	-003.0992
Discharging:	05790.00	03.7321	-0.5002	-003.1148
Discharging:	05820.00	03.7309	-0.5002	-003.1304
Discharging:	05850.00	03.7296	-0.5002	-003.1459
Discharging:	05880.00	03.7283	-0.5002	-003.1614
Discharging:	05910.00	03.7270	-0.5002	-003.1770
Discharging:	05940.00	03.7258	-0.5002	-003.1925
Discharging:	05970.00	03.7246	-0.5002	-003.2080
Discharging:	06000.00	03.7233	-0.5002	-003.2236
Discharging:	06030.00	03.7220	-0.5002	-003.2391
Discharging:	06060.00	03.7206	-0.5002	-003.2546
Discharging:	06090.00	03.7193	-0.5002	-003.2701
Discharging:	06120.00	03.7180	-0.5002	-003.2856
Discharging:	06150.00	03.7167	-0.5002	-003.3011
Discharging:	06180.00	03.7154	-0.5002	-003.3166
Discharging:	06210.00	03.7141	-0.5002	-003.3320
Discharging:	06240.00	03.7128	-0.5002	-003.3475
Discharging:	06270.00	03.7115	-0.5002	-003.3630
Discharging:	06300.00	03.7102	-0.5002	-003.3785
Discharging:	06330.00	03.7089	-0.5002	-003.3939
Discharging:	06360.00	03.7076	-0.5002	-003.4094
Discharging:	06390.00	03.7063	-0.5002	-003.4248
Discharging:	06420.00	03.7050	-0.5002	-003.4403
Discharging:	06450.00	03.7037	-0.5002	-003.4557
Discharging:	06480.00	03.7023	-0.5002	-003.4711
Discharging:	06510.00	03.7010	-0.5002	-003.4866
Discharging:	06540.00	03.6997	-0.5002	-003.5020
Discharging:	06570.00	03.6984	-0.5002	-003.5174
Discharging:	06600.00	03.6971	-0.5002	-003.5328
Discharging:	06630.00	03.6957	-0.5002	-003.5482
Discharging:	06660.00	03.6944	-0.5002	-003.5636
Discharging:	06690.00	03.6931	-0.5002	-003.5790
Discharging:	06720.00	03.6918	-0.5002	-003.5944
Discharging:	06750.00	03.6904	-0.5002	-003.6098
Discharging:	06780.00	03.6891	-0.5002	-003.6252
Discharging:	06810.00	03.6878	-0.5002	-003.6405
Discharging:	06840.00	03.6865	-0.5002	-003.6559
Discharging:	06870.00	03.6852	-0.5002	-003.6713
Discharging:	06900.00	03.6840	-0.5002	-003.6866
Discharging:	06930.00	03.6827	-0.5002	-003.7020
Discharging:	06960.00	03.6814	-0.5002	-003.7173
Discharging:	06990.00	03.6800	-0.5002	-003.7327
Discharging:	07020.00	03.6787	-0.5002	-003.7480
Discharging:	07050.00	03.6774	-0.5002	-003.7633
Discharging:	07080.00	03.6761	-0.5002	-003.7787
Discharging:	07110.00	03.6747	-0.5002	-003.7940
Discharging:	07140.00	03.6734	-0.5002	-003.8093
Discharging:	07170.00	03.6721	-0.5002	-003.8246
Discharging:	07200.00	03.6707	-0.5002	-003.8399
Discharging:	07230.00	03.6695	-0.5002	-003.8552
Discharging:	07260.00	03.6682	-0.5002	-003.8705
Discharging:	07290.00	03.6668	-0.5002	-003.8858
Discharging:	07320.00	03.6655	-0.5002	-003.9010
Discharging:	07350.00	03.6642	-0.5002	-003.9163
Discharging:	07380.00	03.6629	-0.5002	-003.9316
Discharging:	07410.00	03.6616	-0.5002	-003.9468
Discharging:	07440.00	03.6602	-0.5002	-003.9621
Discharging:	07470.00	03.6589	-0.5002	-003.9774
Discharging:	07500.00	03.6577	-0.5002	-003.9926
Discharging:	07530.00	03.6563	-0.5002	-004.0078
Discharging:	07560.00	03.6550	-0.5002	-004.0231
Discharging:	07590.00	03.6537	-0.5002	-004.0383
Discharging:	07620.00	03.6524	-0.5002	-004.0535
Discharging:	07650.00	03.6510	-0.5002	-004.0688
Discharging:	07680.00	03.6498	-0.5002	-004.0840
Discharging:	07710.00	03.6484	-0.5002	-004.0992
Discharging:	07740.00	03.6472	-0.5002	-004.1144
Discharging:	07770.00	03.6459	-0.5002	-004.1296
Discharging:	07800.00	03.6446	-0.5002	-004.1448
Discharging:	07830.00	03.6433	-0.5002	-004.1600
Discharging:	07860.00	03.6420	-0.5002	-004.1751
Discharging:	07890.00	03.6406	-0.5002	-004.1903
Discharging:	07920.00	03.6394	-0.5002	-004.2055
Discharging:	07950.00	03.6381	-0.5002	-004.2206
Discharging:	07980.00	03.6368	-0.5002	-004.2358
Discharging:	08010.00	03.6355	-0.5002	-004.2510
Discharging:	08040.00	03.6341	-0.5002	-004.2661
Discharging:	08070.00	03.6328	-0.5002	-004.2813
Discharging:	08100.00	03.6316	-0.5002	-004.2964
Discharging:	08130.00	03.6303	-0.5002	-004.3115
Discharging:	08160.00	03.6290	-0.5002	-004.3267
Discharging:	08190.00	03.6277	-0.5002	-004.3418
Discharging:	08220.00	03.6265	-0.5002	-004.3569
Discharging:	08250.00	03.6252	-0.5002	-004.3720
Discharging:	08280.00	03.6239	-0.5002	-004.3871
Discharging:	08310.00	03.6226	-0.5002	-004.4022
Discharging:	08340.00	03.6214	-0.5002	-004.4173
Discharging:	08370.00	03.6201	-0.5002	-004.4324
Discharging:	08400.00	03.6188	-0.5002	-004.4475
Discharging:	08430.00	03.6175	-0.5002	-004.4626
Discharging:	08460.00	03.6163	-0.5002	-004.4776
Discharging:	08490.00	03.6150	-0.5002	-004.4927
Discharging:	08520.00	03.6137	-0.5002	-004.5078
Discharging:	08550.00	03.6125	-0.5002	-004.5228
Discharging:	08580.00	03.6112	-0.5002	-004.5379
Discharging:	08610.00	03.6099	-0.5002	-004.5529
Discharging:	08640.00	03.6087	-0.5002	-004.5680
Discharging:	08670.00	03.6074	-0.5002	-004.5830
Discharging:	08700.00	03.6062	-0.5002	-004.5980
Discharging:	08730.00	03.6049	-0.5002	-004.6131
Discharging:	08760.00	03.6037	-0.5002	-004.6281
Discharging:	08790.00	03.6024	-0.5002	-004.6431
Discharging:	08820.00	03.6012	-0.5002	-004.6581
Discharging:	08850.00	03.6001	-0.5002	-004.6731
Discharging:	08880.00	03.5988	-0.5002	-004.6881
Discharging:	08910.00	03.5976	-0.5002	-004.7031
Discharging:	08940.00	03.5963	-0.5002	-004.7181
Discharging:	08970.00	03.5951	-0.5002	-004.7331
Discharging:	09000.00	03.5939	-0.5002	-004.7481
Discharging:	09030.00	03.5926	-0.5002	-004.7631
Discharging:	09060.00	03.5914	-0.5002	-004.7780
Discharging:	09090.00	03.5902	-0.5002	-004.7930
Discharging:	09120.00	03.5889	-0.5002	-004.8080
Discharging:	09150.00	03.5877	-0.5002	-004.8229
Discharging:	09180.00	03.5865	-0.5002	-004.8379
Discharging:	09210.00	03.5853	-0.5002	-004.8528
Discharging:	09240.00	03.5841	-0.5002	-004.8677
Discharging:	09270.00	03.5828	-0.5002	-004.8827
Discharging:	09300.00	03.5816	-0.5002	-004.8976
Discharging:	09330.00	03.5804	-0.5002	-004.9125
Discharging:	09360.00	03.5793	-0.5002	-004.9275
Discharging:	09390.00	03.5781	-0.5002	-004.9424
Discharging:	09420.00	03.5769	-0.5002	-004.9573
Discharging:	09450.00	03.5757	-0.5002	-004.9722
Discharging:	09480.00	03.5745	-0.5002	-004.9871
Discharging:	09510.00	03.5733	-0.5002	-005.0020
Discharging:	09540.00	03.5722	-0.5002	-005.0169
Discharging:	09570.00	03.5709	-0.5002	-005.0318
Discharging:	09600.00	03.5698	-0.5002	-005.0466
Discharging:	09630.00	03.5686	-0.5002	-005.0615
Discharging:	09660.00	03.5674	-0.5002	-005.0764
Discharging:	09690.00	03.5662	-0.5002	-005.0912
Discharging:	09720.00	03.5650	-0.5002	-005.1061
Discharging:	09750.00	03.5638	-0.5002	-005.1210
Discharging:	09780.00	03.5626	-0.5002	-005.1358
Discharging:	09810.00	03.5615	-0.5002	-005.1507
Discharging:	09840.00	03.5603	-0.5002	-005.1655
Discharging:	09870.00	03.5591	-0.5002	-005.1803
Discharging:	09900.00	03.5580	-0.5002	-005.1952
Discharging:	09930.00	03.5568	-0.5002	-005.2100
Discharging:	09960.00	03.5556	-0.5002	-005.2248
Discharging:	09990.00	03.5544	-0.5002	-005.2396
Discharging:	10020.00	03.5532	-0.5002	-005.2544
Discharging:	10050.00	03.5520	-0.5002	-005.2692
Discharging:	10080.00	03.5509	-0.5002	-005.2840
Discharging:	10110.00	03.5497	-0.5002	-005.2988
Discharging:	10140.00	03.5484	-0.5002	-005.3136
Discharging:	10170.00	03.5472	-0.5002	-005.3284
Discharging:	10200.00	03.5460	-0.5002	-005.3432
Discharging:	10230.00	03.5448	-0.5002	-005.3580
Discharging:	10260.00	03.5437	-0.5002	-005.3728
Discharging:	10290.00	03.5425	-0.5002	-005.3875
Discharging:	10320.00	03.5412	-0.5002	-005.4023
Discharging:	10350.00	03.5400	-0.5002	-005.4170
Discharging:	10380.00	03.5388	-0.5002	-005.4318
Discharging:	10410.00	03.5376	-0.5002	-005.4465
Discharging:	10440.00	03.5364	-0.5002	-005.4613
Discharging:	10470.00	03.5350	-0.5002	-005.4760
Discharging:	10500.00	03.5338	-0.5002	-005.4907
Discharging:	10530.00	03.5325	-0.5002	-005.5055
Discharging:	10560.00	03.5313	-0.5002	-005.5202
Discharging:	10590.00	03.5300	-0.5002	-005.5349
Discharging:	10620.00	03.5287	-0.5002	-005.5496
Discharging:	10650.00	03.5274	-0.5002	-005.5643
Discharging:	10680.00	03.5261	-0.5002	-005.5790
Discharging:	10710.00	03.5247	-0.5002	-005.5937
Discharging:	10740.00	03.5235	-0.5002	-005.6084
Discharging:	10770.00	03.5222	-0.5002	-005.6231
Discharging:	10800.00	03.5209	-0.5002	-005.6378
Discharging:	10830.00	03.5195	-0.5002	-005.6524
Discharging:	10860.00	03.5183	-0.5002	-005.6671
Discharging:	10890.00	03.5170	-0.5002	-005.6818
Discharging:	10920.00	03.5156	-0.5002	-005.6964
Discharging:	10950.00	03.5142	-0.5002	-005.7111
Discharging:	10980.00	03.5129	-0.5002	-005.7257
Discharging:	11010.00	03.5116	-0.5002	-005.7403
Discharging:	11040.00	03.5101	-0.5002	-005.7550
Discharging:	11070.00	03.5088	-0.5002	-005.7696
Discharging:	11100.00	03.5075	-0.5002	-005.7842
Discharging:	11130.00	03.5060	-0.5002	-005.7988
Discharging:	11160.00	03.5046	-0.5002	-005.8134
Discharging:	11190.00	03.5032	-0.5002	-005.8280
Discharging:	11220.00	03.5019	-0.5002	-005.8426
Discharging:	11250.00	03.5004	-0.5002	-005.8572
Discharging:	11280.00	03.4990	-0.5002	-005.8718
Discharging:	11310.00	03.4976	-0.5002	-005.8864
Discharging:	11340.00	03.4962	-0.5002	-005.9010
Discharging:	11370.00	03.4948	-0.5002	-005.9155
Discharging:	11400.00	03.4934	-0.5002	-005.9301
Discharging:	11430.00	03.4920	-0.5002	-005.9447
Discharging:	11460.00	03.4905	-0.5002	-005.9592
Discharging:	11490.00	03.4890	-0.5002	-005.9738
Discharging:	11520.00	03.4876	-0.5002	-005.9883
Discharging:	11550.00	03.4861	-0.5002	-006.0028
Discharging:	11580.00	03.4846	-0.5002	-006.0173
Discharging:	11610.00	03.4831	-0.5002	-006.0319
Discharging:	11640.00	03.4816	-0.5002	-006.0464
Discharging:	11670.00	03.4801	-0.5002	-006.0609
Discharging:	11700.00	03.4786	-0.5002	-006.0754
Discharging:	11730.00	03.4772	-0.5002	-006.0899
Discharging:	11760.00	03.4756	-0.5002	-006.1044
Discharging:	11790.00	03.4741	-0.5002	-006.1189
Discharging:	11820.00	03.4726	-0.5002	-006.1333
Discharging:	11850.00	03.4710	-0.5002	-006.1478
Discharging:	11880.00	03.4695	-0.5002	-006.1623
Discharging:	11910.00	03.4680	-0.5002	-006.1767
Discharging:	11940.00	03.4664	-0.5002	-006.1912
Discharging:	11970.00	03.4649	-0.5002	-006.2056
Discharging:	12000.00	03.4634	-0.5002	-006.2200
Discharging:	12030.00	03.4619	-0.5002	-006.2345
Discharging:	12060.00	03.4604	-0.5002	-006.2489
Discharging:	12090.00	03.4589	-0.5002	-006.2633
Discharging:	12120.00	03.4573	-0.5002	-006.2777
Discharging:	12150.00	03.4559	-0.5002	-006.2921
Discharging:	12180.00	03.4544	-0.5002	-006.3065
Discharging:	12210.00	03.4528	-0.5002	-006.3209
Discharging:	12240.00	03.4514	-0.5002	-006.3353
Discharging:	12270.00	03.4498	-0.5002	-006.3497
Discharging:	12300.00	03.4483	-0.5002	-006.3641
Discharging:	12330.00	03.4467	-0.5002	-006.3784
Discharging:	12360.00	03.4452	-0.5002	-006.3928
Discharging:	12390.00	03.4437	-0.5002	-006.4072
Discharging:	12420.00	03.4421	-0.5002	-006.4215
Discharging:	12450.00	03.4406	-0.5002	-006.4358
Discharging:	12480.00	03.4390	-0.5002	-006.4502
Discharging:	12510.00	03.4374	-0.5002	-006.4645
Discharging:	12540.00	03.4358	-0.5002	-006.4788
Discharging:	12570.00	03.4343	-0.5002	-006.4932
Discharging:	12600.00	03.4326	-0.5002	-006.5075
Discharging:	12630.00	03.4310	-0.5002	-006.5218
Discharging:	12660.00	03.4293	-0.5002	-006.5361
Discharging:	12690.00	03.4276	-0.5002	-006.5503
Discharging:	12720.00	03.4259	-0.5002	-006.5646
Discharging:	12750.00	03.4241	-0.5002	-006.5789
Discharging:	12780.00	03.4223	-0.5002	-006.5932
Discharging:	12810.00	03.4205	-0.5002	-006.6074
Discharging:	12840.00	03.4188	-0.5002	-006.6217
Discharging:	12870.00	03.4169	-0.5002	-006.6359
Discharging:	12900.00	03.4150	-0.5002	-006.6502
Discharging:	12930.00	03.4132	-0.5002	-006.6644
Discharging:	12960.00	03.4112	-0.5002	-006.6786
Discharging:	12990.00	03.4093	-0.5002	-006.6928
Discharging:	13020.00	03.4072	-0.5002	-006.7070
Discharging:	13050.00	03.4050	-0.5002	-006.7212
Discharging:	13080.00	03.4029	-0.5002	-006.7354
Discharging:	13110.00	03.4007	-0.5002	-006.7496
Discharging:	13140.00	03.3985	-0.5002	-006.7637
Discharging:	13170.00	03.3961	-0.5002	-006.7779
Discharging:	13200.00	03.3937	-0.5002	-006.7920
Discharging:	13230.00	03.3912	-0.5002	-006.8062
Discharging:	13260.00	03.3887	-0.5002	-006.8203
Discharging:	13290.00	03.3859	-0.5002	-006.8344
Discharging:	13320.00	03.3832	-0.5002	-006.8485
Discharging:	13350.00	03.3803	-0.5002	-006.8626
Discharging:	13380.00	03.3774	-0.5002	-006.8767
Discharging:	13410.00	03.3743	-0.5002	-006.8908
Discharging:	13440.00	03.3712	-0.5002	-006.9048
Discharging:	13470.00	03.3678	-0.5002	-006.9188
Discharging:	13500.00	03.3644	-0.5002	-006.9329
Discharging:	13530.00	03.3608	-0.5002	-006.9469
Discharging:	13560.00	03.3571	-0.5002	-006.9609
Discharging:	13590.00	03.3532	-0.5002	-006.9749
Discharging:	13620.00	03.3493	-0.5002	-006.9888
Discharging:	13650.00	03.3451	-0.5002	-007.0028
Discharging:	13680.00	03.3408	-0.5002	-007.0167
Discharging:	13710.00	03.3363	-0.5002	-007.0306
Discharging:	13740.00	03.3318	-0.5002	-007.0445
Discharging:	13770.00	03.3270	-0.5002	-007.0584
Discharging:	13800.00	03.3221	-0.5002	-007.0722
Discharging:	13830.00	03.3171	-0.5002	-007.0860
Discharging:	13860.00	03.3119	-0.5002	-007.0998
Discharging:	13890.00	03.3066	-0.5002	-007.1136
Discharging:	13920.00	03.3011	-0.5002	-007.1274
Discharging:	13950.00	03.2955	-0.5002	-007.1411
Discharging:	13980.00	03.2898	-0.5002	-007.1548
Discharging:	14010.00	03.2838	-0.5002	-007.1685
Discharging:	14040.00	03.2777	-0.5002	-007.1822
Discharging:	14070.00	03.2715	-0.5002	-007.1958
Discharging:	14100.00	03.2652	-0.5002	-007.2094
Discharging:	14130.00	03.2586	-0.5002	-007.2230
Discharging:	14160.00	03.2519	-0.5002	-007.2366
Discharging:	14190.00	03.2449	-0.5002	-007.2501
Discharging:	14220.00	03.2379	-0.5002	-007.2636
Discharging:	14250.00	03.2306	-0.5002	-007.2771
Discharging:	14280.00	03.2233	-0.5002	-007.2905
Discharging:	14310.00	03.2157	-0.5002	-007.3039
Discharging:	14340.00	03.2080	-0.5002	-007.3173
Discharging:	14370.00	03.2001	-0.5002	-007.3306
Discharging:	14400.00	03.1918	-0.5002	-007.3439
Discharging:	14430.00	03.1835	-0.5002	-007.3572
Discharging:	14460.00	03.1748	-0.5002	-007.3704
Discharging:	14490.00	03.1660	-0.5002	-007.3836
Discharging:	14520.00	03.1569	-0.5002	-007.3968
Discharging:	14550.00	03.1475	-0.5002	-007.4099
Discharging:	14580.00	03.1379	-0.5002	-007.4230
Discharging:	14610.00	03.1280	-0.5002	-007.4360
Discharging:	14640.00	03.1179	-0.5002	-007.4490
Discharging:	14670.00	03.1073	-0.5002	-007.4620
Discharging:	14700.00	03.0967	-0.5002	-007.4749
Discharging:	14730.00	03.0855	-0.5002	-007.4877
Discharging:	14760.00	03.0740	-0.5002	-007.5005
Discharging:	14790.00	03.0623	-0.5002	-007.5133
Discharging:	14820.00	03.0501	-0.5002	-007.5260
Discharging:	14850.00	03.0376	-0.5002	-007.5387
Discharging:	14880.00	03.0246	-0.5002	-007.5513
Discharging:	14910.00	03.0112	-0.5002	-007.5639
Discharging:	14940.00	02.9972	-0.5002	-007.5763
Recharging:	00030.00	03.0343	00.5008	0000.0127
Recharging:	00060.00	03.1271	00.5004	0000.0257
Recharging:	00090.00	03.1599	00.5004	0000.0389
Recharging:	00120.00	03.1856	00.5004	0000.0522
Recharging:	00150.00	03.2077	00.5004	0000.0655
Recharging:	00180.00	03.2273	00.5004	0000.0790
Recharging:	00210.00	03.2449	00.5004	0000.0925
Recharging:	00240.00	03.2615	00.5004	0000.1061
Recharging:	00270.00	03.2767	00.5004	0000.1198
Recharging:	00300.00	03.2909	00.5004	0000.1335
Recharging:	00330.00	03.3042	00.5004	0000.1473
Recharging:	00360.00	03.3166	00.5004	0000.1611
Recharging:	00390.00	03.3284	00.5004	0000.1750
Recharging:	00420.00	03.3395	00.5004	0000.1889
Recharging:	00450.00	03.3502	00.5004	0000.2029
Recharging:	00480.00	03.3602	00.5004	0000.2169
Recharging:	00510.00	03.3698	00.5004	0000.2310
Recharging:	00540.00	03.3789	00.5004	0000.2451
Recharging:	00570.00	03.3877	00.5004	0000.2592
Recharging:	00600.00	03.3960	00.5004	0000.2734
Recharging:	00630.00	03.4040	00.5004	0000.2876
Recharging:	00660.00	03.4116	00.5004	0000.3018
Recharging:	00690.00	03.4188	00.5004	0000.3160
Recharging:	00720.00	03.4258	00.5004	0000.3303
Recharging:	00750.00	03.4325	00.5004	0000.3446
Recharging:	00780.00	03.4387	00.5005	0000.3590
Recharging:	00810.00	03.4447	00.5004	0000.3733
Recharging:	00840.00	03.4505	00.5005	0000.3877
Recharging:	00870.00	03.4559	00.5004	0000.4021
Recharging:	00900.00	03.4609	00.5004	0000.4166
Recharging:	00930.00	03.4657	00.5004	0000.4310
Recharging:	00960.00	03.4702	00.5005	0000.4455
Recharging:	00990.00	03.4744	00.5004	0000.4600
Recharging:	01020.00	03.4783	00.5004	0000.4745
Recharging:	01050.00	03.4819	00.5004	0000.4890
Recharging:	01080.00	03.4854	00.5005	0000.5036
Recharging:	01110.00	03.4886	00.5004	0000.5181
Recharging:	01140.00	03.4916	00.5004	0000.5327
Recharging:	01170.00	03.4943	00.5004	0000.5472
Recharging:	01200.00	03.4969	00.5005	0000.5618
Recharging:	01230.00	03.4993	00.5004	0000.5764
Recharging:	01260.00	03.5016	00.5004	0000.5910
Recharging:	01290.00	03.5036	00.5005	0000.6056
Recharging:	01320.00	03.5057	00.5004	0000.6202
Recharging:	01350.00	03.5076	00.5004	0000.6349
Recharging:	01380.00	03.5094	00.5004	0000.6495
Recharging:	01410.00	03.5112	00.5005	0000.6642
Recharging:	01440.00	03.5128	00.5004	0000.6788
Recharging:	01470.00	03.5144	00.5004	0000.6935
Recharging:	01500.00	03.5160	00.5004	0000.7081
Recharging:	01530.00	03.5176	00.5005	0000.7228
Recharging:	01560.00	03.5190	00.5004	0000.7375
Recharging:	01590.00	03.5205	00.5005	0000.7522
Recharging:	01620.00	03.5219	00.5005	0000.7668
Recharging:	01650.00	03.5233	00.5004	0000.7815
Recharging:	01680.00	03.5247	00.5004	0000.7962
Recharging:	01710.00	03.5262	00.5005	0000.8109
Recharging:	01740.00	03.5276	00.5004	0000.8256
Recharging:	01770.00	03.5290	00.5005	0000.8404
Recharging:	01800.00	03.5303	00.5004	0000.8551
Recharging:	01830.00	03.5317	00.5005	0000.8698
Recharging:	01860.00	03.5331	00.5004	0000.8846
Recharging:	01890.00	03.5344	00.5005	0000.8993
Recharging:	01920.00	03.5357	00.5005	0000.9140
Recharging:	01950.00	03.5371	00.5004	0000.9288
Recharging:	01980.00	03.5385	00.5005	0000.9435
Recharging:	02010.00	03.5397	00.5005	0000.9583
Recharging:	02040.00	03.5410	00.5004	0000.9731
Recharging:	02070.00	03.5424	00.5005	0000.9879
Recharging:	02100.00	03.5438	00.5004	0001.0026
Recharging:	02130.00	03.5450	00.5005	0001.0174
Recharging:	02160.00	03.5464	00.5004	0001.0322
Recharging:	02190.00	03.5478	00.5005	0001.0470
Recharging:	02220.00	03.5491	00.5005	0001.0618
Recharging:	02250.00	03.5504	00.5005	0001.0766
Recharging:	02280.00	03.5518	00.5004	0001.0914
Recharging:	02310.00	03.5531	00.5004	0001.1062
Recharging:	02340.00	03.5544	00.5004	0001.1211
Recharging:	02370.00	03.5558	00.5005	0001.1359
Recharging:	02400.00	03.5572	00.5004	0001.1507
Recharging:	02430.00	03.5585	00.5005	0001.1656
Recharging:	02460.00	03.5599	00.5005	0001.1804
Recharging:	02490.00	03.5612	00.5005	0001.1953
Recharging:	02520.00	03.5626	00.5004	0001.2101
Recharging:	02550.00	03.5640	00.5004	0001.2250
Recharging:	02580.00	03.5653	00.5005	0001.2399
Recharging:	02610.00	03.5667	00.5004	0001.2547
Recharging:	02640.00	03.5682	00.5004	0001.2696
Recharging:	02670.00	03.5696	00.5004	0001.2845
Recharging:	02700.00	03.5709	00.5005	0001.2994
Recharging:	02730.00	03.5723	00.5004	0001.3143
Recharging:	02760.00	03.5737	00.5005	0001.3292
Recharging:	02790.00	03.5751	00.5004	0001.3441
Recharging:	02820.00	03.5765	00.5005	0001.3590
Recharging:	02850.00	03.5779	00.5005	0001.3739
Recharging:	02880.00	03.5793	00.5005	0001.3889
Recharging:	02910.00	03.5807	00.5005	0001.4038
Recharging:	02940.00	03.5821	00.5005	0001.4187
Recharging:	02970.00	03.5835	00.5005	0001.4337
Recharging:	03000.00	03.5850	00.5005	0001.4486
Recharging:	03030.00	03.5863	00.5005	0001.4636
Recharging:	03060.00	03.5878	00.5005	0001.4786
Recharging:	03090.00	03.5892	00.5005	0001.4935
Recharging:	03120.00	03.5907	00.5005	0001.5085
Recharging:	03150.00	03.5920	00.5005	0001.5235
Recharging:	03180.00	03.5934	00.5005	0001.5385
Recharging:	03210.00	03.5949	00.5004	0001.5535
Recharging:	03240.00	03.5962	00.5005	0001.5685
Recharging:	03270.00	03.5977	00.5005	0001.5835
Recharging:	03300.00	03.5991	00.5004	0001.5985
Recharging:	03330.00	03.6005	00.5004	0001.6135
Recharging:	03360.00	03.6018	00.5004	0001.6285
Recharging:	03390.00	03.6032	00.5004	0001.6435
Recharging:	03420.00	03.6046	00.5005	0001.6586
Recharging:	03450.00	03.6061	00.5005	0001.6736
Recharging:	03480.00	03.6074	00.5005	0001.6886
Recharging:	03510.00	03.6088	00.5005	0001.7037
Recharging:	03540.00	03.6102	00.5005	0001.7188
Recharging:	03570.00	03.6117	00.5005	0001.7338
Recharging:	03600.00	03.6130	00.5005	0001.7489
Recharging:	03630.00	03.6144	00.5005	0001.7640
Recharging:	03660.00	03.6159	00.5005	0001.7790
Recharging:	03690.00	03.6172	00.5005	0001.7941
Recharging:	03720.00	03.6187	00.5004	0001.8092
Recharging:	03750.00	03.6201	00.5004	0001.8243
Recharging:	03780.00	03.6214	00.5005	0001.8394
Recharging:	03810.00	03.6228	00.5005	0001.8545
Recharging:	03840.00	03.6242	00.5005	0001.8696
Recharging:	03870.00	03.6255	00.5004	0001.8848
Recharging:	03900.00	03.6269	00.5005	0001.8999
Recharging:	03930.00	03.6283	00.5005	0001.9150
Recharging:	03960.00	03.6297	00.5005	0001.9302
Recharging:	03990.00	03.6311	00.5005	0001.9453
Recharging:	04020.00	03.6324	00.5005	0001.9605
Recharging:	04050.00	03.6338	00.5005	0001.9756
Recharging:	04080.00	03.6352	00.5005	0001.9908
Recharging:	04110.00	03.6365	00.5005	0002.0059
Recharging:	04140.00	03.6379	00.5005	0002.0211
Recharging:	04170.00	03.6393	00.5005	0002.0363
Recharging:	04200.00	03.6406	00.5005	0002.0515
Recharging:	04230.00	03.6419	00.5005	0002.0667
Recharging:	04260.00	03.6433	00.5005	0002.0818
Recharging:	04290.00	03.6446	00.5005	0002.0970
Recharging:	04320.00	03.6460	00.5005	0002.1123
Recharging:	04350.00	03.6473	00.5005	0002.1275
Recharging:	04380.00	03.6486	00.5005	0002.1427
Recharging:	04410.00	03.6500	00.5005	0002.1579
Recharging:	04440.00	03.6513	00.5005	0002.1731
Recharging:	04470.00	03.6527	00.5005	0002.1884
Recharging:	04500.00	03.6540	00.5005	0002.2036
Recharging:	04530.00	03.6554	00.5005	0002.2189
Recharging:	04560.00	03.6568	00.5005	0002.2341
Recharging:	04590.00	03.6581	00.5005	0002.2494
Recharging:	04620.00	03.6595	00.5005	0002.2646
Recharging:	04650.00	03.6608	00.5005	0002.2799
Recharging:	04680.00	03.6622	00.5005	0002.2952
Recharging:	04710.00	03.6636	00.5005	0002.3104
Recharging:	04740.00	03.6650	00.5005	0002.3257
Recharging:	04770.00	03.6663	00.5004	0002.3410
Recharging:	04800.00	03.6677	00.5005	0002.3563
Recharging:	04830.00	03.6691	00.5005	0002.3716
Recharging:	04860.00	03.6705	00.5004	0002.3869
Recharging:	04890.00	03.6719	00.5004	0002.4022
Recharging:	04920.00	03.6733	00.5005	0002.4176
Recharging:	04950.00	03.6747	00.5005	0002.4329
Recharging:	04980.00	03.6761	00.5005	0002.4482
Recharging:	05010.00	03.6775	00.5005	0002.4635
Recharging:	05040.00	03.6789	00.5005	0002.4789
Recharging:	05070.00	03.6803	00.5005	0002.4942
Recharging:	05100.00	03.6817	00.5005	0002.5096
Recharging:	05130.00	03.6830	00.5005	0002.5250
Recharging:	05160.00	03.6844	00.5004	0002.5403
Recharging:	05190.00	03.6857	00.5005	0002.5557
Recharging:	05220.00	03.6871	00.5005	0002.5711
Recharging:	05250.00	03.6885	00.5005	0002.5864
Recharging:	05280.00	03.6898	00.5005	0002.6018
Recharging:	05310.00	03.6912	00.5004	0002.6172
Recharging:	05340.00	03.6926	00.5005	0002.6326
Recharging:	05370.00	03.6940	00.5005	0002.6480
Recharging:	05400.00	03.6953	00.5005	0002.6634
Recharging:	05430.00	03.6967	00.5005	0002.6789
Recharging:	05460.00	03.6980	00.5005	0002.6943
Recharging:	05490.00	03.6994	00.5005	0002.7097
Recharging:	05520.00	03.7008	00.5004	0002.7252
Recharging:	05550.00	03.7022	00.5005	0002.7406
Recharging:	05580.00	03.7035	00.5005	0002.7560
Recharging:	05610.00	03.7049	00.5005	0002.7715
Recharging:	05640.00	03.7062	00.5005	0002.7869
Recharging:	05670.00	03.7076	00.5005	0002.8024
Recharging:	05700.00	03.7089	00.5005	0002.8179
Recharging:	05730.00	03.7102	00.5005	0002.8334
Recharging:	05760.00	03.7116	00.5005	0002.8488
Recharging:	05790.00	03.7129	00.5004	0002.8643
Recharging:	05820.00	03.7143	00.5005	0002.8798
Recharging:	05850.00	03.7156	00.5005	0002.8953
Recharging:	05880.00	03.7170	00.5004	0002.9108
Recharging:	05910.00	03.7184	00.5005	0002.9263
Recharging:	05940.00	03.7197	00.5005	0002.9418
Recharging:	05970.00	03.7211	00.5005	0002.9573
Recharging:	06000.00	03.7226	00.5004	0002.9729
Recharging:	06030.00	03.7239	00.5004	0002.9884
Recharging:	06060.00	03.7252	00.5004	0003.0039
Recharging:	06090.00	03.7265	00.5004	0003.0195
Recharging:	06120.00	03.7278	00.5004	0003.0350
Recharging:	06150.00	03.7292	00.5005	0003.0506
Recharging:	06180.00	03.7306	00.5005	0003.0661
Recharging:	06210.00	03.7319	00.5005	0003.0817
Recharging:	06240.00	03.7333	00.5005	0003.0973
Recharging:	06270.00	03.7347	00.5005	0003.1128
Recharging:	06300.00	03.7361	00.5004	0003.1284
Recharging:	06330.00	03.7375	00.5005	0003.1440
Recharging:	06360.00	03.7388	00.5005	0003.1596
Recharging:	06390.00	03.7402	00.5005	0003.1752
Recharging:	06420.00	03.7416	00.5004	0003.1908
Recharging:	06450.00	03.7430	00.5005	0003.2064
Recharging:	06480.00	03.7444	00.5005	0003.2220
Recharging:	06510.00	03.7458	00.5005	0003.2377
Recharging:	06540.00	03.7471	00.5005	0003.2533
Recharging:	06570.00	03.7485	00.5005	0003.2689
Recharging:	06600.00	03.7500	00.5005	0003.2846
Recharging:	06630.00	03.7514	00.5005	0003.3002
Recharging:	06660.00	03.7527	00.5005	0003.3159
Recharging:	06690.00	03.7542	00.5005	0003.3315
Recharging:	06720.00	03.7556	00.5005	0003.3472
Recharging:	06750.00	03.7571	00.5005	0003.3628
Recharging:	06780.00	03.7585	00.5005	0003.3785
Recharging:	06810.00	03.7599	00.5005	0003.3942
Recharging:	06840.00	03.7613	00.5005	0003.4099
Recharging:	06870.00	03.7627	00.5005	0003.4256
Recharging:	06900.00	03.7641	00.5005	0003.4413
Recharging:	06930.00	03.7656	00.5005	0003.4570
Recharging:	06960.00	03.7670	00.5005	0003.4727
Recharging:	06990.00	03.7683	00.5004	0003.4884
Recharging:	07020.00	03.7698	00.5004	0003.5041
Recharging:	07050.00	03.7712	00.5005	0003.5199
Recharging:	07080.00	03.7727	00.5005	0003.5356
Recharging:	07110.00	03.7741	00.5005	0003.5513
Recharging:	07140.00	03.7755	00.5005	0003.5671
Recharging:	07170.00	03.7770	00.5005	0003.5828
Recharging:	07200.00	03.7784	00.5005	0003.5986
Recharging:	07230.00	03.7799	00.5004	0003.6143
Recharging:	07260.00	03.7813	00.5005	0003.6301
Recharging:	07290.00	03.7828	00.5005	0003.6459
Recharging:	07320.00	03.7842	00.5005	0003.6617
Recharging:	07350.00	03.7857	00.5005	0003.6775
Recharging:	07380.00	03.7872	00.5005	0003.6933
Recharging:	07410.00	03.7886	00.5004	0003.7091
Recharging:	07440.00	03.7901	00.5005	0003.7249
Recharging:	07470.00	03.7915	00.5005	0003.7407
Recharging:	07500.00	03.7930	00.5005	0003.7565
Recharging:	07530.00	03.7944	00.5005	0003.7723
Recharging:	07560.00	03.7958	00.5005	0003.7882
Recharging:	07590.00	03.7973	00.5005	0003.8040
Recharging:	07620.00	03.7987	00.5005	0003.8198
Recharging:	07650.00	03.8002	00.5005	0003.8357
Recharging:	07680.00	03.8016	00.5005	0003.8515
Recharging:	07710.00	03.8031	00.5005	0003.8674
Recharging:	07740.00	03.8045	00.5005	0003.8833
Recharging:	07770.00	03.8060	00.5005	0003.8991
Recharging:	07800.00	03.8074	00.5005	0003.9150
Recharging:	07830.00	03.8089	00.5005	0003.9309
Recharging:	07860.00	03.8104	00.5005	0003.9468
Recharging:	07890.00	03.8118	00.5005	0003.9627
Recharging:	07920.00	03.8132	00.5005	0003.9786
Recharging:	07950.00	03.8147	00.5005	0003.9945
Recharging:	07980.00	03.8162	00.5005	0004.0104
Recharging:	08010.00	03.8176	00.5005	0004.0263
Recharging:	08040.00	03.8191	00.5005	0004.0423
Recharging:	08070.00	03.8205	00.5005	0004.0582
Recharging:	08100.00	03.8219	00.5005	0004.0741
Recharging:	08130.00	03.8234	00.5005	0004.0901
Recharging:	08160.00	03.8247	00.5005	0004.1060
Recharging:	08190.00	03.8262	00.5005	0004.1220
Recharging:	08220.00	03.8276	00.5004	0004.1380
Recharging:	08250.00	03.8291	00.5005	0004.1539
Recharging:	08280.00	03.8305	00.5005	0004.1699
Recharging:	08310.00	03.8320	00.5004	0004.1859
Recharging:	08340.00	03.8334	00.5005	0004.2019
Recharging:	08370.00	03.8348	00.5005	0004.2179
Recharging:	08400.00	03.8362	00.5005	0004.2339
Recharging:	08430.00	03.8377	00.5005	0004.2499
Recharging:	08460.00	03.8391	00.5005	0004.2659
Recharging:	08490.00	03.8405	00.5005	0004.2819
Recharging:	08520.00	03.8419	00.5005	0004.2979
Recharging:	08550.00	03.8433	00.5005	0004.3140
Recharging:	08580.00	03.8446	00.5005	0004.3300
Recharging:	08610.00	03.8461	00.5005	0004.3460
Recharging:	08640.00	03.8474	00.5005	0004.3621
Recharging:	08670.00	03.8488	00.5005	0004.3781
Recharging:	08700.00	03.8502	00.5005	0004.3942
Recharging:	08730.00	03.8515	00.5005	0004.4102
Recharging:	08760.00	03.8529	00.5005	0004.4263
Recharging:	08790.00	03.8543	00.5005	0004.4424
Recharging:	08820.00	03.8556	00.5005	0004.4585
Recharging:	08850.00	03.8570	00.5005	0004.4746
Recharging:	08880.00	03.8583	00.5005	0004.4906
Recharging:	08910.00	03.8597	00.5005	0004.5067
Recharging:	08940.00	03.8611	00.5005	0004.5228
Recharging:	08970.00	03.8624	00.5005	0004.5390
Recharging:	09000.00	03.8638	00.5005	0004.5551
Recharging:	09030.00	03.8651	00.5005	0004.5712
Recharging:	09060.00	03.8665	00.5004	0004.5873
Recharging:	09090.00	03.8678	00.5005	0004.6034
Recharging:	09120.00	03.8692	00.5005	0004.6196
Recharging:	09150.00	03.8706	00.5005	0004.6357
Recharging:	09180.00	03.8718	00.5005	0004.6519
Recharging:	09210.00	03.8732	00.5005	0004.6680
Recharging:	09240.00	03.8746	00.5005	0004.6842
Recharging:	09270.00	03.8758	00.5005	0004.7003
Recharging:	09300.00	03.8772	00.5005	0004.7165
Recharging:	09330.00	03.8785	00.5005	0004.7327
Recharging:	09360.00	03.8798	00.5005	0004.7489
Recharging:	09390.00	03.8812	00.5005	0004.7651
Recharging:	09420.00	03.8825	00.5005	0004.7813
Recharging:	09450.00	03.8838	00.5005	0004.7975
Recharging:	09480.00	03.8852	00.5005	0004.8137
Recharging:	09510.00	03.8865	00.5005	0004.8299
Recharging:	09540.00	03.8878	00.5005	0004.8461
Recharging:	09570.00	03.8891	00.5004	0004.8623
Recharging:	09600.00	03.8905	00.5005	0004.8785
Recharging:	09630.00	03.8917	00.5005	0004.8948
Recharging:	09660.00	03.8931	00.5005	0004.9110
Recharging:	09690.00	03.8944	00.5005	0004.9272
Recharging:	09720.00	03.8957	00.5005	0004.9435
Recharging:	09750.00	03.8971	00.5005	0004.9597
Recharging:	09780.00	03.8984	00.5005	0004.9760
Recharging:	09810.00	03.8997	00.5005	0004.9923
Recharging:	09840.00	03.9011	00.5005	0005.0085
Recharging:	09870.00	03.9024	00.5005	0005.0248
Recharging:	09900.00	03.9038	00.5005	0005.0411
Recharging:	09930.00	03.9051	00.5005	0005.0574
Recharging:	09960.00	03.9064	00.5005	0005.0737
Recharging:	09990.00	03.9077	00.5005	0005.0900
Recharging:	10020.00	03.9090	00.5005	0005.1063
Recharging:	10050.00	03.9104	00.5005	0005.1226
Recharging:	10080.00	03.9118	00.5005	0005.1389
Recharging:	10110.00	03.9131	00.5005	0005.1552
Recharging:	10140.00	03.9144	00.5005	0005.1715
Recharging:	10170.00	03.9158	00.5005	0005.1879
Recharging:	10200.00	03.9171	00.5005	0005.2042
Recharging:	10230.00	03.9184	00.5004	0005.2205
Recharging:	10260.00	03.9198	00.5005	0005.2369
Recharging:	10290.00	03.9212	00.5005	0005.2532
Recharging:	10320.00	03.9225	00.5005	0005.2696
Recharging:	10350.00	03.9239	00.5004	0005.2860
Recharging:	10380.00	03.9253	00.5005	0005.3023
Recharging:	10410.00	03.9267	00.5005	0005.3187
Recharging:	10440.00	03.9280	00.5005	0005.3351
Recharging:	10470.00	03.9294	00.5005	0005.3515
Recharging:	10500.00	03.9307	00.5005	0005.3679
Recharging:	10530.00	03.9321	00.5005	0005.3843
Recharging:	10560.00	03.9334	00.5005	0005.4007
Recharging:	10590.00	03.9349	00.5005	0005.4171
Recharging:	10620.00	03.9362	00.5005	0005.4335
Recharging:	10650.00	03.9376	00.5005	0005.4499
Recharging:	10680.00	03.9390	00.5005	0005.4664
Recharging:	10710.00	03.9405	00.5005	0005.4828
Recharging:	10740.00	03.9419	00.5005	0005.4992
Recharging:	10770.00	03.9433	00.5005	0005.5157
Recharging:	10800.00	03.9447	00.5005	0005.5321
Recharging:	10830.00	03.9462	00.5005	0005.5486
Recharging:	10860.00	03.9476	00.5005	0005.5651
Recharging:	10890.00	03.9491	00.5005	0005.5815
Recharging:	10920.00	03.9505	00.5005	0005.5980
Recharging:	10950.00	03.9520	00.5005	0005.6145
Recharging:	10980.00	03.9535	00.5005	0005.6310
Recharging:	11010.00	03.9550	00.5005	0005.6475
Recharging:	11040.00	03.9565	00.5005	0005.6640
Recharging:	11070.00	03.9579	00.5005	0005.6805
Recharging:	11100.00	03.9594	00.5005	0005.6970
Recharging:	11130.00	03.9609	00.5005	0005.7135
Recharging:	11160.00	03.9624	00.5005	0005.7300
Recharging:	11190.00	03.9640	00.5005	0005.7466
Recharging:	11220.00	03.9655	00.5005	0005.7631
Recharging:	11250.00	03.9670	00.5005	0005.7796
Recharging:	11280.00	03.9686	00.5005	0005.7962
Recharging:	11310.00	03.9701	00.5004	0005.8128
Recharging:	11340.00	03.9716	00.5005	0005.8293
Recharging:	11370.00	03.9732	00.5005	0005.8459
Recharging:	11400.00	03.9749	00.5004	0005.8625
Recharging:	11430.00	03.9764	00.5005	0005.8790
Recharging:	11460.00	03.9780	00.5005	0005.8956
Recharging:	11490.00	03.9797	00.5005	0005.9122
Recharging:	11520.00	03.9813	00.5005	0005.9288
Recharging:	11550.00	03.9829	00.5005	0005.9455
Recharging:	11580.00	03.9846	00.5005	0005.9621
Recharging:	11610.00	03.9862	00.5005	0005.9787
Recharging:	11640.00	03.9879	00.5005	0005.9953
Recharging:	11670.00	03.9896	00.5005	0006.0120
Recharging:	11700.00	03.9913	00.5005	0006.0286
Recharging:	11730.00	03.9930	00.5005	0006.0453
Recharging:	11760.00	03.9947	00.5005	0006.0619
Recharging:	11790.00	03.9964	00.5005	0006.0786
Recharging:	11820.00	03.9981	00.5005	0006.0953
Recharging:	11850.00	03.9999	00.5005	0006.1120
Recharging:	11880.00	04.0016	00.5005	0006.1286
Recharging:	11910.00	04.0034	00.5005	0006.1453
Recharging:	11940.00	04.0053	00.5005	0006.1620
Recharging:	11970.00	04.0070	00.5005	0006.1788
Recharging:	12000.00	04.0089	00.5005	0006.1955
Recharging:	12030.00	04.0107	00.5005	0006.2122
Recharging:	12060.00	04.0125	00.5005	0006.2289
Recharging:	12090.00	04.0143	00.5005	0006.2457
Recharging:	12120.00	04.0161	00.5005	0006.2624
Recharging:	12150.00	04.0180	00.5005	0006.2792
Recharging:	12180.00	04.0198	00.5005	0006.2960
Recharging:	12210.00	04.0217	00.5005	0006.3127
Recharging:	12240.00	04.0236	00.5005	0006.3295
Recharging:	12270.00	04.0255	00.5005	0006.3463
Recharging:	12300.00	04.0274	00.5005	0006.3631
Recharging:	12330.00	04.0293	00.5005	0006.3799
Recharging:	12360.00	04.0312	00.5005	0006.3967
Recharging:	12390.00	04.0331	00.5005	0006.4135
Recharging:	12420.00	04.0350	00.5005	0006.4304
Recharging:	12450.00	04.0369	00.5005	0006.4472
Recharging:	12480.00	04.0389	00.5005	0006.4640
Recharging:	12510.00	04.0408	00.5005	0006.4809
Recharging:	12540.00	04.0427	00.5005	0006.4978
Recharging:	12570.00	04.0446	00.5005	0006.5146
Recharging:	12600.00	04.0466	00.5005	0006.5315
Recharging:	12630.00	04.0485	00.5005	0006.5484
Recharging:	12660.00	04.0505	00.5005	0006.5653
Recharging:	12690.00	04.0524	00.5005	0006.5822
Recharging:	12720.00	04.0544	00.5005	0006.5991
Recharging:	12750.00	04.0563	00.5005	0006.6160
Recharging:	12780.00	04.0583	00.5005	0006.6329
Recharging:	12810.00	04.0602	00.5005	0006.6499
Recharging:	12840.00	04.0622	00.5005	0006.6668
Recharging:	12870.00	04.0642	00.5005	0006.6838
Recharging:	12900.00	04.0661	00.5005	0006.7007
Recharging:	12930.00	04.0681	00.5005	0006.7177
Recharging:	12960.00	04.0700	00.5005	0006.7347
Recharging:	12990.00	04.0720	00.5005	0006.7516
Recharging:	13020.00	04.0739	00.5005	0006.7686
Recharging:	13050.00	04.0759	00.5005	0006.7856
Recharging:	13080.00	04.0778	00.5005	0006.8026
Recharging:	13110.00	04.0797	00.5005	0006.8196
Recharging:	13140.00	04.0817	00.5005	0006.8367
Recharging:	13170.00	04.0837	00.5005	0006.8537
Recharging:	13200.00	04.0856	00.5005	0006.8707
Recharging:	13230.00	04.0876	00.5005	0006.8878
Recharging:	13260.00	04.0895	00.5005	0006.9048
Recharging:	13290.00	04.0914	00.5005	0006.9219
Recharging:	13320.00	04.0934	00.5005	0006.9390
Recharging:	13350.00	04.0954	00.5005	0006.9561
Recharging:	13380.00	04.0973	00.5005	0006.9732
Recharging:	13410.00	04.0991	00.5005	0006.9902
Recharging:	13440.00	04.1011	00.5005	0007.0074
Recharging:	13470.00	04.1030	00.5005	0007.0245
Recharging:	13500.00	04.1049	00.5005	0007.0416
Recharging:	13530.00	04.1068	00.5005	0007.0587
Recharging:	13560.00	04.1087	00.5005	0007.0758
Recharging:	13590.00	04.1106	00.5005	0007.0930
Recharging:	13620.00	04.1124	00.5005	0007.1101
Recharging:	13650.00	04.1144	00.5005	0007.1273
Recharging:	13680.00	04.1162	00.5005	0007.1445
Recharging:	13710.00	04.1181	00.5005	0007.1616
Recharging:	13740.00	04.1199	00.5005	0007.1788
Recharging:	13770.00	04.1218	00.5005	0007.1960
Recharging:	13800.00	04.1237	00.5005	0007.2132
Recharging:	13830.00	04.1255	00.5005	0007.2304
Recharging:	13860.00	04.1273	00.5005	0007.2476
Recharging:	13890.00	04.1291	00.5005	0007.2649
Recharging:	13920.00	04.1310	00.5005	0007.2821
Recharging:	13950.00	04.1328	00.5005	0007.2993
Recharging:	13980.00	04.1346	00.5005	0007.3166
Recharging:	14010.00	04.1365	00.5005	0007.3338
Recharging:	14040.00	04.1383	00.5005	0007.3511
Recharging:	14070.00	04.1402	00.5005	0007.3683
Recharging:	14100.00	04.1420	00.5005	0007.3856
Recharging:	14130.00	04.1438	00.5005	0007.4029
Recharging:	14160.00	04.1457	00.5005	0007.4202
Recharging:	14190.00	04.1477	00.5005	0007.4375
Recharging:	14220.00	04.1496	00.5005	0007.4548
Recharging:	14250.00	04.1514	00.5005	0007.4721
Recharging:	14280.00	04.1534	00.5005	0007.4894
Recharging:	14310.00	04.1552	00.5005	0007.5068
Recharging:	14340.00	04.1571	00.5005	0007.5241
Recharging:	14370.00	04.1591	00.5005	0007.5415
Recharging:	14400.00	04.1610	00.5005	0007.5588
Recharging:	14430.00	04.1630	00.5005	0007.5762
Recharging:	14460.00	04.1650	00.5005	0007.5935
Recharging:	14490.00	04.1670	00.5005	0007.6109
Recharging:	14520.00	04.1690	00.5005	0007.6283
Recharging:	14550.00	04.1711	00.5005	0007.6457
Recharging:	14580.00	04.1731	00.5005	0007.6631
Recharging:	14610.00	04.1752	00.5005	0007.6805
Recharging:	14640.00	04.1773	00.5005	0007.6979
Recharging:	14670.00	04.1794	00.5005	0007.7154
Recharging:	14700.00	04.1815	00.5005	0007.7328
Recharging:	14730.00	04.1837	00.5005	0007.7503
Recharging:	14760.00	04.1859	00.5005	0007.7677
Recharging:	14790.00	04.1881	00.5005	0007.7852
Recharging:	14820.00	04.1904	00.5005	0007.8027
Recharging:	14850.00	04.1926	00.5005	0007.8201
Recharging:	14880.00	04.1949	00.5005	0007.8376
Recharging:	14910.00	04.1972	00.5005	0007.8551
Recharging:	14940.00	04.1996	00.5005	0007.8727
Recharging:	14970.00	04.2020	00.5005	0007.8902
