Charging:	00030.00	03.7321	01.0005	0000.0311
Charging:	00060.00	03.8117	00.9997	0000.0629
Charging:	00090.00	03.8245	00.9997	0000.0947
Charging:	00120.00	03.8357	00.9997	0000.1267
Charging:	00150.00	03.8458	00.9997	0000.1587
Charging:	00180.00	03.8548	00.9997	0000.1908
Charging:	00210.00	03.8634	00.9997	0000.2230
Charging:	00240.00	03.8717	00.9997	0000.2553
Charging:	00270.00	03.8802	00.9997	0000.2876
Charging:	00300.00	03.8889	00.9997	0000.3200
Charging:	00330.00	03.8979	00.9996	0000.3525
Charging:	00360.00	03.9076	00.9997	0000.3850
Charging:	00390.00	03.9176	00.9997	0000.4177
Charging:	00420.00	03.9280	00.9997	0000.4504
Charging:	00450.00	03.9386	00.9997	0000.4832
Charging:	00480.00	03.9495	00.9997	0000.5161
Charging:	00510.00	03.9608	00.9997	0000.5491
Charging:	00540.00	03.9717	00.9997	0000.5822
Charging:	00570.00	03.9821	00.9997	0000.6153
Charging:	00600.00	03.9916	00.9997	0000.6486
Charging:	00630.00	03.9994	00.9997	0000.6819
Charging:	00660.00	04.0051	00.9997	0000.7153
Charging:	00690.00	04.0081	00.9997	0000.7487
Charging:	00720.00	04.0089	00.9997	0000.7821
Charging:	00750.00	04.0080	00.9997	0000.8155
Charging:	00780.00	04.0061	00.9997	0000.8488
Charging:	00810.00	04.0037	00.9997	0000.8822
Charging:	00840.00	04.0012	00.9997	0000.9155
Charging:	00870.00	03.9990	00.9997	0000.9488
Charging:	00900.00	03.9970	00.9997	0000.9821
Charging:	00930.00	03.9954	00.9997	0001.0154
Charging:	00960.00	03.9941	00.9997	0001.0487
Charging:	00990.00	03.9929	00.9997	0001.0820
Charging:	01020.00	03.9921	00.9997	0001.1152
Charging:	01050.00	03.9916	00.9997	0001.1485
Charging:	01080.00	03.9912	00.9997	0001.1817
Charging:	01110.00	03.9910	00.9997	0001.2150
Charging:	01140.00	03.9909	00.9997	0001.2482
Charging:	01170.00	03.9909	00.9997	0001.2815
Charging:	01200.00	03.9910	00.9997	0001.3147
Charging:	01230.00	03.9912	00.9997	0001.3480
Charging:	01260.00	03.9915	00.9997	0001.3812
Charging:	01290.00	03.9918	00.9997	0001.4145
Charging:	01320.00	03.9921	00.9997	0001.4477
Charging:	01350.00	03.9925	00.9997	0001.4810
Charging:	01380.00	03.9929	00.9997	0001.5143
Charging:	01410.00	03.9933	00.9997	0001.5475
Charging:	01440.00	03.9939	00.9997	0001.5808
Charging:	01470.00	03.9943	00.9997	0001.6141
Charging:	01500.00	03.9949	00.9997	0001.6473
Charging:	01530.00	03.9955	00.9997	0001.6806
Charging:	01560.00	03.9962	00.9997	0001.7139
Charging:	01590.00	03.9969	00.9997	0001.7472
Charging:	01620.00	03.9976	00.9997	0001.7805
Charging:	01650.00	03.9984	00.9997	0001.8138
Charging:	01680.00	03.9992	00.9997	0001.8472
Charging:	01710.00	04.0000	00.9997	0001.8805
Charging:	01740.00	04.0008	00.9997	0001.9138
Charging:	01770.00	04.0017	00.9997	0001.9471
Charging:	01800.00	04.0026	00.9997	0001.9805
Charging:	01830.00	04.0036	00.9997	0002.0138
Charging:	01860.00	04.0046	00.9997	0002.0472
Charging:	01890.00	04.0056	00.9997	0002.0806
Charging:	01920.00	04.0066	00.9997	0002.1140
Charging:	01950.00	04.0076	00.9997	0002.1474
Charging:	01980.00	04.0088	00.9997	0002.1807
Charging:	02010.00	04.0099	00.9997	0002.2142
Charging:	02040.00	04.0110	00.9997	0002.2476
Charging:	02070.00	04.0122	00.9997	0002.2810
Charging:	02100.00	04.0133	00.9997	0002.3144
Charging:	02130.00	04.0146	00.9997	0002.3479
Charging:	02160.00	04.0157	00.9997	0002.3813
Charging:	02190.00	04.0170	00.9997	0002.4148
Charging:	02220.00	04.0183	00.9997	0002.4483
Charging:	02250.00	04.0196	00.9997	0002.4818
Charging:	02280.00	04.0208	00.9997	0002.5153
Charging:	02310.00	04.0222	00.9997	0002.5488
Charging:	02340.00	04.0236	00.9997	0002.5823
Charging:	02370.00	04.0249	00.9997	0002.6158
Charging:	02400.00	04.0263	00.9997	0002.6494
Charging:	02430.00	04.0277	00.9997	0002.6829
Charging:	02460.00	04.0291	00.9997	0002.7165
Charging:	02490.00	04.0307	00.9997	0002.7501
Charging:	02520.00	04.0322	00.9997	0002.7837
Charging:	02550.00	04.0336	00.9997	0002.8173
Charging:	02580.00	04.0350	00.9997	0002.8509
Charging:	02610.00	04.0366	00.9997	0002.8845
Charging:	02640.00	04.0380	00.9997	0002.9181
Charging:	02670.00	04.0396	00.9997	0002.9518
Charging:	02700.00	04.0410	00.9997	0002.9855
Charging:	02730.00	04.0426	00.9997	0003.0191
Charging:	02760.00	04.0441	00.9997	0003.0528
Charging:	02790.00	04.0457	00.9997	0003.0865
Charging:	02820.00	04.0472	00.9997	0003.1203
Charging:	02850.00	04.0488	00.9997	0003.1540
Charging:	02880.00	04.0503	00.9997	0003.1877
Charging:	02910.00	04.0519	00.9997	0003.2215
Charging:	02940.00	04.0535	00.9998	0003.2553
Charging:	02970.00	04.0552	00.9997	0003.2891
Charging:	03000.00	04.0567	00.9998	0003.3229
Charging:	03030.00	04.0582	00.9997	0003.3567
Charging:	03060.00	04.0599	00.9997	0003.3905
Charging:	03090.00	04.0615	00.9998	0003.4243
Charging:	03120.00	04.0631	00.9998	0003.4582
Charging:	03150.00	04.0648	00.9998	0003.4920
Charging:	03180.00	04.0665	00.9998	0003.5259
Charging:	03210.00	04.0681	00.9998	0003.5598
Charging:	03240.00	04.0699	00.9998	0003.5937
Charging:	03270.00	04.0716	00.9998	0003.6276
Charging:	03300.00	04.0733	00.9998	0003.6616
Charging:	03330.00	04.0749	00.9998	0003.6955
Charging:	03360.00	04.0767	00.9997	0003.7295
Charging:	03390.00	04.0784	00.9997	0003.7635
Charging:	03420.00	04.0801	00.9997	0003.7975
Charging:	03450.00	04.0819	00.9998	0003.8315
Charging:	03480.00	04.0836	00.9998	0003.8655
Charging:	03510.00	04.0854	00.9998	0003.8995
Charging:	03540.00	04.0871	00.9998	0003.9336
Charging:	03570.00	04.0888	00.9997	0003.9676
Charging:	03600.00	04.0906	00.9998	0004.0017
Charging:	03630.00	04.0924	00.9998	0004.0358
Charging:	03660.00	04.0941	00.9998	0004.0699
Charging:	03690.00	04.0959	00.9997	0004.1040
Charging:	03720.00	04.0976	00.9997	0004.1382
Charging:	03750.00	04.0991	00.9998	0004.1723
Charging:	03780.00	04.1007	00.9998	0004.2065
Charging:	03810.00	04.1022	00.9998	0004.2407
Charging:	03840.00	04.1036	00.9998	0004.2749
Charging:	03870.00	04.1050	00.9998	0004.3091
Charging:	03900.00	04.1064	00.9997	0004.3433
Charging:	03930.00	04.1074	00.9998	0004.3775
Charging:	03960.00	04.1083	00.9998	0004.4117
Charging:	03990.00	04.1090	00.9998	0004.4460
Charging:	04020.00	04.1094	00.9997	0004.4802
Charging:	04050.00	04.1095	00.9998	0004.5144
Charging:	04080.00	04.1095	00.9998	0004.5487
Charging:	04110.00	04.1088	00.9997	0004.5829
Charging:	04140.00	04.1084	00.9997	0004.6171
Charging:	04170.00	04.1076	00.9998	0004.6514
Charging:	04200.00	04.1065	00.9997	0004.6856
Charging:	04230.00	04.1049	00.9998	0004.7198
Charging:	04260.00	04.1034	00.9997	0004.7539
Charging:	04290.00	04.1017	00.9998	0004.7881
Charging:	04320.00	04.0998	00.9998	0004.8223
Charging:	04350.00	04.0978	00.9998	0004.8564
Charging:	04380.00	04.0958	00.9998	0004.8905
Charging:	04410.00	04.0939	00.9997	0004.9246
Charging:	04440.00	04.0921	00.9998	0004.9587
Charging:	04470.00	04.0900	00.9997	0004.9928
Charging:	04500.00	04.0878	00.9998	0005.0269
Charging:	04530.00	04.0857	00.9998	0005.0609
Charging:	04560.00	04.0835	00.9997	0005.0949
Charging:	04590.00	04.0811	00.9998	0005.1289
Charging:	04620.00	04.0792	00.9998	0005.1629
Charging:	04650.00	04.0774	00.9997	0005.1969
Charging:	04680.00	04.0757	00.9998	0005.2308
Charging:	04710.00	04.0740	00.9998	0005.2648
Charging:	04740.00	04.0723	00.9998	0005.2987
Charging:	04770.00	04.0704	00.9998	0005.3326
Charging:	04800.00	04.0690	00.9997	0005.3665
Charging:	04830.00	04.0676	00.9997	0005.4004
Charging:	04860.00	04.0662	00.9998	0005.4343
Charging:	04890.00	04.0651	00.9998	0005.4682
Charging:	04920.00	04.0640	00.9998	0005.5020
Charging:	04950.00	04.0632	00.9998	0005.5359
Charging:	04980.00	04.0619	00.9997	0005.5697
Charging:	05010.00	04.0606	00.9998	0005.6035
Charging:	05040.00	04.0594	00.9998	0005.6374
Charging:	05070.00	04.0584	00.9998	0005.6712
Charging:	05100.00	04.0575	00.9998	0005.7050
Charging:	05130.00	04.0568	00.9998	0005.7388
Charging:	05160.00	04.0558	00.9998	0005.7726
Charging:	05190.00	04.0550	00.9998	0005.8063
Charging:	05220.00	04.0542	00.9997	0005.8401
Charging:	05250.00	04.0533	00.9998	0005.8739
Charging:	05280.00	04.0525	00.9998	0005.9077
Charging:	05310.00	04.0517	00.9998	0005.9414
Charging:	05340.00	04.0513	00.9998	0005.9752
Charging:	05370.00	04.0508	00.9998	0006.0089
Charging:	05400.00	04.0502	00.9998	0006.0427
Charging:	05430.00	04.0496	00.9998	0006.0764
Charging:	05460.00	04.0493	00.9998	0006.1101
Charging:	05490.00	04.0490	00.9998	0006.1439
Charging:	05520.00	04.0488	00.9998	0006.1776
Charging:	05550.00	04.0484	00.9997	0006.2113
Charging:	05580.00	04.0480	00.9998	0006.2451
Charging:	05610.00	04.0476	00.9998	0006.2788
Charging:	05640.00	04.0472	00.9998	0006.3125
Charging:	05670.00	04.0469	00.9998	0006.3462
Charging:	05700.00	04.0468	00.9998	0006.3799
Charging:	05730.00	04.0467	00.9998	0006.4136
Charging:	05760.00	04.0465	00.9998	0006.4474
Charging:	05790.00	04.0465	00.9998	0006.4811
Charging:	05820.00	04.0463	00.9998	0006.5148
Charging:	05850.00	04.0461	00.9998	0006.5485
Charging:	05880.00	04.0459	00.9998	0006.5822
Charging:	05910.00	04.0460	00.9998	0006.6159
Charging:	05940.00	04.0460	00.9997	0006.6496
Charging:	05970.00	04.0459	00.9997	0006.6833
Charging:	06000.00	04.0458	00.9998	0006.7170
Charging:	06030.00	04.0460	00.9998	0006.7507
Charging:	06060.00	04.0460	00.9998	0006.7844
Charging:	06090.00	04.0459	00.9997	0006.8182
Charging:	06120.00	04.0458	00.9998	0006.8519
Charging:	06150.00	04.0456	00.9998	0006.8856
Charging:	06180.00	04.0455	00.9998	0006.9193
Charging:	06210.00	04.0455	00.9998	0006.9530
Charging:	06240.00	04.0454	00.9998	0006.9867
Charging:	06270.00	04.0454	00.9998	0007.0204
Charging:	06300.00	04.0451	00.9997	0007.0541
Charging:	06330.00	04.0451	00.9998	0007.0878
Charging:	06360.00	04.0450	00.9998	0007.1215
Charging:	06390.00	04.0447	00.9998	0007.1552
Charging:	06420.00	04.0447	00.9998	0007.1889
Charging:	06450.00	04.0446	00.9997	0007.2226
Charging:	06480.00	04.0446	00.9997	0007.2563
Charging:	06510.00	04.0449	00.9998	0007.2900
Charging:	06540.00	04.0450	00.9998	0007.3237
Charging:	06570.00	04.0451	00.9998	0007.3574
Charging:	06600.00	04.0450	00.9998	0007.3911
Charging:	06630.00	04.0450	00.9998	0007.4248
Charging:	06660.00	04.0450	00.9998	0007.4585
Charging:	06690.00	04.0452	00.9998	0007.4922
Charging:	06720.00	04.0451	00.9998	0007.5259
Charging:	06750.00	04.0451	00.9998	0007.5596
Charging:	06780.00	04.0452	00.9997	0007.5933
Charging:	06810.00	04.0452	00.9998	0007.6270
Charging:	06840.00	04.0453	00.9997	0007.6607
Charging:	06870.00	04.0453	00.9998	0007.6944
Charging:	06900.00	04.0455	00.9998	0007.7281
Charging:	06930.00	04.0455	00.9998	0007.7618
Charging:	06960.00	04.0455	00.9998	0007.7955
Charging:	06990.00	04.0456	00.9998	0007.8292
Charging:	07020.00	04.0456	00.9998	0007.8629
Charging:	07050.00	04.0456	00.9998	0007.8966
Charging:	07080.00	04.0458	00.9998	0007.9303
Charging:	07110.00	04.0460	00.9998	0007.9640
Charging:	07140.00	04.0460	00.9998	0007.9977
Charging:	07170.00	04.0462	00.9998	0008.0315
Charging:	07200.00	04.0464	00.9998	0008.0652
Charging:	07230.00	04.0465	00.9998	0008.0989
Charging:	07260.00	04.0466	00.9998	0008.1326
Charging:	07290.00	04.0468	00.9998	0008.1663
Charging:	07320.00	04.0468	00.9998	0008.2000
Charging:	07350.00	04.0470	00.9998	0008.2337
Charging:	07380.00	04.0468	00.9997	0008.2675
Charging:	07410.00	04.0468	00.9998	0008.3012
Charging:	07440.00	04.0468	00.9998	0008.3349
Charging:	07470.00	04.0468	00.9998	0008.3686
Charging:	07500.00	04.0467	00.9998	0008.4023
Charging:	07530.00	04.0468	00.9998	0008.4360
Charging:	07560.00	04.0468	00.9998	0008.4698
Charging:	07590.00	04.0469	00.9998	0008.5035
Charging:	07620.00	04.0470	00.9998	0008.5372
Charging:	07650.00	04.0472	00.9998	0008.5709
Charging:	07680.00	04.0472	00.9998	0008.6046
Charging:	07710.00	04.0473	00.9998	0008.6383
Charging:	07740.00	04.0472	00.9998	0008.6721
Charging:	07770.00	04.0472	00.9998	0008.7058
Charging:	07800.00	04.0472	00.9998	0008.7395
Charging:	07830.00	04.0472	00.9998	0008.7732
Charging:	07860.00	04.0471	00.9998	0008.8069
Charging:	07890.00	04.0471	00.9998	0008.8407
Charging:	07920.00	04.0469	00.9998	0008.8744
Charging:	07950.00	04.0468	00.9998	0008.9081
Charging:	07980.00	04.0468	00.9998	0008.9418
Charging:	08010.00	04.0467	00.9998	0008.9755
Charging:	08040.00	04.0465	00.9998	0009.0092
Charging:	08070.00	04.0465	00.9998	0009.0429
Charging:	08100.00	04.0466	00.9998	0009.0767
Charging:	08130.00	04.0466	00.9998	0009.1104
Charging:	08160.00	04.0466	00.9998	0009.1441
Charging:	08190.00	04.0467	00.9998	0009.1778
Charging:	08220.00	04.0466	00.9998	0009.2115
Charging:	08250.00	04.0466	00.9998	0009.2452
Charging:	08280.00	04.0467	00.9998	0009.2789
Charging:	08310.00	04.0467	00.9998	0009.3127
Charging:	08340.00	04.0466	00.9998	0009.3464
Charging:	08370.00	04.0466	00.9998	0009.3801
Charging:	08400.00	04.0468	00.9998	0009.4138
Charging:	08430.00	04.0469	00.9998	0009.4475
Charging:	08460.00	04.0471	00.9998	0009.4812
Charging:	08490.00	04.0471	00.9998	0009.5150
Charging:	08520.00	04.0472	00.9998	0009.5487
Charging:	08550.00	04.0471	00.9998	0009.5824
Charging:	08580.00	04.0471	00.9998	0009.6161
Charging:	08610.00	04.0471	00.9998	0009.6498
Charging:	08640.00	04.0472	00.9998	0009.6836
Charging:	08670.00	04.0473	00.9998	0009.7173
Charging:	08700.00	04.0473	00.9998	0009.7510
Charging:	08730.00	04.0475	00.9998	0009.7847
Charging:	08760.00	04.0476	00.9998	0009.8184
Charging:	08790.00	04.0477	00.9998	0009.8522
Charging:	08820.00	04.0479	00.9998	0009.8859
Charging:	08850.00	04.0479	00.9998	0009.9196
Charging:	08880.00	04.0478	00.9998	0009.9533
Charging:	08910.00	04.0478	00.9998	0009.9871
Charging:	08940.00	04.0479	00.9998	0010.0208
Charging:	08970.00	04.0479	00.9998	0010.0545
Charging:	09000.00	04.0480	00.9998	0010.0882
Charging:	09030.00	04.0481	00.9998	0010.1220
Charging:	09060.00	04.0480	00.9998	0010.1557
Charging:	09090.00	04.0481	00.9998	0010.1894
Charging:	09120.00	04.0481	00.9998	0010.2231
Charging:	09150.00	04.0482	00.9998	0010.2569
Charging:	09180.00	04.0484	00.9998	0010.2906
Charging:	09210.00	04.0485	00.9998	0010.3243
Charging:	09240.00	04.0486	00.9998	0010.3581
Charging:	09270.00	04.0488	00.9998	0010.3918
Charging:	09300.00	04.0488	00.9998	0010.4255
Charging:	09330.00	04.0489	00.9998	0010.4593
Charging:	09360.00	04.0490	00.9998	0010.4930
Charging:	09390.00	04.0493	00.9998	0010.5267
Charging:	09420.00	04.0494	00.9998	0010.5605
Charging:	09450.00	04.0495	00.9998	0010.5942
Charging:	09480.00	04.0498	00.9998	0010.6279
Charging:	09510.00	04.0499	00.9998	0010.6617
Charging:	09540.00	04.0501	00.9998	0010.6954
Charging:	09570.00	04.0503	00.9998	0010.7292
Charging:	09600.00	04.0505	00.9998	0010.7629
Charging:	09630.00	04.0505	00.9998	0010.7967
Charging:	09660.00	04.0507	00.9998	0010.8304
Charging:	09690.00	04.0509	00.9998	0010.8642
Charging:	09720.00	04.0510	00.9998	0010.8979
Charging:	09750.00	04.0511	00.9998	0010.9317
Charging:	09780.00	04.0513	00.9998	0010.9654
Charging:	09810.00	04.0514	00.9998	0010.9992
Charging:	09840.00	04.0518	00.9998	0011.0329
Charging:	09870.00	04.0521	00.9998	0011.0667
Charging:	09900.00	04.0523	00.9998	0011.1004
Charging:	09930.00	04.0526	00.9998	0011.1342
Charging:	09960.00	04.0529	00.9998	0011.1680
Charging:	09990.00	04.0531	00.9998	0011.2017
Charging:	10020.00	04.0531	00.9998	0011.2355
Charging:	10050.00	04.0533	00.9998	0011.2693
Charging:	10080.00	04.0534	00.9998	0011.3031
Charging:	10110.00	04.0537	00.9998	0011.3368
Charging:	10140.00	04.0537	00.9998	0011.3706
Charging:	10170.00	04.0541	00.9998	0011.4044
Charging:	10200.00	04.0543	00.9998	0011.4382
Charging:	10230.00	04.0545	00.9998	0011.4719
Charging:	10260.00	04.0547	00.9998	0011.5057
Charging:	10290.00	04.0549	00.9998	0011.5395
Charging:	10320.00	04.0550	00.9998	0011.5733
Charging:	10350.00	04.0551	00.9998	0011.6071
Charging:	10380.00	04.0553	00.9998	0011.6409
Charging:	10410.00	04.0554	00.9998	0011.6746
Charging:	10440.00	04.0556	00.9998	0011.7084
Charging:	10470.00	04.0558	00.9998	0011.7422
Charging:	10500.00	04.0560	00.9998	0011.7760
Charging:	10530.00	04.0562	00.9998	0011.8098
Charging:	10560.00	04.0565	00.9998	0011.8436
Charging:	10590.00	04.0567	00.9998	0011.8774
Charging:	10620.00	04.0569	00.9998	0011.9112
Charging:	10650.00	04.0571	00.9998	0011.9450
Charging:	10680.00	04.0573	00.9998	0011.9788
Charging:	10710.00	04.0576	00.9998	0012.0126
Charging:	10740.00	04.0578	00.9998	0012.0464
Charging:	10770.00	04.0580	00.9998	0012.0802
Charging:	10800.00	04.0583	00.9998	0012.1140
Charging:	10830.00	04.0586	00.9998	0012.1479
Charging:	10860.00	04.0587	00.9998	0012.1817
Charging:	10890.00	04.0589	00.9998	0012.2155
Charging:	10920.00	04.0593	00.9998	0012.2493
Charging:	10950.00	04.0596	00.9998	0012.2831
Charging:	10980.00	04.0599	00.9998	0012.3170
Charging:	11010.00	04.0602	00.9998	0012.3508
Charging:	11040.00	04.0604	00.9998	0012.3846
Charging:	11070.00	04.0607	00.9998	0012.4184
Charging:	11100.00	04.0611	00.9998	0012.4523
Charging:	11130.00	04.0614	00.9998	0012.4861
Charging:	11160.00	04.0618	00.9998	0012.5200
Charging:	11190.00	04.0621	00.9998	0012.5538
Charging:	11220.00	04.0625	00.9998	0012.5876
Charging:	11250.00	04.0627	00.9998	0012.6215
Charging:	11280.00	04.0630	00.9998	0012.6553
Charging:	11310.00	04.0632	00.9998	0012.6892
Charging:	11340.00	04.0637	00.9998	0012.7231
Charging:	11370.00	04.0641	00.9998	0012.7569
Charging:	11400.00	04.0644	00.9998	0012.7908
Charging:	11430.00	04.0647	00.9998	0012.8246
Charging:	11460.00	04.0648	00.9998	0012.8585
Charging:	11490.00	04.0653	00.9998	0012.8924
Charging:	11520.00	04.0655	00.9998	0012.9263
Charging:	11550.00	04.0658	00.9998	0012.9601
Charging:	11580.00	04.0662	00.9998	0012.9940
Charging:	11610.00	04.0665	00.9998	0013.0279
Charging:	11640.00	04.0668	00.9998	0013.0618
Charging:	11670.00	04.0672	00.9998	0013.0957
Charging:	11700.00	04.0676	00.9998	0013.1295
Charging:	11730.00	04.0679	00.9998	0013.1634
Charging:	11760.00	04.0683	00.9998	0013.1973
Charging:	11790.00	04.0684	00.9998	0013.2312
Charging:	11820.00	04.0687	00.9998	0013.2651
Charging:	11850.00	04.0689	00.9998	0013.2990
Charging:	11880.00	04.0692	00.9998	0013.3329
Charging:	11910.00	04.0693	00.9998	0013.3668
Charging:	11940.00	04.0696	00.9998	0013.4007
Charging:	11970.00	04.0699	00.9998	0013.4346
Charging:	12000.00	04.0701	00.9998	0013.4686
Charging:	12030.00	04.0703	00.9998	0013.5025
Charging:	12060.00	04.0705	00.9998	0013.5364
Charging:	12090.00	04.0708	00.9998	0013.5703
Charging:	12120.00	04.0709	00.9998	0013.6042
Charging:	12150.00	04.0713	00.9998	0013.6381
Charging:	12180.00	04.0715	00.9998	0013.6721
Charging:	12210.00	04.0718	00.9998	0013.7060
Charging:	12240.00	04.0720	00.9998	0013.7399
Charging:	12270.00	04.0721	00.9998	0013.7738
Charging:	12300.00	04.0724	00.9998	0013.8078
Charging:	12330.00	04.0726	00.9998	0013.8417
Charging:	12360.00	04.0730	00.9998	0013.8756
Charging:	12390.00	04.0733	00.9998	0013.9096
Charging:	12420.00	04.0737	00.9998	0013.9435
Charging:	12450.00	04.0739	00.9998	0013.9774
Charging:	12480.00	04.0742	00.9998	0014.0114
Charging:	12510.00	04.0746	00.9998	0014.0453
Charging:	12540.00	04.0748	00.9998	0014.0793
Charging:	12570.00	04.0752	00.9998	0014.1132
Charging:	12600.00	04.0754	00.9998	0014.1472
Charging:	12630.00	04.0756	00.9998	0014.1812
Charging:	12660.00	04.0759	00.9998	0014.2151
Charging:	12690.00	04.0761	00.9998	0014.2491
Charging:	12720.00	04.0763	00.9998	0014.2830
Charging:	12750.00	04.0766	00.9998	0014.3170
Charging:	12780.00	04.0768	00.9998	0014.3510
Charging:	12810.00	04.0771	00.9998	0014.3849
Charging:	12840.00	04.0773	00.9998	0014.4189
Charging:	12870.00	04.0776	00.9998	0014.4529
Charging:	12900.00	04.0778	00.9998	0014.4868
Charging:	12930.00	04.0781	00.9998	0014.5208
Charging:	12960.00	04.0784	00.9998	0014.5548
Charging:	12990.00	04.0786	00.9998	0014.5888
Charging:	13020.00	04.0789	00.9998	0014.6228
Charging:	13050.00	04.0792	00.9998	0014.6568
Charging:	13080.00	04.0794	00.9998	0014.6907
Charging:	13110.00	04.0798	00.9998	0014.7247
Charging:	13140.00	04.0799	00.9998	0014.7587
Charging:	13170.00	04.0803	00.9998	0014.7927
Charging:	13200.00	04.0805	00.9998	0014.8267
Charging:	13230.00	04.0809	00.9998	0014.8607
Charging:	13260.00	04.0812	00.9998	0014.8947
Charging:	13290.00	04.0814	00.9998	0014.9287
Charging:	13320.00	04.0817	00.9998	0014.9627
Charging:	13350.00	04.0818	00.9998	0014.9967
Charging:	13380.00	04.0821	00.9998	0015.0307
Charging:	13410.00	04.0823	00.9998	0015.0648
Charging:	13440.00	04.0827	00.9998	0015.0988
Charging:	13470.00	04.0831	00.9998	0015.1328
Charging:	13500.00	04.0833	00.9998	0015.1668
Charging:	13530.00	04.0835	00.9998	0015.2008
Charging:	13560.00	04.0838	00.9998	0015.2349
Charging:	13590.00	04.0841	00.9998	0015.2689
Charging:	13620.00	04.0843	00.9998	0015.3029
Charging:	13650.00	04.0847	00.9998	0015.3369
Charging:	13680.00	04.0849	00.9998	0015.3710
Charging:	13710.00	04.0850	00.9998	0015.4050
Charging:	13740.00	04.0853	00.9998	0015.4390
Charging:	13770.00	04.0855	00.9998	0015.4731
Charging:	13800.00	04.0858	00.9998	0015.5071
Charging:	13830.00	04.0861	00.9998	0015.5412
Charging:	13860.00	04.0864	00.9998	0015.5752
Charging:	13890.00	04.0868	00.9998	0015.6093
Charging:	13920.00	04.0870	00.9998	0015.6433
Charging:	13950.00	04.0874	00.9998	0015.6774
Charging:	13980.00	04.0876	00.9998	0015.7114
Charging:	14010.00	04.0879	00.9998	0015.7455
Charging:	14040.00	04.0883	00.9998	0015.7795
Charging:	14070.00	04.0885	00.9998	0015.8136
Charging:	14100.00	04.0888	00.9998	0015.8477
Charging:	14130.00	04.0891	00.9998	0015.8817
Charging:	14160.00	04.0894	00.9998	0015.9158
Charging:	14190.00	04.0897	00.9998	0015.9499
Charging:	14220.00	04.0900	00.9998	0015.9840
Charging:	14250.00	04.0902	00.9998	0016.0180
Charging:	14280.00	04.0904	00.9998	0016.0521
Charging:	14310.00	04.0907	00.9998	0016.0862
Charging:	14340.00	04.0909	00.9998	0016.1203
Charging:	14370.00	04.0911	00.9998	0016.1544
Charging:	14400.00	04.0914	00.9998	0016.1885
Charging:	14430.00	04.0916	00.9998	0016.2225
Charging:	14460.00	04.0920	00.9998	0016.2566
Charging:	14490.00	04.0923	00.9998	0016.2907
Charging:	14520.00	04.0926	00.9998	0016.3248
Charging:	14550.00	04.0929	00.9998	0016.3589
Charging:	14580.00	04.0932	00.9998	0016.3930
Charging:	14610.00	04.0935	00.9998	0016.4271
Charging:	14640.00	04.0940	00.9998	0016.4613
Charging:	14670.00	04.0942	00.9998	0016.4954
Charging:	14700.00	04.0944	00.9998	0016.5295
Charging:	14730.00	04.0947	00.9998	0016.5636
Charging:	14760.00	04.0950	00.9998	0016.5977
Charging:	14790.00	04.0953	00.9998	0016.6318
Charging:	14820.00	04.0956	00.9998	0016.6659
Charging:	14850.00	04.0960	00.9998	0016.7001
Charging:	14880.00	04.0963	00.9998	0016.7342
Charging:	14910.00	04.0965	00.9998	0016.7683
Charging:	14940.00	04.0968	00.9998	0016.8025
Charging:	14970.00	04.0973	00.9998	0016.8366
Charging:	15000.00	04.0976	00.9998	0016.8707
Charging:	15030.00	04.0979	00.9998	0016.9049
Charging:	15060.00	04.0982	00.9998	0016.9390
Charging:	15090.00	04.0985	00.9998	0016.9732
Charging:	15120.00	04.0987	00.9998	0017.0073
Charging:	15150.00	04.0992	00.9998	0017.0415
Charging:	15180.00	04.0995	00.9998	0017.0756
Charging:	15210.00	04.0999	00.9998	0017.1098
Charging:	15240.00	04.1002	00.9998	0017.1439
Charging:	15270.00	04.1007	00.9998	0017.1781
Charging:	15300.00	04.1011	00.9998	0017.2123
Charging:	15330.00	04.1013	00.9998	0017.2464
Charging:	15360.00	04.1017	00.9998	0017.2806
Charging:	15390.00	04.1021	00.9998	0017.3148
Charging:	15420.00	04.1024	00.9998	0017.3490
Charging:	15450.00	04.1027	00.9998	0017.3832
Charging:	15480.00	04.1030	00.9998	0017.4173
Charging:	15510.00	04.1033	00.9998	0017.4515
Charging:	15540.00	04.1036	00.9998	0017.4857
Charging:	15570.00	04.1039	00.9998	0017.5199
Charging:	15600.00	04.1041	00.9998	0017.5541
Charging:	15630.00	04.1044	00.9998	0017.5883
Charging:	15660.00	04.1049	00.9998	0017.6225
Charging:	15690.00	04.1052	00.9998	0017.6567
Charging:	15720.00	04.1055	00.9998	0017.6909
Charging:	15750.00	04.1059	00.9998	0017.7251
Charging:	15780.00	04.1063	00.9998	0017.7593
Charging:	15810.00	04.1066	00.9998	0017.7935
Charging:	15840.00	04.1070	00.9998	0017.8278
Charging:	15870.00	04.1074	00.9998	0017.8620
Charging:	15900.00	04.1078	00.9998	0017.8962
Charging:	15930.00	04.1082	00.9998	0017.9304
Charging:	15960.00	04.1086	00.9998	0017.9647
Charging:	15990.00	04.1088	00.9998	0017.9989
Charging:	16020.00	04.1092	00.9998	0018.0331
Charging:	16050.00	04.1096	00.9998	0018.0674
Charging:	16080.00	04.1100	00.9998	0018.1016
Charging:	16110.00	04.1102	00.9998	0018.1359
Charging:	16140.00	04.1107	00.9998	0018.1701
Charging:	16170.00	04.1111	00.9998	0018.2044
Charging:	16200.00	04.1115	00.9998	0018.2386
Charging:	16230.00	04.1118	00.9998	0018.2729
Charging:	16260.00	04.1122	00.9998	0018.3071
Charging:	16290.00	04.1126	00.9998	0018.3414
Charging:	16320.00	04.1130	00.9998	0018.3757
Charging:	16350.00	04.1134	00.9998	0018.4099
Charging:	16380.00	04.1136	00.9998	0018.4442
Charging:	16410.00	04.1138	00.9998	0018.4785
Charging:	16440.00	04.1143	00.9998	0018.5128
Charging:	16470.00	04.1146	00.9998	0018.5470
Charging:	16500.00	04.1150	00.9998	0018.5813
Charging:	16530.00	04.1154	00.9998	0018.6156
Charging:	16560.00	04.1157	00.9998	0018.6499
Charging:	16590.00	04.1163	00.9998	0018.6842
Charging:	16620.00	04.1166	00.9998	0018.7185
Charging:	16650.00	04.1170	00.9998	0018.7528
Charging:	16680.00	04.1174	00.9998	0018.7871
Charging:	16710.00	04.1179	00.9998	0018.8214
Charging:	16740.00	04.1183	00.9998	0018.8557
Charging:	16770.00	04.1186	00.9998	0018.8900
Charging:	16800.00	04.1190	00.9998	0018.9243
Charging:	16830.00	04.1194	00.9998	0018.9587
Charging:	16860.00	04.1197	00.9998	0018.9930
Charging:	16890.00	04.1202	00.9998	0019.0273
Charging:	16920.00	04.1206	00.9998	0019.0616
Charging:	16950.00	04.1210	00.9998	0019.0960
Charging:	16980.00	04.1214	00.9998	0019.1303
Charging:	17010.00	04.1219	00.9998	0019.1647
Charging:	17040.00	04.1221	00.9998	0019.1990
Charging:	17070.00	04.1225	00.9998	0019.2333
Charging:	17100.00	04.1229	00.9998	0019.2677
Charging:	17130.00	04.1232	00.9998	0019.3021
Charging:	17160.00	04.1237	00.9997	0019.3364
Charging:	17190.00	04.1241	00.9998	0019.3708
Charging:	17220.00	04.1246	00.9998	0019.4051
Charging:	17250.00	04.1251	00.9998	0019.4395
Charging:	17280.00	04.1255	00.9998	0019.4739
Charging:	17310.00	04.1259	00.9998	0019.5082
Charging:	17340.00	04.1263	00.9998	0019.5426
Charging:	17370.00	04.1267	00.9998	0019.5770
Charging:	17400.00	04.1270	00.9998	0019.6114
Charging:	17430.00	04.1274	00.9998	0019.6458
Charging:	17460.00	04.1279	00.9998	0019.6802
Charging:	17490.00	04.1283	00.9998	0019.7146
Charging:	17520.00	04.1286	00.9998	0019.7490
Charging:	17550.00	04.1288	00.9998	0019.7834
Charging:	17580.00	04.1291	00.9998	0019.8178
Charging:	17610.00	04.1295	00.9998	0019.8522
Charging:	17640.00	04.1299	00.9998	0019.8866
Charging:	17670.00	04.1303	00.9998	0019.9210
Charging:	17700.00	04.1307	00.9998	0019.9554
Charging:	17730.00	04.1311	00.9998	0019.9898
Charging:	17760.00	04.1315	00.9998	0020.0242
Charging:	17790.00	04.1318	00.9998	0020.0587
Charging:	17820.00	04.1323	00.9998	0020.0931
Charging:	17850.00	04.1327	00.9998	0020.1275
Charging:	17880.00	04.1332	00.9998	0020.1620
Charging:	17910.00	04.1336	00.9998	0020.1964
Charging:	17940.00	04.1341	00.9998	0020.2308
Charging:	17970.00	04.1346	00.9998	0020.2653
Charging:	18000.00	04.1350	00.9998	0020.2997
Charging:	18030.00	04.1354	00.9998	0020.3342
Charging:	18060.00	04.1358	00.9998	0020.3686
Charging:	18090.00	04.1362	00.9998	0020.4031
Charging:	18120.00	04.1366	00.9998	0020.4376
Charging:	18150.00	04.1369	00.9998	0020.4720
Charging:	18180.00	04.1372	00.9998	0020.5065
Charging:	18210.00	04.1377	00.9998	0020.5410
Charging:	18240.00	04.1382	00.9998	0020.5755
Charging:	18270.00	04.1384	00.9998	0020.6099
Charging:	18300.00	04.1388	00.9998	0020.6444
Charging:	18330.00	04.1391	00.9998	0020.6789
Charging:	18360.00	04.1396	00.9998	0020.7134
Charging:	18390.00	04.1400	00.9998	0020.7479
Charging:	18420.00	04.1404	00.9998	0020.7824
Charging:	18450.00	04.1409	00.9998	0020.8169
Charging:	18480.00	04.1414	00.9998	0020.8514
Charging:	18510.00	04.1419	00.9998	0020.8859
Charging:	18540.00	04.1423	00.9998	0020.9204
Charging:	18570.00	04.1429	00.9998	0020.9549
Charging:	18600.00	04.1435	00.9998	0020.9894
Charging:	18630.00	04.1440	00.9998	0021.0240
Charging:	18660.00	04.1444	00.9998	0021.0585
Charging:	18690.00	04.1448	00.9998	0021.0930
Charging:	18720.00	04.1452	00.9998	0021.1276
Charging:	18750.00	04.1457	00.9998	0021.1621
Charging:	18780.00	04.1461	00.9998	0021.1966
Charging:	18810.00	04.1465	00.9998	0021.2312
Charging:	18840.00	04.1470	00.9998	0021.2657
Charging:	18870.00	04.1475	00.9998	0021.3003
Charging:	18900.00	04.1479	00.9998	0021.3349
Charging:	18930.00	04.1482	00.9998	0021.3694
Charging:	18960.00	04.1484	00.9998	0021.4040
Charging:	18990.00	04.1490	00.9998	0021.4385
Charging:	19020.00	04.1494	00.9998	0021.4731
Charging:	19050.00	04.1499	00.9998	0021.5077
Charging:	19080.00	04.1503	00.9998	0021.5423
Charging:	19110.00	04.1507	00.9998	0021.5769
Charging:	19140.00	04.1512	00.9998	0021.6114
Charging:	19170.00	04.1516	00.9998	0021.6460
Charging:	19200.00	04.1520	00.9998	0021.6806
Charging:	19230.00	04.1525	00.9998	0021.7152
Charging:	19260.00	04.1529	00.9998	0021.7498
Charging:	19290.00	04.1533	00.9998	0021.7844
Charging:	19320.00	04.1539	00.9998	0021.8190
Charging:	19350.00	04.1543	00.9998	0021.8536
Charging:	19380.00	04.1547	00.9998	0021.8883
Charging:	19410.00	04.1552	00.9998	0021.9229
Charging:	19440.00	04.1557	00.9998	0021.9575
Charging:	19470.00	04.1560	00.9998	0021.9921
Charging:	19500.00	04.1564	00.9998	0022.0268
Charging:	19530.00	04.1567	00.9998	0022.0614
Charging:	19560.00	04.1571	00.9998	0022.0960
Charging:	19590.00	04.1576	00.9997	0022.1307
Charging:	19620.00	04.1581	00.9998	0022.1653
Charging:	19650.00	04.1586	00.9998	0022.1999
Charging:	19680.00	04.1590	00.9998	0022.2346
Charging:	19710.00	04.1593	00.9998	0022.2692
Charging:	19740.00	04.1597	00.9998	0022.3039
Charging:	19770.00	04.1601	00.9998	0022.3386
Charging:	19800.00	04.1604	00.9998	0022.3732
Charging:	19830.00	04.1608	00.9998	0022.4079
Charging:	19860.00	04.1613	00.9998	0022.4426
Charging:	19890.00	04.1616	00.9998	0022.4772
Charging:	19920.00	04.1620	00.9998	0022.5119
Charging:	19950.00	04.1625	00.9998	0022.5466
Charging:	19980.00	04.1629	00.9998	0022.5813
Charging:	20010.00	04.1635	00.9998	0022.6160
Charging:	20040.00	04.1640	00.9998	0022.6507
Charging:	20070.00	04.1645	00.9998	0022.6853
Charging:	20100.00	04.1650	00.9998	0022.7200
Charging:	20130.00	04.1655	00.9998	0022.7548
Charging:	20160.00	04.1660	00.9998	0022.7895
Charging:	20190.00	04.1664	00.9998	0022.8242
Charging:	20220.00	04.1668	00.9998	0022.8589
Charging:	20250.00	04.1672	00.9998	0022.8936
Charging:	20280.00	04.1676	00.9998	0022.9283
Charging:	20310.00	04.1680	00.9998	0022.9631
Charging:	20340.00	04.1684	00.9998	0022.9978
Charging:	20370.00	04.1689	00.9998	0023.0325
Charging:	20400.00	04.1693	00.9998	0023.0673
Charging:	20430.00	04.1698	00.9998	0023.1020
Charging:	20460.00	04.1702	00.9998	0023.1367
Charging:	20490.00	04.1706	00.9998	0023.1715
Charging:	20520.00	04.1711	00.9998	0023.2062
Charging:	20550.00	04.1715	00.9998	0023.2410
Charging:	20580.00	04.1722	00.9998	0023.2758
Charging:	20610.00	04.1727	00.9998	0023.3105
Charging:	20640.00	04.1731	00.9998	0023.3453
Charging:	20670.00	04.1736	00.9998	0023.3801
Charging:	20700.00	04.1741	00.9998	0023.4148
Charging:	20730.00	04.1746	00.9998	0023.4496
Charging:	20760.00	04.1751	00.9998	0023.4844
Charging:	20790.00	04.1754	00.9998	0023.5192
Charging:	20820.00	04.1759	00.9998	0023.5540
Charging:	20850.00	04.1763	00.9998	0023.5888
Charging:	20880.00	04.1768	00.9998	0023.6236
Charging:	20910.00	04.1771	00.9998	0023.6584
Charging:	20940.00	04.1776	00.9998	0023.6932
Charging:	20970.00	04.1781	00.9998	0023.7280
Charging:	21000.00	04.1786	00.9998	0023.7628
Charging:	21030.00	04.1791	00.9998	0023.7976
Charging:	21060.00	04.1797	00.9998	0023.8324
Charging:	21090.00	04.1803	00.9998	0023.8673
Charging:	21120.00	04.1808	00.9998	0023.9021
Charging:	21150.00	04.1813	00.9998	0023.9369
Charging:	21180.00	04.1818	00.9998	0023.9718
Charging:	21210.00	04.1823	00.9998	0024.0066
Charging:	21240.00	04.1828	00.9998	0024.0415
Charging:	21270.00	04.1832	00.9998	0024.0763
Charging:	21300.00	04.1836	00.9998	0024.1112
Charging:	21330.00	04.1840	00.9998	0024.1460
Charging:	21360.00	04.1844	00.9998	0024.1809
Charging:	21390.00	04.1849	00.9998	0024.2158
Charging:	21420.00	04.1854	00.9998	0024.2506
Charging:	21450.00	04.1859	00.9998	0024.2855
Charging:	21480.00	04.1863	00.9998	0024.3204
Charging:	21510.00	04.1868	00.9998	0024.3553
Charging:	21540.00	04.1873	00.9998	0024.3902
Charging:	21570.00	04.1879	00.9998	0024.4251
Charging:	21600.00	04.1882	00.9998	0024.4599
Charging:	21630.00	04.1886	00.9998	0024.4948
Charging:	21660.00	04.1891	00.9998	0024.5297
Charging:	21690.00	04.1897	00.9998	0024.5647
Charging:	21720.00	04.1901	00.9998	0024.5996
Charging:	21750.00	04.1906	00.9998	0024.6345
Charging:	21780.00	04.1910	00.9998	0024.6694
Charging:	21810.00	04.1914	00.9998	0024.7043
Charging:	21840.00	04.1918	00.9998	0024.7392
Charging:	21870.00	04.1922	00.9998	0024.7742
Charging:	21900.00	04.1927	00.9998	0024.8091
Charging:	21930.00	04.1931	00.9998	0024.8440
Charging:	21960.00	04.1935	00.9998	0024.8790
Charging:	21990.00	04.1939	00.9998	0024.9139
Charging:	22020.00	04.1944	00.9998	0024.9489
Charging:	22050.00	04.1948	00.9998	0024.9838
Charging:	22080.00	04.1952	00.9998	0025.0188
Charging:	22110.00	04.1956	00.9998	0025.0537
Charging:	22140.00	04.1960	00.9998	0025.0887
Charging:	22170.00	04.1965	00.9998	0025.1236
Charging:	22200.00	04.1969	00.9998	0025.1586
Charging:	22230.00	04.1973	00.9998	0025.1936
Charging:	22260.00	04.1978	00.9998	0025.2285
Charging:	22290.00	04.1983	00.9998	0025.2635
Charging:	22320.00	04.1987	00.9998	0025.2985
Charging:	22350.00	04.1991	00.9998	0025.3335
Charging:	22380.00	04.1995	00.9998	0025.3685
Charging:	22410.00	04.1999	00.9998	0025.4035
Charging:	22440.00	04.2003	00.9998	0025.4385
---------------------------
TESTING INTERNAL RESISTANCE
voltage while ON =  4.0868
current=-0.9994
OUTPUT OFF
voltage while OFF =  4.1385
Internal resistance =  0.0517 [Ohm]
OUTPUT ON
---------------------------
Discharging:	00030.00	04.0828	-0.9994	-000.0340
Discharging:	00060.00	04.0557	-0.9992	-000.0678
Discharging:	00090.00	04.0401	-0.9992	-000.1014
Discharging:	00120.00	04.0286	-0.9992	-000.1350
Discharging:	00150.00	04.0197	-0.9992	-000.1684
Discharging:	00180.00	04.0124	-0.9992	-000.2018
Discharging:	00210.00	04.0060	-0.9992	-000.2352
Discharging:	00240.00	04.0000	-0.9991	-000.2685
Discharging:	00270.00	03.9944	-0.9991	-000.3018
Discharging:	00300.00	03.9890	-0.9991	-000.3350
Discharging:	00330.00	03.9836	-0.9991	-000.3681
Discharging:	00360.00	03.9783	-0.9991	-000.4013
Discharging:	00390.00	03.9729	-0.9991	-000.4343
Discharging:	00420.00	03.9675	-0.9991	-000.4674
Discharging:	00450.00	03.9619	-0.9991	-000.5004
Discharging:	00480.00	03.9562	-0.9991	-000.5333
Discharging:	00510.00	03.9502	-0.9991	-000.5662
Discharging:	00540.00	03.9443	-0.9991	-000.5990
Discharging:	00570.00	03.9382	-0.9991	-000.6318
Discharging:	00600.00	03.9320	-0.9991	-000.6646
Discharging:	00630.00	03.9256	-0.9991	-000.6972
Discharging:	00660.00	03.9190	-0.9991	-000.7299
Discharging:	00690.00	03.9124	-0.9991	-000.7624
Discharging:	00720.00	03.9057	-0.9991	-000.7950
Discharging:	00750.00	03.8988	-0.9991	-000.8274
Discharging:	00780.00	03.8918	-0.9991	-000.8598
Discharging:	00810.00	03.8847	-0.9991	-000.8922
Discharging:	00840.00	03.8774	-0.9991	-000.9245
Discharging:	00870.00	03.8701	-0.9991	-000.9567
Discharging:	00900.00	03.8627	-0.9991	-000.9888
Discharging:	00930.00	03.8551	-0.9991	-001.0209
Discharging:	00960.00	03.8476	-0.9991	-001.0530
Discharging:	00990.00	03.8398	-0.9991	-001.0849
Discharging:	01020.00	03.8320	-0.9991	-001.1168
Discharging:	01050.00	03.8242	-0.9991	-001.1487
Discharging:	01080.00	03.8163	-0.9991	-001.1805
Discharging:	01110.00	03.8085	-0.9991	-001.2122
Discharging:	01140.00	03.8006	-0.9991	-001.2438
Discharging:	01170.00	03.7925	-0.9991	-001.2754
Discharging:	01200.00	03.7846	-0.9991	-001.3069
Discharging:	01230.00	03.7765	-0.9991	-001.3383
Discharging:	01260.00	03.7683	-0.9991	-001.3697
Discharging:	01290.00	03.7605	-0.9991	-001.4010
Discharging:	01320.00	03.7526	-0.9991	-001.4323
Discharging:	01350.00	03.7447	-0.9991	-001.4634
Discharging:	01380.00	03.7370	-0.9991	-001.4946
Discharging:	01410.00	03.7292	-0.9991	-001.5256
Discharging:	01440.00	03.7218	-0.9991	-001.5566
Discharging:	01470.00	03.7142	-0.9991	-001.5875
Discharging:	01500.00	03.7067	-0.9991	-001.6184
Discharging:	01530.00	03.6993	-0.9991	-001.6492
Discharging:	01560.00	03.6918	-0.9991	-001.6799
Discharging:	01590.00	03.6845	-0.9991	-001.7106
Discharging:	01620.00	03.6774	-0.9991	-001.7412
Discharging:	01650.00	03.6702	-0.9991	-001.7718
Discharging:	01680.00	03.6632	-0.9991	-001.8023
Discharging:	01710.00	03.6562	-0.9991	-001.8327
Discharging:	01740.00	03.6493	-0.9991	-001.8631
Discharging:	01770.00	03.6427	-0.9991	-001.8934
Discharging:	01800.00	03.6359	-0.9991	-001.9237
Discharging:	01830.00	03.6292	-0.9991	-001.9539
Discharging:	01860.00	03.6227	-0.9991	-001.9841
Discharging:	01890.00	03.6163	-0.9991	-002.0142
Discharging:	01920.00	03.6098	-0.9991	-002.0442
Discharging:	01950.00	03.6035	-0.9991	-002.0742
Discharging:	01980.00	03.5973	-0.9991	-002.1042
Discharging:	02010.00	03.5911	-0.9991	-002.1341
Discharging:	02040.00	03.5848	-0.9991	-002.1639
Discharging:	02070.00	03.5788	-0.9991	-002.1937
Discharging:	02100.00	03.5728	-0.9991	-002.2235
Discharging:	02130.00	03.5668	-0.9991	-002.2532
Discharging:	02160.00	03.5609	-0.9991	-002.2828
Discharging:	02190.00	03.5551	-0.9991	-002.3124
Discharging:	02220.00	03.5495	-0.9991	-002.3420
Discharging:	02250.00	03.5438	-0.9991	-002.3715
Discharging:	02280.00	03.5383	-0.9991	-002.4009
Discharging:	02310.00	03.5328	-0.9991	-002.4304
Discharging:	02340.00	03.5273	-0.9991	-002.4597
Discharging:	02370.00	03.5220	-0.9991	-002.4890
Discharging:	02400.00	03.5167	-0.9991	-002.5183
Discharging:	02430.00	03.5115	-0.9991	-002.5476
Discharging:	02460.00	03.5062	-0.9991	-002.5767
Discharging:	02490.00	03.5012	-0.9991	-002.6059
Discharging:	02520.00	03.4962	-0.9991	-002.6350
Discharging:	02550.00	03.4913	-0.9991	-002.6641
Discharging:	02580.00	03.4864	-0.9991	-002.6931
Discharging:	02610.00	03.4816	-0.9991	-002.7221
Discharging:	02640.00	03.4769	-0.9991	-002.7510
Discharging:	02670.00	03.4723	-0.9991	-002.7799
Discharging:	02700.00	03.4677	-0.9991	-002.8088
Discharging:	02730.00	03.4632	-0.9991	-002.8377
Discharging:	02760.00	03.4588	-0.9991	-002.8665
Discharging:	02790.00	03.4544	-0.9991	-002.8952
Discharging:	02820.00	03.4499	-0.9991	-002.9239
Discharging:	02850.00	03.4455	-0.9991	-002.9526
Discharging:	02880.00	03.4413	-0.9991	-002.9813
Discharging:	02910.00	03.4371	-0.9991	-003.0099
Discharging:	02940.00	03.4331	-0.9991	-003.0385
Discharging:	02970.00	03.4291	-0.9991	-003.0670
Discharging:	03000.00	03.4250	-0.9991	-003.0955
Discharging:	03030.00	03.4210	-0.9991	-003.1240
Discharging:	03060.00	03.4171	-0.9991	-003.1525
Discharging:	03090.00	03.4133	-0.9991	-003.1809
Discharging:	03120.00	03.4096	-0.9991	-003.2093
Discharging:	03150.00	03.4058	-0.9991	-003.2376
Discharging:	03180.00	03.4022	-0.9991	-003.2660
Discharging:	03210.00	03.3985	-0.9991	-003.2943
Discharging:	03240.00	03.3949	-0.9991	-003.3225
Discharging:	03270.00	03.3915	-0.9991	-003.3508
Discharging:	03300.00	03.3880	-0.9991	-003.3790
Discharging:	03330.00	03.3845	-0.9991	-003.4071
Discharging:	03360.00	03.3810	-0.9991	-003.4353
Discharging:	03390.00	03.3776	-0.9991	-003.4634
Discharging:	03420.00	03.3740	-0.9991	-003.4915
Discharging:	03450.00	03.3708	-0.9991	-003.5196
Discharging:	03480.00	03.3675	-0.9991	-003.5476
Discharging:	03510.00	03.3641	-0.9991	-003.5756
Discharging:	03540.00	03.3609	-0.9991	-003.6036
Discharging:	03570.00	03.3577	-0.9991	-003.6316
Discharging:	03600.00	03.3545	-0.9991	-003.6595
Discharging:	03630.00	03.3515	-0.9991	-003.6874
Discharging:	03660.00	03.3483	-0.9991	-003.7153
Discharging:	03690.00	03.3452	-0.9991	-003.7431
Discharging:	03720.00	03.3420	-0.9991	-003.7709
Discharging:	03750.00	03.3389	-0.9991	-003.7987
Discharging:	03780.00	03.3358	-0.9991	-003.8265
Discharging:	03810.00	03.3327	-0.9991	-003.8543
Discharging:	03840.00	03.3299	-0.9991	-003.8820
Discharging:	03870.00	03.3268	-0.9991	-003.9097
Discharging:	03900.00	03.3239	-0.9991	-003.9374
Discharging:	03930.00	03.3209	-0.9991	-003.9650
Discharging:	03960.00	03.3180	-0.9991	-003.9926
Discharging:	03990.00	03.3151	-0.9991	-004.0202
Discharging:	04020.00	03.3122	-0.9991	-004.0478
Discharging:	04050.00	03.3094	-0.9991	-004.0754
Discharging:	04080.00	03.3065	-0.9991	-004.1029
Discharging:	04110.00	03.3036	-0.9991	-004.1304
Discharging:	04140.00	03.3007	-0.9991	-004.1579
Discharging:	04170.00	03.2977	-0.9991	-004.1853
Discharging:	04200.00	03.2948	-0.9991	-004.2128
Discharging:	04230.00	03.2919	-0.9991	-004.2402
Discharging:	04260.00	03.2891	-0.9991	-004.2676
Discharging:	04290.00	03.2862	-0.9991	-004.2949
Discharging:	04320.00	03.2834	-0.9991	-004.3223
Discharging:	04350.00	03.2805	-0.9991	-004.3496
Discharging:	04380.00	03.2776	-0.9991	-004.3769
Discharging:	04410.00	03.2747	-0.9991	-004.4041
Discharging:	04440.00	03.2717	-0.9991	-004.4314
Discharging:	04470.00	03.2689	-0.9991	-004.4586
Discharging:	04500.00	03.2660	-0.9991	-004.4858
Discharging:	04530.00	03.2632	-0.9991	-004.5129
Discharging:	04560.00	03.2601	-0.9991	-004.5401
Discharging:	04590.00	03.2572	-0.9991	-004.5672
Discharging:	04620.00	03.2543	-0.9991	-004.5943
Discharging:	04650.00	03.2513	-0.9991	-004.6214
Discharging:	04680.00	03.2483	-0.9991	-004.6484
Discharging:	04710.00	03.2454	-0.9991	-004.6754
Discharging:	04740.00	03.2423	-0.9991	-004.7024
Discharging:	04770.00	03.2392	-0.9991	-004.7294
Discharging:	04800.00	03.2361	-0.9991	-004.7563
Discharging:	04830.00	03.2330	-0.9991	-004.7833
Discharging:	04860.00	03.2299	-0.9991	-004.8101
Discharging:	04890.00	03.2268	-0.9991	-004.8370
Discharging:	04920.00	03.2236	-0.9991	-004.8639
Discharging:	04950.00	03.2204	-0.9991	-004.8907
Discharging:	04980.00	03.2172	-0.9991	-004.9174
Discharging:	05010.00	03.2138	-0.9991	-004.9442
Discharging:	05040.00	03.2105	-0.9991	-004.9709
Discharging:	05070.00	03.2073	-0.9991	-004.9976
Discharging:	05100.00	03.2037	-0.9991	-005.0243
Discharging:	05130.00	03.2003	-0.9991	-005.0510
Discharging:	05160.00	03.1968	-0.9991	-005.0776
Discharging:	05190.00	03.1931	-0.9991	-005.1042
Discharging:	05220.00	03.1894	-0.9991	-005.1307
Discharging:	05250.00	03.1859	-0.9991	-005.1572
Discharging:	05280.00	03.1821	-0.9991	-005.1837
Discharging:	05310.00	03.1782	-0.9991	-005.2102
Discharging:	05340.00	03.1742	-0.9991	-005.2366
Discharging:	05370.00	03.1703	-0.9991	-005.2630
Discharging:	05400.00	03.1661	-0.9991	-005.2894
Discharging:	05430.00	03.1620	-0.9991	-005.3157
Discharging:	05460.00	03.1579	-0.9991	-005.3420
Discharging:	05490.00	03.1535	-0.9991	-005.3682
Discharging:	05520.00	03.1491	-0.9991	-005.3945
Discharging:	05550.00	03.1446	-0.9991	-005.4207
Discharging:	05580.00	03.1399	-0.9991	-005.4468
Discharging:	05610.00	03.1352	-0.9991	-005.4729
Discharging:	05640.00	03.1301	-0.9991	-005.4990
Discharging:	05670.00	03.1252	-0.9991	-005.5250
Discharging:	05700.00	03.1201	-0.9991	-005.5510
Discharging:	05730.00	03.1148	-0.9991	-005.5769
Discharging:	05760.00	03.1093	-0.9991	-005.6028
Discharging:	05790.00	03.1039	-0.9991	-005.6286
Discharging:	05820.00	03.0984	-0.9991	-005.6544
Discharging:	05850.00	03.0926	-0.9991	-005.6802
Discharging:	05880.00	03.0866	-0.9991	-005.7059
Discharging:	05910.00	03.0805	-0.9991	-005.7315
Discharging:	05940.00	03.0742	-0.9991	-005.7571
Discharging:	05970.00	03.0679	-0.9991	-005.7826
Discharging:	06000.00	03.0615	-0.9991	-005.8081
Discharging:	06030.00	03.0547	-0.9991	-005.8336
Discharging:	06060.00	03.0476	-0.9991	-005.8589
Discharging:	06090.00	03.0405	-0.9991	-005.8843
Discharging:	06120.00	03.0331	-0.9991	-005.9095
Discharging:	06150.00	03.0254	-0.9991	-005.9347
Discharging:	06180.00	03.0175	-0.9991	-005.9598
Discharging:	06210.00	03.0092	-0.9991	-005.9849
Discharging:	06240.00	03.0007	-0.9991	-006.0099
Discharging:	06270.00	02.9919	-0.9991	-006.0348
Recharging:	00030.00	03.3338	01.0001	0000.0278
Recharging:	00060.00	03.6063	00.9997	0000.0578
Recharging:	00090.00	03.6748	00.9997	0000.0884
Recharging:	00120.00	03.7209	00.9997	0000.1194
Recharging:	00150.00	03.7544	00.9998	0000.1507
Recharging:	00180.00	03.7799	00.9997	0000.1822
Recharging:	00210.00	03.7996	00.9997	0000.2139
Recharging:	00240.00	03.8159	00.9997	0000.2457
Recharging:	00270.00	03.8303	00.9997	0000.2776
Recharging:	00300.00	03.8435	00.9997	0000.3096
Recharging:	00330.00	03.8556	00.9997	0000.3417
Recharging:	00360.00	03.8672	00.9997	0000.3739
Recharging:	00390.00	03.8782	00.9997	0000.4062
Recharging:	00420.00	03.8884	00.9997	0000.4386
Recharging:	00450.00	03.8977	00.9997	0000.4711
Recharging:	00480.00	03.9067	00.9997	0000.5037
Recharging:	00510.00	03.9149	00.9998	0000.5363
Recharging:	00540.00	03.9225	00.9997	0000.5689
Recharging:	00570.00	03.9295	00.9997	0000.6017
Recharging:	00600.00	03.9358	00.9997	0000.6345
Recharging:	00630.00	03.9415	00.9998	0000.6673
Recharging:	00660.00	03.9467	00.9997	0000.7002
Recharging:	00690.00	03.9513	00.9997	0000.7331
Recharging:	00720.00	03.9555	00.9998	0000.7661
Recharging:	00750.00	03.9594	00.9997	0000.7990
Recharging:	00780.00	03.9628	00.9997	0000.8321
Recharging:	00810.00	03.9660	00.9997	0000.8651
Recharging:	00840.00	03.9689	00.9997	0000.8982
Recharging:	00870.00	03.9716	00.9997	0000.9313
Recharging:	00900.00	03.9741	00.9997	0000.9644
Recharging:	00930.00	03.9765	00.9997	0000.9975
Recharging:	00960.00	03.9788	00.9997	0001.0306
Recharging:	00990.00	03.9810	00.9998	0001.0638
Recharging:	01020.00	03.9831	00.9997	0001.0970
Recharging:	01050.00	03.9851	00.9997	0001.1302
Recharging:	01080.00	03.9871	00.9997	0001.1634
Recharging:	01110.00	03.9890	00.9997	0001.1966
Recharging:	01140.00	03.9909	00.9997	0001.2299
Recharging:	01170.00	03.9928	00.9997	0001.2632
Recharging:	01200.00	03.9946	00.9997	0001.2964
Recharging:	01230.00	03.9964	00.9997	0001.3297
Recharging:	01260.00	03.9983	00.9997	0001.3630
Recharging:	01290.00	04.0001	00.9998	0001.3964
Recharging:	01320.00	04.0019	00.9997	0001.4297
Recharging:	01350.00	04.0038	00.9997	0001.4631
Recharging:	01380.00	04.0056	00.9997	0001.4964
Recharging:	01410.00	04.0074	00.9997	0001.5298
Recharging:	01440.00	04.0094	00.9997	0001.5632
Recharging:	01470.00	04.0112	00.9997	0001.5966
Recharging:	01500.00	04.0130	00.9998	0001.6301
Recharging:	01530.00	04.0150	00.9997	0001.6635
Recharging:	01560.00	04.0168	00.9998	0001.6970
Recharging:	01590.00	04.0188	00.9997	0001.7305
Recharging:	01620.00	04.0207	00.9997	0001.7640
Recharging:	01650.00	04.0227	00.9998	0001.7975
Recharging:	01680.00	04.0247	00.9998	0001.8310
Recharging:	01710.00	04.0268	00.9997	0001.8646
Recharging:	01740.00	04.0288	00.9998	0001.8981
Recharging:	01770.00	04.0310	00.9997	0001.9317
Recharging:	01800.00	04.0332	00.9997	0001.9653
Recharging:	01830.00	04.0352	00.9997	0001.9989
Recharging:	01860.00	04.0373	00.9998	0002.0326
Recharging:	01890.00	04.0394	00.9997	0002.0662
Recharging:	01920.00	04.0415	00.9997	0002.0999
Recharging:	01950.00	04.0437	00.9997	0002.1336
Recharging:	01980.00	04.0459	00.9997	0002.1673
Recharging:	02010.00	04.0481	00.9997	0002.2010
Recharging:	02040.00	04.0504	00.9997	0002.2348
Recharging:	02070.00	04.0526	00.9997	0002.2685
Recharging:	02100.00	04.0550	00.9997	0002.3023
Recharging:	02130.00	04.0570	00.9997	0002.3361
Recharging:	02160.00	04.0593	00.9997	0002.3699
Recharging:	02190.00	04.0616	00.9997	0002.4038
Recharging:	02220.00	04.0637	00.9997	0002.4376
Recharging:	02250.00	04.0660	00.9997	0002.4715
Recharging:	02280.00	04.0683	00.9997	0002.5054
Recharging:	02310.00	04.0705	00.9997	0002.5393
Recharging:	02340.00	04.0727	00.9997	0002.5732
Recharging:	02370.00	04.0747	00.9998	0002.6072
Recharging:	02400.00	04.0767	00.9997	0002.6411
Recharging:	02430.00	04.0785	00.9997	0002.6751
Recharging:	02460.00	04.0802	00.9997	0002.7091
Recharging:	02490.00	04.0819	00.9997	0002.7431
Recharging:	02520.00	04.0834	00.9997	0002.7771
Recharging:	02550.00	04.0848	00.9997	0002.8112
Recharging:	02580.00	04.0861	00.9997	0002.8452
Recharging:	02610.00	04.0872	00.9997	0002.8792
Recharging:	02640.00	04.0881	00.9997	0002.9133
Recharging:	02670.00	04.0892	00.9997	0002.9474
Recharging:	02700.00	04.0902	00.9997	0002.9815
Recharging:	02730.00	04.0912	00.9998	0003.0155
Recharging:	02760.00	04.0919	00.9997	0003.0496
Recharging:	02790.00	04.0928	00.9997	0003.0837
Recharging:	02820.00	04.0934	00.9997	0003.1178
Recharging:	02850.00	04.0941	00.9998	0003.1519
Recharging:	02880.00	04.0947	00.9998	0003.1860
Recharging:	02910.00	04.0950	00.9997	0003.2202
Recharging:	02940.00	04.0956	00.9998	0003.2543
Recharging:	02970.00	04.0962	00.9998	0003.2884
Recharging:	03000.00	04.0966	00.9997	0003.3225
Recharging:	03030.00	04.0971	00.9998	0003.3567
Recharging:	03060.00	04.0976	00.9997	0003.3908
Recharging:	03090.00	04.0981	00.9998	0003.4250
Recharging:	03120.00	04.0985	00.9998	0003.4591
Recharging:	03150.00	04.0987	00.9997	0003.4933
Recharging:	03180.00	04.0992	00.9998	0003.5274
Recharging:	03210.00	04.0997	00.9998	0003.5616
Recharging:	03240.00	04.1002	00.9997	0003.5957
Recharging:	03270.00	04.1005	00.9997	0003.6299
Recharging:	03300.00	04.1009	00.9997	0003.6640
Recharging:	03330.00	04.1013	00.9997	0003.6982
Recharging:	03360.00	04.1017	00.9997	0003.7324
Recharging:	03390.00	04.1024	00.9998	0003.7666
Recharging:	03420.00	04.1026	00.9997	0003.8007
Recharging:	03450.00	04.1029	00.9997	0003.8349
Recharging:	03480.00	04.1035	00.9997	0003.8691
Recharging:	03510.00	04.1040	00.9997	0003.9033
Recharging:	03540.00	04.1048	00.9997	0003.9375
Recharging:	03570.00	04.1055	00.9997	0003.9717
Recharging:	03600.00	04.1061	00.9998	0004.0059
Recharging:	03630.00	04.1066	00.9997	0004.0401
Recharging:	03660.00	04.1072	00.9997	0004.0743
Recharging:	03690.00	04.1080	00.9998	0004.1086
Recharging:	03720.00	04.1088	00.9998	0004.1428
Recharging:	03750.00	04.1097	00.9997	0004.1770
Recharging:	03780.00	04.1106	00.9998	0004.2113
Recharging:	03810.00	04.1112	00.9997	0004.2455
Recharging:	03840.00	04.1119	00.9998	0004.2798
Recharging:	03870.00	04.1128	00.9998	0004.3141
Recharging:	03900.00	04.1138	00.9998	0004.3483
Recharging:	03930.00	04.1147	00.9997	0004.3826
Recharging:	03960.00	04.1158	00.9998	0004.4169
Recharging:	03990.00	04.1167	00.9998	0004.4512
Recharging:	04020.00	04.1176	00.9998	0004.4855
Recharging:	04050.00	04.1187	00.9997	0004.5198
Recharging:	04080.00	04.1195	00.9998	0004.5541
Recharging:	04110.00	04.1206	00.9998	0004.5885
Recharging:	04140.00	04.1216	00.9998	0004.6228
Recharging:	04170.00	04.1227	00.9997	0004.6572
Recharging:	04200.00	04.1234	00.9998	0004.6915
Recharging:	04230.00	04.1243	00.9998	0004.7259
Recharging:	04260.00	04.1254	00.9997	0004.7602
Recharging:	04290.00	04.1263	00.9997	0004.7946
Recharging:	04320.00	04.1272	00.9998	0004.8290
Recharging:	04350.00	04.1282	00.9997	0004.8634
Recharging:	04380.00	04.1291	00.9997	0004.8978
Recharging:	04410.00	04.1301	00.9998	0004.9322
Recharging:	04440.00	04.1311	00.9998	0004.9666
Recharging:	04470.00	04.1322	00.9997	0005.0011
Recharging:	04500.00	04.1332	00.9998	0005.0355
Recharging:	04530.00	04.1341	00.9998	0005.0699
Recharging:	04560.00	04.1351	00.9997	0005.1044
Recharging:	04590.00	04.1369	00.9998	0005.1388
Recharging:	04620.00	04.1382	00.9997	0005.1733
Recharging:	04650.00	04.1394	00.9997	0005.2078
Recharging:	04680.00	04.1401	00.9998	0005.2423
Recharging:	04710.00	04.1411	00.9998	0005.2768
Recharging:	04740.00	04.1423	00.9997	0005.3113
Recharging:	04770.00	04.1434	00.9998	0005.3458
Recharging:	04800.00	04.1308	00.9998	0005.3802
Recharging:	04830.00	04.1385	00.9998	0005.4147
Recharging:	04860.00	04.1415	00.9997	0005.4492
Recharging:	04890.00	04.1433	00.9998	0005.4837
Recharging:	04920.00	04.1452	00.9997	0005.5183
Recharging:	04950.00	04.1466	00.9998	0005.5528
Recharging:	04980.00	04.1480	00.9997	0005.5874
Recharging:	05010.00	04.1493	00.9997	0005.6220
Recharging:	05040.00	04.1504	00.9998	0005.6565
Recharging:	05070.00	04.1514	00.9998	0005.6911
Recharging:	05100.00	04.1525	00.9998	0005.7257
Recharging:	05130.00	04.1536	00.9997	0005.7603
Recharging:	05160.00	04.1545	00.9998	0005.7949
Recharging:	05190.00	04.1554	00.9998	0005.8296
Recharging:	05220.00	04.1564	00.9998	0005.8642
Recharging:	05250.00	04.1573	00.9998	0005.8988
Recharging:	05280.00	04.1581	00.9998	0005.9335
Recharging:	05310.00	04.1588	00.9998	0005.9681
Recharging:	05340.00	04.1597	00.9998	0006.0028
Recharging:	05370.00	04.1606	00.9998	0006.0374
Recharging:	05400.00	04.1614	00.9998	0006.0721
Recharging:	05430.00	04.1623	00.9998	0006.1068
Recharging:	05460.00	04.1630	00.9998	0006.1415
Recharging:	05490.00	04.1640	00.9998	0006.1762
Recharging:	05520.00	04.1649	00.9998	0006.2109
Recharging:	05550.00	04.1656	00.9998	0006.2456
Recharging:	05580.00	04.1666	00.9998	0006.2803
Recharging:	05610.00	04.1674	00.9998	0006.3150
Recharging:	05640.00	04.1681	00.9998	0006.3497
Recharging:	05670.00	04.1689	00.9998	0006.3845
Recharging:	05700.00	04.1696	00.9998	0006.4192
Recharging:	05730.00	04.1705	00.9998	0006.4539
Recharging:	05760.00	04.1713	00.9998	0006.4887
Recharging:	05790.00	04.1722	00.9997	0006.5234
Recharging:	05820.00	04.1729	00.9998	0006.5582
Recharging:	05850.00	04.1738	00.9998	0006.5930
Recharging:	05880.00	04.1745	00.9998	0006.6278
Recharging:	05910.00	04.1753	00.9998	0006.6626
Recharging:	05940.00	04.1760	00.9998	0006.6973
Recharging:	05970.00	04.1769	00.9998	0006.7321
Recharging:	06000.00	04.1778	00.9998	0006.7669
Recharging:	06030.00	04.1786	00.9998	0006.8018
Recharging:	06060.00	04.1795	00.9998	0006.8366
Recharging:	06090.00	04.1804	00.9998	0006.8714
Recharging:	06120.00	04.1809	00.9998	0006.9062
Recharging:	06150.00	04.1815	00.9998	0006.9411
Recharging:	06180.00	04.1822	00.9998	0006.9759
Recharging:	06210.00	04.1828	00.9998	0007.0108
Recharging:	06240.00	04.1833	00.9998	0007.0456
Recharging:	06270.00	04.1840	00.9998	0007.0805
Recharging:	06300.00	04.1846	00.9997	0007.1153
Recharging:	06330.00	04.1853	00.9998	0007.1502
Recharging:	06360.00	04.1858	00.9998	0007.1851
Recharging:	06390.00	04.1867	00.9998	0007.2200
Recharging:	06420.00	04.1870	00.9998	0007.2549
Recharging:	06450.00	04.1876	00.9998	0007.2897
Recharging:	06480.00	04.1881	00.9998	0007.3246
Recharging:	06510.00	04.1888	00.9998	0007.3595
Recharging:	06540.00	04.1894	00.9998	0007.3944
Recharging:	06570.00	04.1900	00.9998	0007.4293
Recharging:	06600.00	04.1905	00.9998	0007.4643
Recharging:	06630.00	04.1912	00.9998	0007.4992
Recharging:	06660.00	04.1919	00.9997	0007.5341
Recharging:	06690.00	04.1925	00.9998	0007.5690
Recharging:	06720.00	04.1930	00.9998	0007.6040
Recharging:	06750.00	04.1936	00.9998	0007.6389
Recharging:	06780.00	04.1942	00.9998	0007.6739
Recharging:	06810.00	04.1946	00.9998	0007.7088
Recharging:	06840.00	04.1951	00.9997	0007.7437
Recharging:	06870.00	04.1956	00.9998	0007.7787
Recharging:	06900.00	04.1962	00.9998	0007.8137
Recharging:	06930.00	04.1967	00.9997	0007.8486
Recharging:	06960.00	04.1972	00.9998	0007.8836
Recharging:	06990.00	04.1977	00.9997	0007.9186
Recharging:	07020.00	04.1980	00.9998	0007.9535
Recharging:	07050.00	04.1984	00.9997	0007.9885
Recharging:	07080.00	04.1991	00.9998	0008.0235
Recharging:	07110.00	04.1996	00.9998	0008.0585
Recharging:	07140.00	04.2000	00.9998	0008.0935
