Charging:	00030.00	04.0089	00.5012	0000.0167
Charging:	00060.00	04.0278	00.5003	0000.0335
Charging:	00090.00	04.0347	00.5003	0000.0504
Charging:	00120.00	04.0399	00.5003	0000.0672
Charging:	00150.00	04.0444	00.5004	0000.0841
Charging:	00180.00	04.0484	00.5003	0000.1009
Charging:	00210.00	04.0520	00.5004	0000.1178
Charging:	00240.00	04.0553	00.5003	0000.1348
Charging:	00270.00	04.0585	00.5003	0000.1517
Charging:	00300.00	04.0617	00.5003	0000.1686
Charging:	00330.00	04.0646	00.5003	0000.1856
Charging:	00360.00	04.0675	00.5004	0000.2025
Charging:	00390.00	04.0703	00.5003	0000.2195
Charging:	00420.00	04.0730	00.5004	0000.2365
Charging:	00450.00	04.0757	00.5004	0000.2535
Charging:	00480.00	04.0783	00.5003	0000.2705
Charging:	00510.00	04.0809	00.5004	0000.2875
Charging:	00540.00	04.0835	00.5004	0000.3045
Charging:	00570.00	04.0860	00.5003	0000.3215
Charging:	00600.00	04.0885	00.5004	0000.3386
Charging:	00630.00	04.0910	00.5004	0000.3557
Charging:	00660.00	04.0936	00.5003	0000.3727
Charging:	00690.00	04.0960	00.5004	0000.3898
Charging:	00720.00	04.0984	00.5004	0000.4069
Charging:	00750.00	04.1007	00.5004	0000.4240
Charging:	00780.00	04.1030	00.5004	0000.4411
Charging:	00810.00	04.1054	00.5004	0000.4582
Charging:	00840.00	04.1076	00.5004	0000.4753
Charging:	00870.00	04.1099	00.5004	0000.4925
Charging:	00900.00	04.1122	00.5004	0000.5096
Charging:	00930.00	04.1144	00.5004	0000.5268
Charging:	00960.00	04.1167	00.5004	0000.5439
Charging:	00990.00	04.1189	00.5004	0000.5611
Charging:	01020.00	04.1210	00.5004	0000.5783
Charging:	01050.00	04.1231	00.5004	0000.5955
Charging:	01080.00	04.1253	00.5004	0000.6127
Charging:	01110.00	04.1274	00.5004	0000.6299
Charging:	01140.00	04.1295	00.5004	0000.6471
Charging:	01170.00	04.1316	00.5004	0000.6644
Charging:	01200.00	04.1337	00.5004	0000.6816
Charging:	01230.00	04.1358	00.5004	0000.6988
Charging:	01260.00	04.1380	00.5004	0000.7161
Charging:	01290.00	04.1401	00.5004	0000.7334
Charging:	01320.00	04.1421	00.5004	0000.7506
Charging:	01350.00	04.1442	00.5004	0000.7679
Charging:	01380.00	04.1463	00.5004	0000.7852
Charging:	01410.00	04.1484	00.5004	0000.8025
Charging:	01440.00	04.1505	00.5004	0000.8198
Charging:	01470.00	04.1526	00.5004	0000.8371
Charging:	01500.00	04.1547	00.5004	0000.8545
Charging:	01530.00	04.1569	00.5004	0000.8718
Charging:	01560.00	04.1590	00.5004	0000.8891
Charging:	01590.00	04.1611	00.5004	0000.9065
Charging:	01620.00	04.1633	00.5004	0000.9238
Charging:	01650.00	04.1654	00.5004	0000.9412
Charging:	01680.00	04.1677	00.5004	0000.9586
Charging:	01710.00	04.1699	00.5004	0000.9760
Charging:	01740.00	04.1721	00.5004	0000.9934
Charging:	01770.00	04.1744	00.5004	0001.0108
Charging:	01800.00	04.1767	00.5004	0001.0282
Charging:	01830.00	04.1790	00.5004	0001.0456
Charging:	01860.00	04.1812	00.5004	0001.0631
Charging:	01890.00	04.1835	00.5004	0001.0805
Charging:	01920.00	04.1859	00.5004	0001.0980
Charging:	01950.00	04.1883	00.5004	0001.1154
Charging:	01980.00	04.1907	00.5004	0001.1329
Charging:	02010.00	04.1932	00.5004	0001.1504
Charging:	02040.00	04.1957	00.5004	0001.1679
Charging:	02070.00	04.1981	00.5004	0001.1854
Charging:	02100.00	04.2007	00.5004	0001.2029
---------------------------
TESTING INTERNAL RESISTANCE
voltage while ON =  4.1433
current=-0.5004
OUTPUT OFF
voltage while OFF =  4.1565
Internal resistance =  0.0263 [Ohm]
OUTPUT ON
---------------------------
Discharging:	00030.00	04.1346	-0.5004	-000.0172
Discharging:	00060.00	04.0953	-0.5002	-000.0343
Discharging:	00090.00	04.0854	-0.5002	-000.0513
Discharging:	00120.00	04.0784	-0.5002	-000.0683
Discharging:	00150.00	04.0730	-0.5002	-000.0853
Discharging:	00180.00	04.0683	-0.5002	-000.1023
Discharging:	00210.00	04.0643	-0.5002	-000.1192
Discharging:	00240.00	04.0606	-0.5002	-000.1361
Discharging:	00270.00	04.0573	-0.5002	-000.1531
Discharging:	00300.00	04.0541	-0.5002	-000.1700
Discharging:	00330.00	04.0511	-0.5002	-000.1868
Discharging:	00360.00	04.0483	-0.5002	-000.2037
Discharging:	00390.00	04.0457	-0.5002	-000.2206
Discharging:	00420.00	04.0430	-0.5002	-000.2374
Discharging:	00450.00	04.0405	-0.5002	-000.2543
Discharging:	00480.00	04.0380	-0.5002	-000.2711
Discharging:	00510.00	04.0356	-0.5002	-000.2879
Discharging:	00540.00	04.0332	-0.5002	-000.3047
Discharging:	00570.00	04.0309	-0.5002	-000.3215
Discharging:	00600.00	04.0285	-0.5001	-000.3383
Discharging:	00630.00	04.0262	-0.5002	-000.3551
Discharging:	00660.00	04.0240	-0.5001	-000.3719
Discharging:	00690.00	04.0217	-0.5001	-000.3886
Discharging:	00720.00	04.0194	-0.5002	-000.4054
Discharging:	00750.00	04.0172	-0.5002	-000.4221
Discharging:	00780.00	04.0151	-0.5002	-000.4389
Discharging:	00810.00	04.0130	-0.5002	-000.4556
Discharging:	00840.00	04.0107	-0.5002	-000.4723
Discharging:	00870.00	04.0085	-0.5002	-000.4890
Discharging:	00900.00	04.0064	-0.5002	-000.5057
Discharging:	00930.00	04.0042	-0.5002	-000.5224
Discharging:	00960.00	04.0020	-0.5002	-000.5391
Discharging:	00990.00	03.9998	-0.5002	-000.5558
Discharging:	01020.00	03.9977	-0.5002	-000.5724
Discharging:	01050.00	03.9956	-0.5002	-000.5891
Discharging:	01080.00	03.9935	-0.5002	-000.6057
Discharging:	01110.00	03.9914	-0.5002	-000.6224
Discharging:	01140.00	03.9893	-0.5002	-000.6390
Discharging:	01170.00	03.9871	-0.5002	-000.6556
Discharging:	01200.00	03.9850	-0.5002	-000.6722
Discharging:	01230.00	03.9829	-0.5002	-000.6888
Discharging:	01260.00	03.9808	-0.5002	-000.7054
Discharging:	01290.00	03.9787	-0.5002	-000.7220
Discharging:	01320.00	03.9766	-0.5002	-000.7386
Discharging:	01350.00	03.9745	-0.5002	-000.7551
Discharging:	01380.00	03.9723	-0.5002	-000.7717
Discharging:	01410.00	03.9702	-0.5002	-000.7882
Discharging:	01440.00	03.9682	-0.5002	-000.8048
Discharging:	01470.00	03.9661	-0.5002	-000.8213
Discharging:	01500.00	03.9639	-0.5002	-000.8378
Discharging:	01530.00	03.9618	-0.5002	-000.8543
Discharging:	01560.00	03.9597	-0.5001	-000.8708
Discharging:	01590.00	03.9576	-0.5002	-000.8873
Discharging:	01620.00	03.9555	-0.5002	-000.9038
Discharging:	01650.00	03.9534	-0.5002	-000.9203
Discharging:	01680.00	03.9512	-0.5002	-000.9368
Discharging:	01710.00	03.9490	-0.5002	-000.9532
Discharging:	01740.00	03.9469	-0.5002	-000.9697
Discharging:	01770.00	03.9448	-0.5002	-000.9861
Discharging:	01800.00	03.9426	-0.5002	-001.0026
Discharging:	01830.00	03.9404	-0.5001	-001.0190
Discharging:	01860.00	03.9382	-0.5002	-001.0354
Discharging:	01890.00	03.9360	-0.5002	-001.0518
Discharging:	01920.00	03.9337	-0.5002	-001.0682
Discharging:	01950.00	03.9316	-0.5002	-001.0846
Discharging:	01980.00	03.9294	-0.5002	-001.1010
Discharging:	02010.00	03.9272	-0.5001	-001.1173
Discharging:	02040.00	03.9249	-0.5002	-001.1337
Discharging:	02070.00	03.9228	-0.5002	-001.1500
Discharging:	02100.00	03.9205	-0.5002	-001.1664
Discharging:	02130.00	03.9183	-0.5002	-001.1827
Discharging:	02160.00	03.9161	-0.5002	-001.1990
Discharging:	02190.00	03.9139	-0.5002	-001.2153
Discharging:	02220.00	03.9118	-0.5002	-001.2317
Discharging:	02250.00	03.9096	-0.5002	-001.2479
Discharging:	02280.00	03.9075	-0.5002	-001.2642
Discharging:	02310.00	03.9055	-0.5002	-001.2805
Discharging:	02340.00	03.9034	-0.5001	-001.2968
Discharging:	02370.00	03.9014	-0.5002	-001.3130
Discharging:	02400.00	03.8994	-0.5002	-001.3293
Discharging:	02430.00	03.8975	-0.5002	-001.3455
Discharging:	02460.00	03.8956	-0.5002	-001.3618
Discharging:	02490.00	03.8938	-0.5002	-001.3780
Discharging:	02520.00	03.8920	-0.5001	-001.3942
Discharging:	02550.00	03.8902	-0.5002	-001.4104
Discharging:	02580.00	03.8883	-0.5002	-001.4267
Discharging:	02610.00	03.8866	-0.5002	-001.4429
Discharging:	02640.00	03.8849	-0.5002	-001.4590
Discharging:	02670.00	03.8832	-0.5001	-001.4752
Discharging:	02700.00	03.8815	-0.5002	-001.4914
Discharging:	02730.00	03.8798	-0.5002	-001.5076
Discharging:	02760.00	03.8782	-0.5001	-001.5237
Discharging:	02790.00	03.8765	-0.5002	-001.5399
Discharging:	02820.00	03.8750	-0.5002	-001.5561
Discharging:	02850.00	03.8734	-0.5002	-001.5722
Discharging:	02880.00	03.8717	-0.5002	-001.5883
Discharging:	02910.00	03.8702	-0.5002	-001.6045
Discharging:	02940.00	03.8686	-0.5002	-001.6206
Discharging:	02970.00	03.8671	-0.5002	-001.6367
Discharging:	03000.00	03.8656	-0.5002	-001.6528
Discharging:	03030.00	03.8640	-0.5001	-001.6689
Discharging:	03060.00	03.8625	-0.5002	-001.6850
Discharging:	03090.00	03.8610	-0.5002	-001.7011
Discharging:	03120.00	03.8596	-0.5002	-001.7172
Discharging:	03150.00	03.8581	-0.5002	-001.7333
Discharging:	03180.00	03.8566	-0.5002	-001.7494
Discharging:	03210.00	03.8551	-0.5001	-001.7654
Discharging:	03240.00	03.8537	-0.5002	-001.7815
Discharging:	03270.00	03.8523	-0.5002	-001.7975
Discharging:	03300.00	03.8508	-0.5002	-001.8136
Discharging:	03330.00	03.8495	-0.5002	-001.8296
Discharging:	03360.00	03.8481	-0.5002	-001.8457
Discharging:	03390.00	03.8467	-0.5002	-001.8617
Discharging:	03420.00	03.8453	-0.5002	-001.8777
Discharging:	03450.00	03.8440	-0.5002	-001.8938
Discharging:	03480.00	03.8426	-0.5002	-001.9098
Discharging:	03510.00	03.8412	-0.5002	-001.9258
Discharging:	03540.00	03.8399	-0.5002	-001.9418
Discharging:	03570.00	03.8386	-0.5002	-001.9578
Discharging:	03600.00	03.8372	-0.5002	-001.9738
Discharging:	03630.00	03.8358	-0.5002	-001.9898
Discharging:	03660.00	03.8345	-0.5002	-002.0058
Discharging:	03690.00	03.8332	-0.5002	-002.0217
Discharging:	03720.00	03.8319	-0.5002	-002.0377
Discharging:	03750.00	03.8307	-0.5002	-002.0537
Discharging:	03780.00	03.8294	-0.5001	-002.0696
Discharging:	03810.00	03.8280	-0.5002	-002.0856
Discharging:	03840.00	03.8267	-0.5002	-002.1015
Discharging:	03870.00	03.8254	-0.5002	-002.1175
Discharging:	03900.00	03.8242	-0.5002	-002.1334
Discharging:	03930.00	03.8229	-0.5002	-002.1494
Discharging:	03960.00	03.8217	-0.5002	-002.1653
Discharging:	03990.00	03.8204	-0.5002	-002.1812
Discharging:	04020.00	03.8192	-0.5002	-002.1971
Discharging:	04050.00	03.8179	-0.5002	-002.2131
Discharging:	04080.00	03.8167	-0.5002	-002.2290
Discharging:	04110.00	03.8154	-0.5002	-002.2449
Discharging:	04140.00	03.8142	-0.5002	-002.2608
Discharging:	04170.00	03.8130	-0.5002	-002.2767
Discharging:	04200.00	03.8117	-0.5002	-002.2925
Discharging:	04230.00	03.8105	-0.5002	-002.3084
Discharging:	04260.00	03.8093	-0.5002	-002.3243
Discharging:	04290.00	03.8081	-0.5002	-002.3402
Discharging:	04320.00	03.8068	-0.5002	-002.3560
Discharging:	04350.00	03.8056	-0.5002	-002.3719
Discharging:	04380.00	03.8044	-0.5002	-002.3878
Discharging:	04410.00	03.8032	-0.5002	-002.4036
Discharging:	04440.00	03.8019	-0.5002	-002.4195
Discharging:	04470.00	03.8007	-0.5002	-002.4353
Discharging:	04500.00	03.7995	-0.5002	-002.4511
Discharging:	04530.00	03.7983	-0.5002	-002.4670
Discharging:	04560.00	03.7971	-0.5002	-002.4828
Discharging:	04590.00	03.7959	-0.5002	-002.4986
Discharging:	04620.00	03.7947	-0.5002	-002.5144
Discharging:	04650.00	03.7935	-0.5002	-002.5302
Discharging:	04680.00	03.7923	-0.5002	-002.5461
Discharging:	04710.00	03.7911	-0.5002	-002.5619
Discharging:	04740.00	03.7899	-0.5002	-002.5777
Discharging:	04770.00	03.7887	-0.5002	-002.5934
Discharging:	04800.00	03.7875	-0.5002	-002.6092
Discharging:	04830.00	03.7862	-0.5002	-002.6250
Discharging:	04860.00	03.7850	-0.5002	-002.6408
Discharging:	04890.00	03.7838	-0.5002	-002.6566
Discharging:	04920.00	03.7826	-0.5002	-002.6723
Discharging:	04950.00	03.7814	-0.5002	-002.6881
Discharging:	04980.00	03.7802	-0.5002	-002.7038
Discharging:	05010.00	03.7789	-0.5002	-002.7196
Discharging:	05040.00	03.7777	-0.5002	-002.7353
Discharging:	05070.00	03.7765	-0.5002	-002.7511
Discharging:	05100.00	03.7753	-0.5002	-002.7668
Discharging:	05130.00	03.7740	-0.5002	-002.7826
Discharging:	05160.00	03.7728	-0.5002	-002.7983
Discharging:	05190.00	03.7716	-0.5002	-002.8140
Discharging:	05220.00	03.7704	-0.5002	-002.8297
Discharging:	05250.00	03.7691	-0.5002	-002.8454
Discharging:	05280.00	03.7679	-0.5002	-002.8611
Discharging:	05310.00	03.7668	-0.5002	-002.8768
Discharging:	05340.00	03.7655	-0.5002	-002.8925
Discharging:	05370.00	03.7643	-0.5002	-002.9082
Discharging:	05400.00	03.7630	-0.5002	-002.9239
Discharging:	05430.00	03.7619	-0.5002	-002.9396
Discharging:	05460.00	03.7607	-0.5002	-002.9553
Discharging:	05490.00	03.7594	-0.5002	-002.9709
Discharging:	05520.00	03.7582	-0.5002	-002.9866
Discharging:	05550.00	03.7569	-0.5002	-003.0023
Discharging:	05580.00	03.7557	-0.5002	-003.0179
Discharging:	05610.00	03.7545	-0.5002	-003.0336
Discharging:	05640.00	03.7532	-0.5002	-003.0492
Discharging:	05670.00	03.7519	-0.5002	-003.0648
Discharging:	05700.00	03.7507	-0.5002	-003.0805
Discharging:	05730.00	03.7494	-0.5002	-003.0961
Discharging:	05760.00	03.7482	-0.5002	-003.1117
Discharging:	05790.00	03.7470	-0.5002	-003.1273
Discharging:	05820.00	03.7457	-0.5002	-003.1430
Discharging:	05850.00	03.7444	-0.5002	-003.1586
Discharging:	05880.00	03.7431	-0.5002	-003.1742
Discharging:	05910.00	03.7418	-0.5002	-003.1898
Discharging:	05940.00	03.7406	-0.5002	-003.2054
Discharging:	05970.00	03.7393	-0.5002	-003.2209
Discharging:	06000.00	03.7381	-0.5002	-003.2365
Discharging:	06030.00	03.7368	-0.5002	-003.2521
Discharging:	06060.00	03.7355	-0.5002	-003.2677
Discharging:	06090.00	03.7342	-0.5002	-003.2832
Discharging:	06120.00	03.7330	-0.5002	-003.2988
Discharging:	06150.00	03.7316	-0.5002	-003.3143
Discharging:	06180.00	03.7304	-0.5002	-003.3299
Discharging:	06210.00	03.7291	-0.5002	-003.3454
Discharging:	06240.00	03.7278	-0.5002	-003.3610
Discharging:	06270.00	03.7265	-0.5002	-003.3765
Discharging:	06300.00	03.7253	-0.5002	-003.3920
Discharging:	06330.00	03.7241	-0.5002	-003.4076
Discharging:	06360.00	03.7228	-0.5002	-003.4231
Discharging:	06390.00	03.7215	-0.5002	-003.4386
Discharging:	06420.00	03.7201	-0.5002	-003.4541
Discharging:	06450.00	03.7188	-0.5002	-003.4696
Discharging:	06480.00	03.7175	-0.5002	-003.4851
Discharging:	06510.00	03.7162	-0.5002	-003.5006
Discharging:	06540.00	03.7148	-0.5002	-003.5161
Discharging:	06570.00	03.7135	-0.5002	-003.5315
Discharging:	06600.00	03.7122	-0.5002	-003.5470
Discharging:	06630.00	03.7109	-0.5002	-003.5625
Discharging:	06660.00	03.7096	-0.5002	-003.5779
Discharging:	06690.00	03.7083	-0.5002	-003.5934
Discharging:	06720.00	03.7071	-0.5002	-003.6089
Discharging:	06750.00	03.7057	-0.5002	-003.6243
Discharging:	06780.00	03.7045	-0.5002	-003.6397
Discharging:	06810.00	03.7031	-0.5002	-003.6552
Discharging:	06840.00	03.7018	-0.5002	-003.6706
Discharging:	06870.00	03.7005	-0.5002	-003.6860
Discharging:	06900.00	03.6991	-0.5002	-003.7014
Discharging:	06930.00	03.6979	-0.5002	-003.7169
Discharging:	06960.00	03.6965	-0.5002	-003.7323
Discharging:	06990.00	03.6952	-0.5002	-003.7477
Discharging:	07020.00	03.6939	-0.5002	-003.7631
Discharging:	07050.00	03.6926	-0.5002	-003.7785
Discharging:	07080.00	03.6913	-0.5002	-003.7938
Discharging:	07110.00	03.6900	-0.5002	-003.8092
Discharging:	07140.00	03.6887	-0.5002	-003.8246
Discharging:	07170.00	03.6874	-0.5002	-003.8400
Discharging:	07200.00	03.6860	-0.5002	-003.8553
Discharging:	07230.00	03.6847	-0.5002	-003.8707
Discharging:	07260.00	03.6835	-0.5002	-003.8860
Discharging:	07290.00	03.6822	-0.5002	-003.9014
Discharging:	07320.00	03.6809	-0.5002	-003.9167
Discharging:	07350.00	03.6796	-0.5002	-003.9321
Discharging:	07380.00	03.6783	-0.5002	-003.9474
Discharging:	07410.00	03.6770	-0.5002	-003.9627
Discharging:	07440.00	03.6757	-0.5002	-003.9781
Discharging:	07470.00	03.6744	-0.5002	-003.9934
Discharging:	07500.00	03.6730	-0.5002	-004.0087
Discharging:	07530.00	03.6717	-0.5002	-004.0240
Discharging:	07560.00	03.6704	-0.5002	-004.0393
Discharging:	07590.00	03.6691	-0.5002	-004.0546
Discharging:	07620.00	03.6678	-0.5002	-004.0699
Discharging:	07650.00	03.6665	-0.5002	-004.0851
Discharging:	07680.00	03.6652	-0.5002	-004.1004
Discharging:	07710.00	03.6639	-0.5002	-004.1157
Discharging:	07740.00	03.6626	-0.5002	-004.1310
Discharging:	07770.00	03.6613	-0.5002	-004.1462
Discharging:	07800.00	03.6600	-0.5002	-004.1615
Discharging:	07830.00	03.6587	-0.5002	-004.1767
Discharging:	07860.00	03.6575	-0.5002	-004.1920
Discharging:	07890.00	03.6562	-0.5002	-004.2072
Discharging:	07920.00	03.6549	-0.5002	-004.2224
Discharging:	07950.00	03.6536	-0.5002	-004.2377
Discharging:	07980.00	03.6523	-0.5002	-004.2529
Discharging:	08010.00	03.6510	-0.5002	-004.2681
Discharging:	08040.00	03.6497	-0.5002	-004.2833
Discharging:	08070.00	03.6484	-0.5002	-004.2985
Discharging:	08100.00	03.6471	-0.5002	-004.3137
Discharging:	08130.00	03.6459	-0.5002	-004.3289
Discharging:	08160.00	03.6447	-0.5002	-004.3441
Discharging:	08190.00	03.6434	-0.5002	-004.3593
Discharging:	08220.00	03.6422	-0.5002	-004.3745
Discharging:	08250.00	03.6409	-0.5002	-004.3897
Discharging:	08280.00	03.6396	-0.5002	-004.4048
Discharging:	08310.00	03.6383	-0.5002	-004.4200
Discharging:	08340.00	03.6371	-0.5002	-004.4352
Discharging:	08370.00	03.6358	-0.5002	-004.4503
Discharging:	08400.00	03.6346	-0.5002	-004.4655
Discharging:	08430.00	03.6333	-0.5002	-004.4806
Discharging:	08460.00	03.6321	-0.5002	-004.4958
Discharging:	08490.00	03.6309	-0.5002	-004.5109
Discharging:	08520.00	03.6296	-0.5002	-004.5260
Discharging:	08550.00	03.6283	-0.5002	-004.5411
Discharging:	08580.00	03.6271	-0.5002	-004.5563
Discharging:	08610.00	03.6259	-0.5002	-004.5714
Discharging:	08640.00	03.6247	-0.5002	-004.5865
Discharging:	08670.00	03.6233	-0.5002	-004.6016
Discharging:	08700.00	03.6222	-0.5002	-004.6167
Discharging:	08730.00	03.6210	-0.5002	-004.6318
Discharging:	08760.00	03.6198	-0.5002	-004.6469
Discharging:	08790.00	03.6185	-0.5002	-004.6620
Discharging:	08820.00	03.6173	-0.5002	-004.6770
Discharging:	08850.00	03.6161	-0.5002	-004.6921
Discharging:	08880.00	03.6149	-0.5002	-004.7072
Discharging:	08910.00	03.6136	-0.5002	-004.7222
Discharging:	08940.00	03.6124	-0.5002	-004.7373
Discharging:	08970.00	03.6113	-0.5002	-004.7523
Discharging:	09000.00	03.6100	-0.5002	-004.7674
Discharging:	09030.00	03.6088	-0.5002	-004.7824
Discharging:	09060.00	03.6076	-0.5002	-004.7975
Discharging:	09090.00	03.6064	-0.5002	-004.8125
Discharging:	09120.00	03.6052	-0.5002	-004.8275
Discharging:	09150.00	03.6040	-0.5002	-004.8425
Discharging:	09180.00	03.6028	-0.5002	-004.8576
Discharging:	09210.00	03.6016	-0.5002	-004.8726
Discharging:	09240.00	03.6006	-0.5002	-004.8876
Discharging:	09270.00	03.5993	-0.5002	-004.9026
Discharging:	09300.00	03.5982	-0.5002	-004.9176
Discharging:	09330.00	03.5970	-0.5002	-004.9326
Discharging:	09360.00	03.5958	-0.5002	-004.9476
Discharging:	09390.00	03.5946	-0.5002	-004.9626
Discharging:	09420.00	03.5934	-0.5002	-004.9775
Discharging:	09450.00	03.5923	-0.5002	-004.9925
Discharging:	09480.00	03.5911	-0.5002	-005.0075
Discharging:	09510.00	03.5900	-0.5002	-005.0224
Discharging:	09540.00	03.5887	-0.5002	-005.0374
Discharging:	09570.00	03.5876	-0.5002	-005.0523
Discharging:	09600.00	03.5864	-0.5002	-005.0673
Discharging:	09630.00	03.5852	-0.5002	-005.0822
Discharging:	09660.00	03.5841	-0.5002	-005.0972
Discharging:	09690.00	03.5829	-0.5002	-005.1121
Discharging:	09720.00	03.5817	-0.5002	-005.1270
Discharging:	09750.00	03.5806	-0.5002	-005.1420
Discharging:	09780.00	03.5795	-0.5002	-005.1569
Discharging:	09810.00	03.5783	-0.5002	-005.1718
Discharging:	09840.00	03.5772	-0.5002	-005.1867
Discharging:	09870.00	03.5760	-0.5002	-005.2016
Discharging:	09900.00	03.5749	-0.5002	-005.2165
Discharging:	09930.00	03.5738	-0.5002	-005.2314
Discharging:	09960.00	03.5726	-0.5002	-005.2463
Discharging:	09990.00	03.5715	-0.5002	-005.2612
Discharging:	10020.00	03.5703	-0.5002	-005.2761
Discharging:	10050.00	03.5692	-0.5002	-005.2910
Discharging:	10080.00	03.5680	-0.5002	-005.3058
Discharging:	10110.00	03.5668	-0.5002	-005.3207
Discharging:	10140.00	03.5657	-0.5002	-005.3356
Discharging:	10170.00	03.5646	-0.5002	-005.3504
Discharging:	10200.00	03.5634	-0.5002	-005.3653
Discharging:	10230.00	03.5623	-0.5002	-005.3801
Discharging:	10260.00	03.5611	-0.5002	-005.3950
Discharging:	10290.00	03.5600	-0.5002	-005.4098
Discharging:	10320.00	03.5589	-0.5002	-005.4246
Discharging:	10350.00	03.5577	-0.5002	-005.4395
Discharging:	10380.00	03.5565	-0.5002	-005.4543
Discharging:	10410.00	03.5553	-0.5002	-005.4691
Discharging:	10440.00	03.5542	-0.5002	-005.4839
Discharging:	10470.00	03.5530	-0.5002	-005.4987
Discharging:	10500.00	03.5518	-0.5002	-005.5135
Discharging:	10530.00	03.5507	-0.5002	-005.5283
Discharging:	10560.00	03.5495	-0.5002	-005.5431
Discharging:	10590.00	03.5484	-0.5002	-005.5579
Discharging:	10620.00	03.5472	-0.5002	-005.5727
Discharging:	10650.00	03.5460	-0.5002	-005.5875
Discharging:	10680.00	03.5448	-0.5002	-005.6023
Discharging:	10710.00	03.5436	-0.5002	-005.6170
Discharging:	10740.00	03.5424	-0.5002	-005.6318
Discharging:	10770.00	03.5412	-0.5002	-005.6466
Discharging:	10800.00	03.5400	-0.5002	-005.6613
Discharging:	10830.00	03.5389	-0.5002	-005.6761
Discharging:	10860.00	03.5376	-0.5002	-005.6908
Discharging:	10890.00	03.5364	-0.5002	-005.7055
Discharging:	10920.00	03.5352	-0.5002	-005.7203
Discharging:	10950.00	03.5340	-0.5002	-005.7350
Discharging:	10980.00	03.5327	-0.5002	-005.7497
Discharging:	11010.00	03.5315	-0.5002	-005.7645
Discharging:	11040.00	03.5303	-0.5002	-005.7792
Discharging:	11070.00	03.5290	-0.5002	-005.7939
Discharging:	11100.00	03.5277	-0.5002	-005.8086
Discharging:	11130.00	03.5265	-0.5002	-005.8233
Discharging:	11160.00	03.5252	-0.5002	-005.8380
Discharging:	11190.00	03.5239	-0.5002	-005.8527
Discharging:	11220.00	03.5227	-0.5002	-005.8674
Discharging:	11250.00	03.5214	-0.5002	-005.8820
Discharging:	11280.00	03.5201	-0.5002	-005.8967
Discharging:	11310.00	03.5188	-0.5002	-005.9114
Discharging:	11340.00	03.5176	-0.5002	-005.9260
Discharging:	11370.00	03.5163	-0.5002	-005.9407
Discharging:	11400.00	03.5150	-0.5002	-005.9553
Discharging:	11430.00	03.5137	-0.5002	-005.9700
Discharging:	11460.00	03.5124	-0.5002	-005.9846
Discharging:	11490.00	03.5110	-0.5002	-005.9993
Discharging:	11520.00	03.5097	-0.5002	-006.0139
Discharging:	11550.00	03.5084	-0.5002	-006.0285
Discharging:	11580.00	03.5070	-0.5002	-006.0431
Discharging:	11610.00	03.5057	-0.5002	-006.0577
Discharging:	11640.00	03.5043	-0.5002	-006.0723
Discharging:	11670.00	03.5029	-0.5002	-006.0869
Discharging:	11700.00	03.5016	-0.5002	-006.1015
Discharging:	11730.00	03.5002	-0.5002	-006.1161
Discharging:	11760.00	03.4988	-0.5002	-006.1307
Discharging:	11790.00	03.4975	-0.5002	-006.1453
Discharging:	11820.00	03.4961	-0.5002	-006.1599
Discharging:	11850.00	03.4947	-0.5002	-006.1744
Discharging:	11880.00	03.4933	-0.5002	-006.1890
Discharging:	11910.00	03.4919	-0.5002	-006.2036
Discharging:	11940.00	03.4904	-0.5002	-006.2181
Discharging:	11970.00	03.4890	-0.5002	-006.2326
Discharging:	12000.00	03.4876	-0.5002	-006.2472
Discharging:	12030.00	03.4861	-0.5002	-006.2617
Discharging:	12060.00	03.4847	-0.5002	-006.2762
Discharging:	12090.00	03.4832	-0.5002	-006.2908
Discharging:	12120.00	03.4818	-0.5002	-006.3053
Discharging:	12150.00	03.4804	-0.5002	-006.3198
Discharging:	12180.00	03.4789	-0.5002	-006.3343
Discharging:	12210.00	03.4775	-0.5002	-006.3488
Discharging:	12240.00	03.4761	-0.5002	-006.3633
Discharging:	12270.00	03.4745	-0.5002	-006.3777
Discharging:	12300.00	03.4731	-0.5002	-006.3922
Discharging:	12330.00	03.4717	-0.5002	-006.4067
Discharging:	12360.00	03.4703	-0.5002	-006.4212
Discharging:	12390.00	03.4688	-0.5002	-006.4356
Discharging:	12420.00	03.4673	-0.5002	-006.4501
Discharging:	12450.00	03.4659	-0.5002	-006.4645
Discharging:	12480.00	03.4644	-0.5002	-006.4789
Discharging:	12510.00	03.4629	-0.5002	-006.4934
Discharging:	12540.00	03.4615	-0.5002	-006.5078
Discharging:	12570.00	03.4600	-0.5002	-006.5222
Discharging:	12600.00	03.4586	-0.5002	-006.5367
Discharging:	12630.00	03.4571	-0.5002	-006.5511
Discharging:	12660.00	03.4557	-0.5002	-006.5655
Discharging:	12690.00	03.4542	-0.5002	-006.5799
Discharging:	12720.00	03.4527	-0.5002	-006.5943
Discharging:	12750.00	03.4512	-0.5002	-006.6086
Discharging:	12780.00	03.4497	-0.5002	-006.6230
Discharging:	12810.00	03.4483	-0.5002	-006.6374
Discharging:	12840.00	03.4467	-0.5002	-006.6518
Discharging:	12870.00	03.4452	-0.5002	-006.6661
Discharging:	12900.00	03.4437	-0.5002	-006.6805
Discharging:	12930.00	03.4421	-0.5002	-006.6948
Discharging:	12960.00	03.4406	-0.5002	-006.7092
Discharging:	12990.00	03.4391	-0.5002	-006.7235
Discharging:	13020.00	03.4375	-0.5002	-006.7378
Discharging:	13050.00	03.4359	-0.5002	-006.7521
Discharging:	13080.00	03.4345	-0.5002	-006.7665
Discharging:	13110.00	03.4328	-0.5002	-006.7808
Discharging:	13140.00	03.4312	-0.5002	-006.7951
Discharging:	13170.00	03.4296	-0.5002	-006.8094
Discharging:	13200.00	03.4279	-0.5002	-006.8237
Discharging:	13230.00	03.4262	-0.5002	-006.8379
Discharging:	13260.00	03.4245	-0.5002	-006.8522
Discharging:	13290.00	03.4228	-0.5002	-006.8665
Discharging:	13320.00	03.4210	-0.5002	-006.8807
Discharging:	13350.00	03.4193	-0.5002	-006.8950
Discharging:	13380.00	03.4174	-0.5002	-006.9092
Discharging:	13410.00	03.4156	-0.5002	-006.9235
Discharging:	13440.00	03.4137	-0.5002	-006.9377
Discharging:	13470.00	03.4118	-0.5002	-006.9519
Discharging:	13500.00	03.4099	-0.5002	-006.9661
Discharging:	13530.00	03.4078	-0.5002	-006.9803
Discharging:	13560.00	03.4057	-0.5002	-006.9945
Discharging:	13590.00	03.4036	-0.5002	-007.0087
Discharging:	13620.00	03.4014	-0.5002	-007.0229
Discharging:	13650.00	03.3992	-0.5002	-007.0371
Discharging:	13680.00	03.3967	-0.5002	-007.0512
Discharging:	13710.00	03.3943	-0.5002	-007.0654
Discharging:	13740.00	03.3918	-0.5002	-007.0795
Discharging:	13770.00	03.3893	-0.5002	-007.0936
Discharging:	13800.00	03.3866	-0.5002	-007.1078
Discharging:	13830.00	03.3838	-0.5002	-007.1219
Discharging:	13860.00	03.3809	-0.5002	-007.1360
Discharging:	13890.00	03.3779	-0.5002	-007.1500
Discharging:	13920.00	03.3748	-0.5002	-007.1641
Discharging:	13950.00	03.3717	-0.5002	-007.1782
Discharging:	13980.00	03.3684	-0.5002	-007.1922
Discharging:	14010.00	03.3649	-0.5002	-007.2062
Discharging:	14040.00	03.3613	-0.5002	-007.2202
Discharging:	14070.00	03.3577	-0.5002	-007.2342
Discharging:	14100.00	03.3538	-0.5002	-007.2482
Discharging:	14130.00	03.3500	-0.5002	-007.2622
Discharging:	14160.00	03.3460	-0.5002	-007.2761
Discharging:	14190.00	03.3417	-0.5002	-007.2900
Discharging:	14220.00	03.3374	-0.5002	-007.3040
Discharging:	14250.00	03.3329	-0.5002	-007.3178
Discharging:	14280.00	03.3283	-0.5002	-007.3317
Discharging:	14310.00	03.3237	-0.5002	-007.3456
Discharging:	14340.00	03.3187	-0.5002	-007.3594
Discharging:	14370.00	03.3136	-0.5002	-007.3732
Discharging:	14400.00	03.3084	-0.5002	-007.3870
Discharging:	14430.00	03.3030	-0.5002	-007.4008
Discharging:	14460.00	03.2975	-0.5002	-007.4145
Discharging:	14490.00	03.2917	-0.5002	-007.4282
Discharging:	14520.00	03.2858	-0.5002	-007.4419
Discharging:	14550.00	03.2798	-0.5002	-007.4556
Discharging:	14580.00	03.2734	-0.5002	-007.4693
Discharging:	14610.00	03.2670	-0.5002	-007.4829
Discharging:	14640.00	03.2603	-0.5002	-007.4965
Discharging:	14670.00	03.2534	-0.5002	-007.5100
Discharging:	14700.00	03.2463	-0.5002	-007.5236
Discharging:	14730.00	03.2390	-0.5002	-007.5371
Discharging:	14760.00	03.2315	-0.5002	-007.5505
Discharging:	14790.00	03.2240	-0.5002	-007.5640
Discharging:	14820.00	03.2161	-0.5002	-007.5774
Discharging:	14850.00	03.2081	-0.5002	-007.5907
Discharging:	14880.00	03.1997	-0.5002	-007.6041
Discharging:	14910.00	03.1912	-0.5002	-007.6174
Discharging:	14940.00	03.1825	-0.5002	-007.6306
Discharging:	14970.00	03.1734	-0.5002	-007.6439
Discharging:	15000.00	03.1642	-0.5002	-007.6571
Discharging:	15030.00	03.1547	-0.5002	-007.6702
Discharging:	15060.00	03.1450	-0.5002	-007.6833
Discharging:	15090.00	03.1349	-0.5002	-007.6964
Discharging:	15120.00	03.1246	-0.5002	-007.7094
Discharging:	15150.00	03.1139	-0.5002	-007.7224
Discharging:	15180.00	03.1031	-0.5002	-007.7353
Discharging:	15210.00	03.0917	-0.5002	-007.7482
Discharging:	15240.00	03.0802	-0.5002	-007.7610
Discharging:	15270.00	03.0680	-0.5002	-007.7738
Discharging:	15300.00	03.0558	-0.5002	-007.7866
Discharging:	15330.00	03.0431	-0.5002	-007.7993
Discharging:	15360.00	03.0300	-0.5002	-007.8119
Discharging:	15390.00	03.0165	-0.5002	-007.8245
Discharging:	15420.00	03.0024	-0.5002	-007.8370
Discharging:	15450.00	02.9879	-0.5002	-007.8494
Recharging:	00030.00	03.0231	00.5007	0000.0126
Recharging:	00060.00	03.1157	00.5004	0000.0256
Recharging:	00090.00	03.1497	00.5004	0000.0387
Recharging:	00120.00	03.1758	00.5004	0000.0520
Recharging:	00150.00	03.1980	00.5004	0000.0653
Recharging:	00180.00	03.2176	00.5004	0000.0787
Recharging:	00210.00	03.2352	00.5004	0000.0922
Recharging:	00240.00	03.2517	00.5004	0000.1058
Recharging:	00270.00	03.2670	00.5004	0000.1194
Recharging:	00300.00	03.2811	00.5004	0000.1331
Recharging:	00330.00	03.2944	00.5004	0000.1468
Recharging:	00360.00	03.3069	00.5004	0000.1606
Recharging:	00390.00	03.3186	00.5004	0000.1745
Recharging:	00420.00	03.3299	00.5004	0000.1884
Recharging:	00450.00	03.3405	00.5004	0000.2023
Recharging:	00480.00	03.3507	00.5004	0000.2163
Recharging:	00510.00	03.3602	00.5004	0000.2303
Recharging:	00540.00	03.3695	00.5004	0000.2443
Recharging:	00570.00	03.3782	00.5004	0000.2584
Recharging:	00600.00	03.3866	00.5004	0000.2725
Recharging:	00630.00	03.3946	00.5004	0000.2867
Recharging:	00660.00	03.4022	00.5005	0000.3009
Recharging:	00690.00	03.4095	00.5004	0000.3151
Recharging:	00720.00	03.4163	00.5004	0000.3293
Recharging:	00750.00	03.4230	00.5004	0000.3436
Recharging:	00780.00	03.4294	00.5004	0000.3579
Recharging:	00810.00	03.4355	00.5004	0000.3722
Recharging:	00840.00	03.4411	00.5004	0000.3866
Recharging:	00870.00	03.4466	00.5004	0000.4010
Recharging:	00900.00	03.4517	00.5004	0000.4154
Recharging:	00930.00	03.4566	00.5004	0000.4298
Recharging:	00960.00	03.4611	00.5004	0000.4442
Recharging:	00990.00	03.4653	00.5004	0000.4587
Recharging:	01020.00	03.4693	00.5004	0000.4731
Recharging:	01050.00	03.4729	00.5004	0000.4876
Recharging:	01080.00	03.4764	00.5004	0000.5021
Recharging:	01110.00	03.4796	00.5004	0000.5166
Recharging:	01140.00	03.4825	00.5005	0000.5311
Recharging:	01170.00	03.4852	00.5004	0000.5457
Recharging:	01200.00	03.4878	00.5004	0000.5602
Recharging:	01230.00	03.4903	00.5004	0000.5748
Recharging:	01260.00	03.4926	00.5004	0000.5893
Recharging:	01290.00	03.4948	00.5004	0000.6039
Recharging:	01320.00	03.4969	00.5004	0000.6185
Recharging:	01350.00	03.4987	00.5004	0000.6331
Recharging:	01380.00	03.5007	00.5004	0000.6477
Recharging:	01410.00	03.5025	00.5004	0000.6623
Recharging:	01440.00	03.5042	00.5004	0000.6769
Recharging:	01470.00	03.5059	00.5004	0000.6915
Recharging:	01500.00	03.5076	00.5004	0000.7062
Recharging:	01530.00	03.5092	00.5004	0000.7208
Recharging:	01560.00	03.5107	00.5004	0000.7354
Recharging:	01590.00	03.5123	00.5004	0000.7501
Recharging:	01620.00	03.5137	00.5005	0000.7647
Recharging:	01650.00	03.5152	00.5004	0000.7794
Recharging:	01680.00	03.5166	00.5004	0000.7941
Recharging:	01710.00	03.5180	00.5004	0000.8087
Recharging:	01740.00	03.5193	00.5004	0000.8234
Recharging:	01770.00	03.5207	00.5004	0000.8381
Recharging:	01800.00	03.5220	00.5004	0000.8528
Recharging:	01830.00	03.5234	00.5004	0000.8675
Recharging:	01860.00	03.5248	00.5004	0000.8822
Recharging:	01890.00	03.5261	00.5004	0000.8969
Recharging:	01920.00	03.5275	00.5004	0000.9116
Recharging:	01950.00	03.5289	00.5005	0000.9263
Recharging:	01980.00	03.5302	00.5004	0000.9410
Recharging:	02010.00	03.5315	00.5004	0000.9557
Recharging:	02040.00	03.5329	00.5004	0000.9705
Recharging:	02070.00	03.5342	00.5004	0000.9852
Recharging:	02100.00	03.5355	00.5004	0001.0000
Recharging:	02130.00	03.5369	00.5004	0001.0147
Recharging:	02160.00	03.5382	00.5004	0001.0295
Recharging:	02190.00	03.5395	00.5005	0001.0442
Recharging:	02220.00	03.5408	00.5005	0001.0590
Recharging:	02250.00	03.5422	00.5004	0001.0738
Recharging:	02280.00	03.5435	00.5005	0001.0886
Recharging:	02310.00	03.5448	00.5005	0001.1033
Recharging:	02340.00	03.5462	00.5004	0001.1181
Recharging:	02370.00	03.5476	00.5004	0001.1329
Recharging:	02400.00	03.5490	00.5004	0001.1477
Recharging:	02430.00	03.5503	00.5005	0001.1625
Recharging:	02460.00	03.5517	00.5004	0001.1773
Recharging:	02490.00	03.5530	00.5004	0001.1922
Recharging:	02520.00	03.5544	00.5004	0001.2070
Recharging:	02550.00	03.5558	00.5005	0001.2218
Recharging:	02580.00	03.5571	00.5005	0001.2366
Recharging:	02610.00	03.5585	00.5004	0001.2515
Recharging:	02640.00	03.5599	00.5005	0001.2663
Recharging:	02670.00	03.5612	00.5004	0001.2812
Recharging:	02700.00	03.5627	00.5005	0001.2960
Recharging:	02730.00	03.5640	00.5004	0001.3109
Recharging:	02760.00	03.5654	00.5005	0001.3258
Recharging:	02790.00	03.5667	00.5004	0001.3406
Recharging:	02820.00	03.5681	00.5005	0001.3555
Recharging:	02850.00	03.5696	00.5004	0001.3704
Recharging:	02880.00	03.5709	00.5005	0001.3853
Recharging:	02910.00	03.5723	00.5004	0001.4002
Recharging:	02940.00	03.5738	00.5005	0001.4151
Recharging:	02970.00	03.5752	00.5005	0001.4300
Recharging:	03000.00	03.5765	00.5005	0001.4449
Recharging:	03030.00	03.5779	00.5005	0001.4599
Recharging:	03060.00	03.5793	00.5004	0001.4748
Recharging:	03090.00	03.5807	00.5005	0001.4897
Recharging:	03120.00	03.5821	00.5004	0001.5047
Recharging:	03150.00	03.5835	00.5004	0001.5196
Recharging:	03180.00	03.5849	00.5004	0001.5345
Recharging:	03210.00	03.5863	00.5004	0001.5495
Recharging:	03240.00	03.5877	00.5004	0001.5645
Recharging:	03270.00	03.5891	00.5004	0001.5794
Recharging:	03300.00	03.5906	00.5004	0001.5944
Recharging:	03330.00	03.5919	00.5004	0001.6094
Recharging:	03360.00	03.5933	00.5005	0001.6244
Recharging:	03390.00	03.5948	00.5005	0001.6394
Recharging:	03420.00	03.5961	00.5005	0001.6544
Recharging:	03450.00	03.5975	00.5004	0001.6694
Recharging:	03480.00	03.5989	00.5005	0001.6844
Recharging:	03510.00	03.6003	00.5004	0001.6994
Recharging:	03540.00	03.6016	00.5004	0001.7144
Recharging:	03570.00	03.6030	00.5005	0001.7294
Recharging:	03600.00	03.6043	00.5005	0001.7445
Recharging:	03630.00	03.6058	00.5005	0001.7595
Recharging:	03660.00	03.6071	00.5005	0001.7745
Recharging:	03690.00	03.6085	00.5005	0001.7896
Recharging:	03720.00	03.6099	00.5005	0001.8047
Recharging:	03750.00	03.6113	00.5005	0001.8197
Recharging:	03780.00	03.6126	00.5004	0001.8348
Recharging:	03810.00	03.6140	00.5004	0001.8499
Recharging:	03840.00	03.6153	00.5005	0001.8649
Recharging:	03870.00	03.6168	00.5004	0001.8800
Recharging:	03900.00	03.6180	00.5005	0001.8951
Recharging:	03930.00	03.6194	00.5005	0001.9102
Recharging:	03960.00	03.6208	00.5005	0001.9253
Recharging:	03990.00	03.6221	00.5005	0001.9404
Recharging:	04020.00	03.6234	00.5005	0001.9555
Recharging:	04050.00	03.6248	00.5005	0001.9706
Recharging:	04080.00	03.6261	00.5005	0001.9858
Recharging:	04110.00	03.6275	00.5005	0002.0009
Recharging:	04140.00	03.6288	00.5005	0002.0160
Recharging:	04170.00	03.6302	00.5004	0002.0312
Recharging:	04200.00	03.6315	00.5004	0002.0463
Recharging:	04230.00	03.6329	00.5004	0002.0615
Recharging:	04260.00	03.6343	00.5005	0002.0766
Recharging:	04290.00	03.6356	00.5004	0002.0918
Recharging:	04320.00	03.6369	00.5005	0002.1069
Recharging:	04350.00	03.6383	00.5005	0002.1221
Recharging:	04380.00	03.6396	00.5004	0002.1373
Recharging:	04410.00	03.6409	00.5005	0002.1525
Recharging:	04440.00	03.6423	00.5005	0002.1677
Recharging:	04470.00	03.6436	00.5005	0002.1829
Recharging:	04500.00	03.6448	00.5005	0002.1981
Recharging:	04530.00	03.6462	00.5005	0002.2133
Recharging:	04560.00	03.6475	00.5004	0002.2285
Recharging:	04590.00	03.6488	00.5004	0002.2437
Recharging:	04620.00	03.6501	00.5004	0002.2589
Recharging:	04650.00	03.6513	00.5004	0002.2741
Recharging:	04680.00	03.6526	00.5005	0002.2894
Recharging:	04710.00	03.6540	00.5005	0002.3046
Recharging:	04740.00	03.6553	00.5005	0002.3199
Recharging:	04770.00	03.6565	00.5005	0002.3351
Recharging:	04800.00	03.6578	00.5005	0002.3504
Recharging:	04830.00	03.6591	00.5004	0002.3656
Recharging:	04860.00	03.6604	00.5005	0002.3809
Recharging:	04890.00	03.6617	00.5005	0002.3962
Recharging:	04920.00	03.6630	00.5005	0002.4114
Recharging:	04950.00	03.6643	00.5005	0002.4267
Recharging:	04980.00	03.6656	00.5005	0002.4420
Recharging:	05010.00	03.6669	00.5005	0002.4573
Recharging:	05040.00	03.6682	00.5005	0002.4726
Recharging:	05070.00	03.6694	00.5005	0002.4879
Recharging:	05100.00	03.6707	00.5004	0002.5032
Recharging:	05130.00	03.6721	00.5005	0002.5185
Recharging:	05160.00	03.6734	00.5005	0002.5338
Recharging:	05190.00	03.6747	00.5005	0002.5492
Recharging:	05220.00	03.6760	00.5004	0002.5645
Recharging:	05250.00	03.6773	00.5005	0002.5798
Recharging:	05280.00	03.6786	00.5004	0002.5952
Recharging:	05310.00	03.6799	00.5005	0002.6105
Recharging:	05340.00	03.6812	00.5004	0002.6259
Recharging:	05370.00	03.6825	00.5004	0002.6412
Recharging:	05400.00	03.6837	00.5005	0002.6566
Recharging:	05430.00	03.6850	00.5005	0002.6720
Recharging:	05460.00	03.6863	00.5005	0002.6873
Recharging:	05490.00	03.6875	00.5005	0002.7027
Recharging:	05520.00	03.6889	00.5005	0002.7181
Recharging:	05550.00	03.6901	00.5005	0002.7335
Recharging:	05580.00	03.6915	00.5004	0002.7489
Recharging:	05610.00	03.6928	00.5005	0002.7643
Recharging:	05640.00	03.6941	00.5005	0002.7797
Recharging:	05670.00	03.6954	00.5005	0002.7951
Recharging:	05700.00	03.6967	00.5005	0002.8105
Recharging:	05730.00	03.6980	00.5005	0002.8259
Recharging:	05760.00	03.6993	00.5005	0002.8414
Recharging:	05790.00	03.7006	00.5004	0002.8568
Recharging:	05820.00	03.7019	00.5005	0002.8722
Recharging:	05850.00	03.7031	00.5005	0002.8877
Recharging:	05880.00	03.7045	00.5004	0002.9031
Recharging:	05910.00	03.7058	00.5005	0002.9186
Recharging:	05940.00	03.7071	00.5004	0002.9341
Recharging:	05970.00	03.7085	00.5005	0002.9495
Recharging:	06000.00	03.7097	00.5004	0002.9650
Recharging:	06030.00	03.7111	00.5004	0002.9805
Recharging:	06060.00	03.7124	00.5005	0002.9959
Recharging:	06090.00	03.7137	00.5005	0003.0114
Recharging:	06120.00	03.7150	00.5005	0003.0269
Recharging:	06150.00	03.7164	00.5004	0003.0424
Recharging:	06180.00	03.7177	00.5005	0003.0579
Recharging:	06210.00	03.7190	00.5004	0003.0734
Recharging:	06240.00	03.7203	00.5005	0003.0890
Recharging:	06270.00	03.7218	00.5004	0003.1045
Recharging:	06300.00	03.7231	00.5004	0003.1200
Recharging:	06330.00	03.7245	00.5004	0003.1355
Recharging:	06360.00	03.7257	00.5004	0003.1511
Recharging:	06390.00	03.7270	00.5005	0003.1666
Recharging:	06420.00	03.7284	00.5004	0003.1822
Recharging:	06450.00	03.7297	00.5005	0003.1977
Recharging:	06480.00	03.7310	00.5004	0003.2133
Recharging:	06510.00	03.7324	00.5005	0003.2289
Recharging:	06540.00	03.7338	00.5005	0003.2444
Recharging:	06570.00	03.7351	00.5004	0003.2600
Recharging:	06600.00	03.7365	00.5005	0003.2756
Recharging:	06630.00	03.7379	00.5005	0003.2912
Recharging:	06660.00	03.7393	00.5004	0003.3068
Recharging:	06690.00	03.7406	00.5004	0003.3224
Recharging:	06720.00	03.7419	00.5004	0003.3380
Recharging:	06750.00	03.7433	00.5004	0003.3536
Recharging:	06780.00	03.7447	00.5005	0003.3692
Recharging:	06810.00	03.7461	00.5005	0003.3848
Recharging:	06840.00	03.7475	00.5005	0003.4005
Recharging:	06870.00	03.7489	00.5005	0003.4161
Recharging:	06900.00	03.7503	00.5004	0003.4317
Recharging:	06930.00	03.7517	00.5004	0003.4474
Recharging:	06960.00	03.7530	00.5004	0003.4630
Recharging:	06990.00	03.7544	00.5004	0003.4787
Recharging:	07020.00	03.7559	00.5005	0003.4943
Recharging:	07050.00	03.7573	00.5005	0003.5100
Recharging:	07080.00	03.7587	00.5004	0003.5257
Recharging:	07110.00	03.7601	00.5005	0003.5414
Recharging:	07140.00	03.7616	00.5005	0003.5571
Recharging:	07170.00	03.7630	00.5004	0003.5728
Recharging:	07200.00	03.7643	00.5005	0003.5885
Recharging:	07230.00	03.7658	00.5005	0003.6042
Recharging:	07260.00	03.7671	00.5004	0003.6199
Recharging:	07290.00	03.7686	00.5005	0003.6356
Recharging:	07320.00	03.7700	00.5004	0003.6513
Recharging:	07350.00	03.7714	00.5005	0003.6670
Recharging:	07380.00	03.7728	00.5005	0003.6828
Recharging:	07410.00	03.7743	00.5004	0003.6985
Recharging:	07440.00	03.7757	00.5005	0003.7143
Recharging:	07470.00	03.7771	00.5005	0003.7300
Recharging:	07500.00	03.7786	00.5005	0003.7458
Recharging:	07530.00	03.7800	00.5004	0003.7615
Recharging:	07560.00	03.7814	00.5005	0003.7773
Recharging:	07590.00	03.7829	00.5004	0003.7931
Recharging:	07620.00	03.7843	00.5004	0003.8089
Recharging:	07650.00	03.7858	00.5005	0003.8246
Recharging:	07680.00	03.7873	00.5005	0003.8404
Recharging:	07710.00	03.7887	00.5005	0003.8562
Recharging:	07740.00	03.7901	00.5004	0003.8721
Recharging:	07770.00	03.7916	00.5005	0003.8879
Recharging:	07800.00	03.7930	00.5005	0003.9037
Recharging:	07830.00	03.7944	00.5004	0003.9195
Recharging:	07860.00	03.7959	00.5004	0003.9353
Recharging:	07890.00	03.7973	00.5005	0003.9512
Recharging:	07920.00	03.7987	00.5005	0003.9670
Recharging:	07950.00	03.8002	00.5005	0003.9829
Recharging:	07980.00	03.8016	00.5005	0003.9987
Recharging:	08010.00	03.8031	00.5005	0004.0146
Recharging:	08040.00	03.8045	00.5004	0004.0304
Recharging:	08070.00	03.8060	00.5005	0004.0463
Recharging:	08100.00	03.8074	00.5004	0004.0622
Recharging:	08130.00	03.8089	00.5004	0004.0781
Recharging:	08160.00	03.8103	00.5005	0004.0940
Recharging:	08190.00	03.8117	00.5005	0004.1099
Recharging:	08220.00	03.8132	00.5004	0004.1258
Recharging:	08250.00	03.8146	00.5005	0004.1417
Recharging:	08280.00	03.8160	00.5005	0004.1576
Recharging:	08310.00	03.8174	00.5004	0004.1735
Recharging:	08340.00	03.8189	00.5004	0004.1894
Recharging:	08370.00	03.8203	00.5005	0004.2054
Recharging:	08400.00	03.8217	00.5005	0004.2213
Recharging:	08430.00	03.8232	00.5005	0004.2373
Recharging:	08460.00	03.8245	00.5004	0004.2532
Recharging:	08490.00	03.8260	00.5005	0004.2692
Recharging:	08520.00	03.8274	00.5005	0004.2851
Recharging:	08550.00	03.8288	00.5005	0004.3011
Recharging:	08580.00	03.8302	00.5005	0004.3171
Recharging:	08610.00	03.8316	00.5005	0004.3330
Recharging:	08640.00	03.8330	00.5005	0004.3490
Recharging:	08670.00	03.8344	00.5005	0004.3650
Recharging:	08700.00	03.8358	00.5005	0004.3810
Recharging:	08730.00	03.8372	00.5004	0004.3970
Recharging:	08760.00	03.8387	00.5005	0004.4130
Recharging:	08790.00	03.8400	00.5004	0004.4290
Recharging:	08820.00	03.8414	00.5005	0004.4451
Recharging:	08850.00	03.8428	00.5005	0004.4611
Recharging:	08880.00	03.8442	00.5004	0004.4771
Recharging:	08910.00	03.8455	00.5004	0004.4932
Recharging:	08940.00	03.8469	00.5004	0004.5092
Recharging:	08970.00	03.8483	00.5004	0004.5253
Recharging:	09000.00	03.8496	00.5004	0004.5413
Recharging:	09030.00	03.8509	00.5004	0004.5574
Recharging:	09060.00	03.8523	00.5005	0004.5734
Recharging:	09090.00	03.8537	00.5004	0004.5895
Recharging:	09120.00	03.8550	00.5004	0004.6056
Recharging:	09150.00	03.8564	00.5005	0004.6217
Recharging:	09180.00	03.8577	00.5005	0004.6378
Recharging:	09210.00	03.8590	00.5004	0004.6539
Recharging:	09240.00	03.8605	00.5005	0004.6700
Recharging:	09270.00	03.8618	00.5005	0004.6861
Recharging:	09300.00	03.8631	00.5005	0004.7022
Recharging:	09330.00	03.8644	00.5005	0004.7183
Recharging:	09360.00	03.8657	00.5005	0004.7344
Recharging:	09390.00	03.8671	00.5005	0004.7505
Recharging:	09420.00	03.8684	00.5004	0004.7667
Recharging:	09450.00	03.8698	00.5004	0004.7828
Recharging:	09480.00	03.8711	00.5005	0004.7990
Recharging:	09510.00	03.8724	00.5005	0004.8151
Recharging:	09540.00	03.8738	00.5005	0004.8313
Recharging:	09570.00	03.8751	00.5005	0004.8474
Recharging:	09600.00	03.8764	00.5005	0004.8636
Recharging:	09630.00	03.8777	00.5005	0004.8798
Recharging:	09660.00	03.8790	00.5004	0004.8959
Recharging:	09690.00	03.8803	00.5005	0004.9121
Recharging:	09720.00	03.8816	00.5005	0004.9283
Recharging:	09750.00	03.8829	00.5005	0004.9445
Recharging:	09780.00	03.8842	00.5005	0004.9607
Recharging:	09810.00	03.8855	00.5004	0004.9769
Recharging:	09840.00	03.8868	00.5005	0004.9931
Recharging:	09870.00	03.8881	00.5005	0005.0093
Recharging:	09900.00	03.8895	00.5005	0005.0255
Recharging:	09930.00	03.8908	00.5005	0005.0418
Recharging:	09960.00	03.8921	00.5004	0005.0580
Recharging:	09990.00	03.8934	00.5004	0005.0742
Recharging:	10020.00	03.8947	00.5005	0005.0905
Recharging:	10050.00	03.8960	00.5005	0005.1067
Recharging:	10080.00	03.8973	00.5004	0005.1230
Recharging:	10110.00	03.8986	00.5005	0005.1392
Recharging:	10140.00	03.8999	00.5004	0005.1555
Recharging:	10170.00	03.9012	00.5005	0005.1718
Recharging:	10200.00	03.9026	00.5005	0005.1881
Recharging:	10230.00	03.9039	00.5005	0005.2043
Recharging:	10260.00	03.9052	00.5005	0005.2206
Recharging:	10290.00	03.9065	00.5005	0005.2369
Recharging:	10320.00	03.9078	00.5005	0005.2532
Recharging:	10350.00	03.9091	00.5005	0005.2695
Recharging:	10380.00	03.9104	00.5005	0005.2858
Recharging:	10410.00	03.9118	00.5005	0005.3021
Recharging:	10440.00	03.9131	00.5005	0005.3185
Recharging:	10470.00	03.9144	00.5005	0005.3348
Recharging:	10500.00	03.9158	00.5005	0005.3511
Recharging:	10530.00	03.9171	00.5005	0005.3675
Recharging:	10560.00	03.9185	00.5005	0005.3838
Recharging:	10590.00	03.9198	00.5005	0005.4001
Recharging:	10620.00	03.9212	00.5005	0005.4165
Recharging:	10650.00	03.9226	00.5005	0005.4329
Recharging:	10680.00	03.9239	00.5005	0005.4492
Recharging:	10710.00	03.9253	00.5005	0005.4656
Recharging:	10740.00	03.9267	00.5005	0005.4820
Recharging:	10770.00	03.9280	00.5005	0005.4984
Recharging:	10800.00	03.9294	00.5005	0005.5147
Recharging:	10830.00	03.9308	00.5005	0005.5311
Recharging:	10860.00	03.9321	00.5004	0005.5475
Recharging:	10890.00	03.9334	00.5005	0005.5639
Recharging:	10920.00	03.9349	00.5004	0005.5803
Recharging:	10950.00	03.9362	00.5004	0005.5968
Recharging:	10980.00	03.9377	00.5005	0005.6132
Recharging:	11010.00	03.9391	00.5004	0005.6296
Recharging:	11040.00	03.9405	00.5005	0005.6460
Recharging:	11070.00	03.9419	00.5005	0005.6625
Recharging:	11100.00	03.9434	00.5005	0005.6789
Recharging:	11130.00	03.9447	00.5004	0005.6954
Recharging:	11160.00	03.9462	00.5005	0005.7118
Recharging:	11190.00	03.9477	00.5005	0005.7283
Recharging:	11220.00	03.9491	00.5005	0005.7448
Recharging:	11250.00	03.9506	00.5005	0005.7612
Recharging:	11280.00	03.9521	00.5005	0005.7777
Recharging:	11310.00	03.9535	00.5004	0005.7942
Recharging:	11340.00	03.9550	00.5005	0005.8107
Recharging:	11370.00	03.9565	00.5004	0005.8272
Recharging:	11400.00	03.9580	00.5005	0005.8437
Recharging:	11430.00	03.9595	00.5005	0005.8602
Recharging:	11460.00	03.9609	00.5004	0005.8768
Recharging:	11490.00	03.9625	00.5005	0005.8933
Recharging:	11520.00	03.9640	00.5005	0005.9098
Recharging:	11550.00	03.9656	00.5005	0005.9263
Recharging:	11580.00	03.9671	00.5005	0005.9429
Recharging:	11610.00	03.9686	00.5005	0005.9594
Recharging:	11640.00	03.9702	00.5005	0005.9760
Recharging:	11670.00	03.9717	00.5004	0005.9926
Recharging:	11700.00	03.9733	00.5005	0006.0091
Recharging:	11730.00	03.9749	00.5005	0006.0257
Recharging:	11760.00	03.9765	00.5005	0006.0423
Recharging:	11790.00	03.9781	00.5005	0006.0589
Recharging:	11820.00	03.9797	00.5005	0006.0755
Recharging:	11850.00	03.9813	00.5004	0006.0921
Recharging:	11880.00	03.9829	00.5005	0006.1087
Recharging:	11910.00	03.9845	00.5005	0006.1253
Recharging:	11940.00	03.9861	00.5005	0006.1419
Recharging:	11970.00	03.9878	00.5005	0006.1586
Recharging:	12000.00	03.9894	00.5005	0006.1752
Recharging:	12030.00	03.9910	00.5005	0006.1919
Recharging:	12060.00	03.9927	00.5005	0006.2085
Recharging:	12090.00	03.9943	00.5005	0006.2252
Recharging:	12120.00	03.9959	00.5004	0006.2418
Recharging:	12150.00	03.9976	00.5005	0006.2585
Recharging:	12180.00	03.9993	00.5005	0006.2752
Recharging:	12210.00	04.0011	00.5005	0006.2919
Recharging:	12240.00	04.0027	00.5005	0006.3086
Recharging:	12270.00	04.0045	00.5005	0006.3253
Recharging:	12300.00	04.0063	00.5005	0006.3420
Recharging:	12330.00	04.0079	00.5005	0006.3587
Recharging:	12360.00	04.0097	00.5005	0006.3754
Recharging:	12390.00	04.0114	00.5005	0006.3921
Recharging:	12420.00	04.0132	00.5005	0006.4089
Recharging:	12450.00	04.0149	00.5004	0006.4256
Recharging:	12480.00	04.0166	00.5005	0006.4424
Recharging:	12510.00	04.0185	00.5004	0006.4591
Recharging:	12540.00	04.0202	00.5004	0006.4759
Recharging:	12570.00	04.0220	00.5004	0006.4927
Recharging:	12600.00	04.0238	00.5004	0006.5094
Recharging:	12630.00	04.0256	00.5005	0006.5262
Recharging:	12660.00	04.0275	00.5004	0006.5430
Recharging:	12690.00	04.0293	00.5005	0006.5598
Recharging:	12720.00	04.0311	00.5004	0006.5766
Recharging:	12750.00	04.0330	00.5005	0006.5935
Recharging:	12780.00	04.0348	00.5005	0006.6103
Recharging:	12810.00	04.0367	00.5005	0006.6271
Recharging:	12840.00	04.0386	00.5005	0006.6440
Recharging:	12870.00	04.0404	00.5005	0006.6608
Recharging:	12900.00	04.0423	00.5005	0006.6777
Recharging:	12930.00	04.0442	00.5005	0006.6945
Recharging:	12960.00	04.0461	00.5005	0006.7114
Recharging:	12990.00	04.0480	00.5005	0006.7283
Recharging:	13020.00	04.0498	00.5004	0006.7452
Recharging:	13050.00	04.0517	00.5005	0006.7621
Recharging:	13080.00	04.0537	00.5005	0006.7790
Recharging:	13110.00	04.0556	00.5005	0006.7959
Recharging:	13140.00	04.0575	00.5005	0006.8128
Recharging:	13170.00	04.0594	00.5004	0006.8298
Recharging:	13200.00	04.0613	00.5004	0006.8467
Recharging:	13230.00	04.0631	00.5004	0006.8636
Recharging:	13260.00	04.0651	00.5005	0006.8806
Recharging:	13290.00	04.0670	00.5005	0006.8976
Recharging:	13320.00	04.0689	00.5004	0006.9145
Recharging:	13350.00	04.0708	00.5004	0006.9315
Recharging:	13380.00	04.0727	00.5004	0006.9485
Recharging:	13410.00	04.0746	00.5005	0006.9655
Recharging:	13440.00	04.0765	00.5005	0006.9825
Recharging:	13470.00	04.0783	00.5005	0006.9995
Recharging:	13500.00	04.0802	00.5005	0007.0165
Recharging:	13530.00	04.0821	00.5004	0007.0335
Recharging:	13560.00	04.0840	00.5005	0007.0506
Recharging:	13590.00	04.0859	00.5005	0007.0676
Recharging:	13620.00	04.0878	00.5004	0007.0847
Recharging:	13650.00	04.0896	00.5005	0007.1017
Recharging:	13680.00	04.0915	00.5005	0007.1188
Recharging:	13710.00	04.0934	00.5005	0007.1358
Recharging:	13740.00	04.0953	00.5005	0007.1529
Recharging:	13770.00	04.0972	00.5005	0007.1700
Recharging:	13800.00	04.0989	00.5005	0007.1871
Recharging:	13830.00	04.1008	00.5005	0007.2042
Recharging:	13860.00	04.1026	00.5004	0007.2213
Recharging:	13890.00	04.1044	00.5005	0007.2384
Recharging:	13920.00	04.1063	00.5005	0007.2556
Recharging:	13950.00	04.1081	00.5005	0007.2727
Recharging:	13980.00	04.1099	00.5005	0007.2898
Recharging:	14010.00	04.1117	00.5004	0007.3070
Recharging:	14040.00	04.1135	00.5005	0007.3241
Recharging:	14070.00	04.1153	00.5005	0007.3413
Recharging:	14100.00	04.1170	00.5005	0007.3585
Recharging:	14130.00	04.1188	00.5005	0007.3756
Recharging:	14160.00	04.1205	00.5004	0007.3928
Recharging:	14190.00	04.1223	00.5005	0007.4100
Recharging:	14220.00	04.1240	00.5005	0007.4272
Recharging:	14250.00	04.1257	00.5005	0007.4444
Recharging:	14280.00	04.1274	00.5005	0007.4616
Recharging:	14310.00	04.1291	00.5005	0007.4789
Recharging:	14340.00	04.1309	00.5005	0007.4961
Recharging:	14370.00	04.1326	00.5005	0007.5133
Recharging:	14400.00	04.1344	00.5004	0007.5306
Recharging:	14430.00	04.1361	00.5004	0007.5478
Recharging:	14460.00	04.1378	00.5004	0007.5651
Recharging:	14490.00	04.1396	00.5005	0007.5823
Recharging:	14520.00	04.1413	00.5005	0007.5996
Recharging:	14550.00	04.1430	00.5005	0007.6169
Recharging:	14580.00	04.1448	00.5005	0007.6342
Recharging:	14610.00	04.1466	00.5004	0007.6515
Recharging:	14640.00	04.1483	00.5005	0007.6688
Recharging:	14670.00	04.1501	00.5005	0007.6861
Recharging:	14700.00	04.1518	00.5005	0007.7034
Recharging:	14730.00	04.1537	00.5005	0007.7207
Recharging:	14760.00	04.1555	00.5005	0007.7380
Recharging:	14790.00	04.1573	00.5005	0007.7554
Recharging:	14820.00	04.1591	00.5005	0007.7727
Recharging:	14850.00	04.1609	00.5004	0007.7901
Recharging:	14880.00	04.1628	00.5005	0007.8074
Recharging:	14910.00	04.1647	00.5004	0007.8248
Recharging:	14940.00	04.1666	00.5005	0007.8422
Recharging:	14970.00	04.1685	00.5005	0007.8596
Recharging:	15000.00	04.1705	00.5004	0007.8770
Recharging:	15030.00	04.1725	00.5005	0007.8944
Recharging:	15060.00	04.1745	00.5004	0007.9118
Recharging:	15090.00	04.1765	00.5005	0007.9292
Recharging:	15120.00	04.1785	00.5004	0007.9466
Recharging:	15150.00	04.1806	00.5005	0007.9641
Recharging:	15180.00	04.1826	00.5005	0007.9815
Recharging:	15210.00	04.1847	00.5005	0007.9990
Recharging:	15240.00	04.1869	00.5005	0008.0164
Recharging:	15270.00	04.1891	00.5005	0008.0339
Recharging:	15300.00	04.1912	00.5005	0008.0514
Recharging:	15330.00	04.1934	00.5005	0008.0689
Recharging:	15360.00	04.1957	00.5005	0008.0864
Recharging:	15390.00	04.1979	00.5005	0008.1039
Recharging:	15420.00	04.2003	00.5004	0008.1214
