---------------------------
TESTING INTERNAL RESISTANCE
voltage while ON =  1.5148
current= 0.5014
OUTPUT OFF
voltage while OFF =  1.4261
Internal resistance =  0.1769 [Ohm]
OUTPUT ON
---------------------------
Charging:	00030.00	01.5150	00.5013	0000.0063
Charging:	00060.00	01.5319	00.5005	0000.0127
Charging:	00090.00	01.5405	00.5005	0000.0191
Charging:	00120.00	01.5474	00.5005	0000.0256
Charging:	00150.00	01.5532	00.5004	0000.0321
Charging:	00180.00	01.5580	00.5004	0000.0386
Charging:	00210.00	01.5623	00.5004	0000.0451
Charging:	00240.00	01.5659	00.5004	0000.0516
Charging:	00270.00	01.5691	00.5005	0000.0582
Charging:	00300.00	01.5718	00.5004	0000.0647
Charging:	00330.00	01.5741	00.5005	0000.0713
Charging:	00360.00	01.5761	00.5004	0000.0779
Charging:	00390.00	01.5776	00.5004	0000.0844
Charging:	00420.00	01.5790	00.5004	0000.0910
Charging:	00450.00	01.5801	00.5004	0000.0976
---------------------------
TESTING INTERNAL RESISTANCE
voltage while ON =  1.4111
current=-0.5002
OUTPUT OFF
voltage while OFF =  1.4898
Internal resistance =  0.1572 [Ohm]
OUTPUT ON
---------------------------
Discharging:	00030.00	01.4066	-0.5003	-000.0059
Discharging:	00060.00	01.3813	-0.5000	-000.0116
Discharging:	00090.00	01.3680	-0.5000	-000.0173
Discharging:	00120.00	01.3579	-0.5000	-000.0230
Discharging:	00150.00	01.3494	-0.5000	-000.0286
Discharging:	00180.00	01.3424	-0.5000	-000.0342
Discharging:	00210.00	01.3362	-0.5000	-000.0398
Discharging:	00240.00	01.3307	-0.5000	-000.0453
Discharging:	00270.00	01.3258	-0.5000	-000.0508
Discharging:	00300.00	01.3213	-0.5000	-000.0563
Discharging:	00330.00	01.3173	-0.5000	-000.0618
Discharging:	00360.00	01.3135	-0.5000	-000.0673
Discharging:	00390.00	01.3099	-0.5000	-000.0728
Discharging:	00420.00	01.3066	-0.5000	-000.0782
Discharging:	00450.00	01.3035	-0.5000	-000.0836
Discharging:	00480.00	01.3005	-0.5000	-000.0891
Discharging:	00510.00	01.2977	-0.5000	-000.0945
Discharging:	00540.00	01.2949	-0.5000	-000.0999
Discharging:	00570.00	01.2921	-0.5000	-000.1052
Discharging:	00600.00	01.2896	-0.5000	-000.1106
Discharging:	00630.00	01.2872	-0.5000	-000.1160
Discharging:	00660.00	01.2849	-0.5000	-000.1213
Discharging:	00690.00	01.2827	-0.5000	-000.1267
Discharging:	00720.00	01.2805	-0.5000	-000.1320
Discharging:	00750.00	01.2784	-0.5000	-000.1373
Discharging:	00780.00	01.2764	-0.5000	-000.1427
Discharging:	00810.00	01.2744	-0.5000	-000.1480
Discharging:	00840.00	01.2725	-0.5000	-000.1533
Discharging:	00870.00	01.2706	-0.5000	-000.1586
Discharging:	00900.00	01.2688	-0.5000	-000.1638
Discharging:	00930.00	01.2671	-0.5000	-000.1691
Discharging:	00960.00	01.2653	-0.5000	-000.1744
Discharging:	00990.00	01.2635	-0.5000	-000.1797
Discharging:	01020.00	01.2618	-0.5000	-000.1849
Discharging:	01050.00	01.2602	-0.5000	-000.1902
Discharging:	01080.00	01.2586	-0.5000	-000.1954
Discharging:	01110.00	01.2571	-0.5000	-000.2007
Discharging:	01140.00	01.2555	-0.5000	-000.2059
Discharging:	01170.00	01.2540	-0.5000	-000.2111
Discharging:	01200.00	01.2526	-0.5000	-000.2163
Discharging:	01230.00	01.2511	-0.5000	-000.2215
Discharging:	01260.00	01.2497	-0.5000	-000.2268
Discharging:	01290.00	01.2482	-0.5000	-000.2320
Discharging:	01320.00	01.2468	-0.5000	-000.2371
Discharging:	01350.00	01.2455	-0.5000	-000.2423
Discharging:	01380.00	01.2441	-0.5000	-000.2475
Discharging:	01410.00	01.2428	-0.5000	-000.2527
Discharging:	01440.00	01.2414	-0.5000	-000.2579
Discharging:	01470.00	01.2402	-0.5000	-000.2630
Discharging:	01500.00	01.2389	-0.5000	-000.2682
Discharging:	01530.00	01.2376	-0.5000	-000.2734
Discharging:	01560.00	01.2364	-0.5000	-000.2785
Discharging:	01590.00	01.2351	-0.5000	-000.2837
Discharging:	01620.00	01.2340	-0.5000	-000.2888
Discharging:	01650.00	01.2329	-0.5000	-000.2939
Discharging:	01680.00	01.2317	-0.5000	-000.2991
Discharging:	01710.00	01.2306	-0.5000	-000.3042
Discharging:	01740.00	01.2295	-0.5000	-000.3093
Discharging:	01770.00	01.2283	-0.5000	-000.3144
Discharging:	01800.00	01.2273	-0.5000	-000.3196
Discharging:	01830.00	01.2262	-0.5000	-000.3247
Discharging:	01860.00	01.2251	-0.5000	-000.3298
Discharging:	01890.00	01.2241	-0.5000	-000.3349
Discharging:	01920.00	01.2232	-0.5000	-000.3400
Discharging:	01950.00	01.2222	-0.5000	-000.3451
Discharging:	01980.00	01.2212	-0.5000	-000.3501
Discharging:	02010.00	01.2203	-0.5000	-000.3552
Discharging:	02040.00	01.2194	-0.5000	-000.3603
Discharging:	02070.00	01.2185	-0.5000	-000.3654
Discharging:	02100.00	01.2176	-0.5000	-000.3705
Discharging:	02130.00	01.2167	-0.5000	-000.3755
Discharging:	02160.00	01.2159	-0.5000	-000.3806
Discharging:	02190.00	01.2151	-0.5000	-000.3857
Discharging:	02220.00	01.2142	-0.5000	-000.3907
Discharging:	02250.00	01.2135	-0.5000	-000.3958
Discharging:	02280.00	01.2127	-0.5000	-000.4008
Discharging:	02310.00	01.2120	-0.5000	-000.4059
Discharging:	02340.00	01.2111	-0.5000	-000.4109
Discharging:	02370.00	01.2104	-0.5000	-000.4160
Discharging:	02400.00	01.2096	-0.5000	-000.4210
Discharging:	02430.00	01.2089	-0.5000	-000.4260
Discharging:	02460.00	01.2082	-0.5000	-000.4311
Discharging:	02490.00	01.2075	-0.5000	-000.4361
Discharging:	02520.00	01.2069	-0.5000	-000.4411
Discharging:	02550.00	01.2063	-0.5000	-000.4462
Discharging:	02580.00	01.2056	-0.5000	-000.4512
Discharging:	02610.00	01.2049	-0.5000	-000.4562
Discharging:	02640.00	01.2043	-0.5000	-000.4612
Discharging:	02670.00	01.2038	-0.5000	-000.4662
Discharging:	02700.00	01.2031	-0.5000	-000.4713
Discharging:	02730.00	01.2026	-0.5000	-000.4763
Discharging:	02760.00	01.2020	-0.5000	-000.4813
Discharging:	02790.00	01.2014	-0.5000	-000.4863
Discharging:	02820.00	01.2009	-0.5000	-000.4913
Discharging:	02850.00	01.2004	-0.5000	-000.4963
Discharging:	02880.00	01.1999	-0.5000	-000.5013
Discharging:	02910.00	01.1994	-0.5000	-000.5063
Discharging:	02940.00	01.1990	-0.5000	-000.5113
Discharging:	02970.00	01.1986	-0.5000	-000.5163
Discharging:	03000.00	01.1982	-0.5000	-000.5213
Discharging:	03030.00	01.1976	-0.5000	-000.5263
Discharging:	03060.00	01.1972	-0.5000	-000.5313
Discharging:	03090.00	01.1967	-0.5000	-000.5362
Discharging:	03120.00	01.1964	-0.5000	-000.5412
Discharging:	03150.00	01.1959	-0.5000	-000.5462
Discharging:	03180.00	01.1956	-0.5000	-000.5512
Discharging:	03210.00	01.1951	-0.5000	-000.5562
Discharging:	03240.00	01.1948	-0.5000	-000.5611
Discharging:	03270.00	01.1945	-0.5000	-000.5661
Discharging:	03300.00	01.1941	-0.5000	-000.5711
Discharging:	03330.00	01.1938	-0.5000	-000.5761
Discharging:	03360.00	01.1934	-0.5000	-000.5810
Discharging:	03390.00	01.1931	-0.5000	-000.5860
Discharging:	03420.00	01.1927	-0.5000	-000.5910
Discharging:	03450.00	01.1925	-0.5000	-000.5960
Discharging:	03480.00	01.1922	-0.5000	-000.6009
Discharging:	03510.00	01.1919	-0.5000	-000.6059
Discharging:	03540.00	01.1916	-0.5000	-000.6109
Discharging:	03570.00	01.1913	-0.5000	-000.6158
Discharging:	03600.00	01.1910	-0.5000	-000.6208
Discharging:	03630.00	01.1908	-0.5000	-000.6257
Discharging:	03660.00	01.1905	-0.5000	-000.6307
Discharging:	03690.00	01.1903	-0.5000	-000.6357
Discharging:	03720.00	01.1901	-0.5000	-000.6406
Discharging:	03750.00	01.1899	-0.5000	-000.6456
Discharging:	03780.00	01.1896	-0.5000	-000.6505
Discharging:	03810.00	01.1894	-0.5000	-000.6555
Discharging:	03840.00	01.1893	-0.5000	-000.6605
Discharging:	03870.00	01.1890	-0.5000	-000.6654
Discharging:	03900.00	01.1889	-0.5000	-000.6704
Discharging:	03930.00	01.1887	-0.5000	-000.6753
Discharging:	03960.00	01.1885	-0.5000	-000.6803
Discharging:	03990.00	01.1883	-0.5000	-000.6852
Discharging:	04020.00	01.1882	-0.5000	-000.6902
Discharging:	04050.00	01.1880	-0.5000	-000.6951
Discharging:	04080.00	01.1869	-0.5000	-000.7001
Discharging:	04110.00	01.1867	-0.5000	-000.7050
Discharging:	04140.00	01.1866	-0.5000	-000.7100
Discharging:	04170.00	01.1864	-0.5000	-000.7149
Discharging:	04200.00	01.1863	-0.5000	-000.7198
Discharging:	04230.00	01.1862	-0.5000	-000.7248
Discharging:	04260.00	01.1860	-0.5000	-000.7297
Discharging:	04290.00	01.1859	-0.5000	-000.7347
Discharging:	04320.00	01.1857	-0.5000	-000.7396
Discharging:	04350.00	01.1856	-0.5000	-000.7445
Discharging:	04380.00	01.1856	-0.5000	-000.7495
Discharging:	04410.00	01.1854	-0.5000	-000.7544
Discharging:	04440.00	01.1853	-0.5000	-000.7594
Discharging:	04470.00	01.1852	-0.5000	-000.7643
Discharging:	04500.00	01.1851	-0.5000	-000.7692
Discharging:	04530.00	01.1850	-0.5000	-000.7742
Discharging:	04560.00	01.1850	-0.5000	-000.7791
Discharging:	04590.00	01.1849	-0.5000	-000.7841
Discharging:	04620.00	01.1848	-0.5000	-000.7890
Discharging:	04650.00	01.1847	-0.5000	-000.7939
Discharging:	04680.00	01.1846	-0.5000	-000.7989
Discharging:	04710.00	01.1845	-0.5000	-000.8038
Discharging:	04740.00	01.1845	-0.5000	-000.8087
Discharging:	04770.00	01.1844	-0.5000	-000.8137
Discharging:	04800.00	01.1843	-0.5000	-000.8186
Discharging:	04830.00	01.1843	-0.5000	-000.8235
Discharging:	04860.00	01.1843	-0.5000	-000.8285
Discharging:	04890.00	01.1843	-0.5000	-000.8334
Discharging:	04920.00	01.1842	-0.5000	-000.8383
Discharging:	04950.00	01.1842	-0.5000	-000.8433
Discharging:	04980.00	01.1842	-0.5000	-000.8482
Discharging:	05010.00	01.1841	-0.5000	-000.8531
Discharging:	05040.00	01.1841	-0.5000	-000.8581
Discharging:	05070.00	01.1841	-0.5000	-000.8630
Discharging:	05100.00	01.1841	-0.5000	-000.8680
Discharging:	05130.00	01.1841	-0.5000	-000.8729
Discharging:	05160.00	01.1840	-0.5000	-000.8778
Discharging:	05190.00	01.1840	-0.5000	-000.8828
Discharging:	05220.00	01.1840	-0.5001	-000.8877
Discharging:	05250.00	01.1840	-0.5000	-000.8926
Discharging:	05280.00	01.1840	-0.5001	-000.8976
Discharging:	05310.00	01.1840	-0.5001	-000.9025
Discharging:	05340.00	01.1840	-0.5000	-000.9074
Discharging:	05370.00	01.1840	-0.5001	-000.9124
Discharging:	05400.00	01.1840	-0.5000	-000.9173
Discharging:	05430.00	01.1840	-0.5001	-000.9222
Discharging:	05460.00	01.1840	-0.5001	-000.9272
Discharging:	05490.00	01.1840	-0.5001	-000.9321
Discharging:	05520.00	01.1841	-0.5001	-000.9370
Discharging:	05550.00	01.1840	-0.5001	-000.9420
Discharging:	05580.00	01.1840	-0.5000	-000.9469
Discharging:	05610.00	01.1840	-0.5001	-000.9518
Discharging:	05640.00	01.1840	-0.5001	-000.9568
Discharging:	05670.00	01.1840	-0.5001	-000.9617
Discharging:	05700.00	01.1839	-0.5001	-000.9666
Discharging:	05730.00	01.1840	-0.5000	-000.9716
Discharging:	05760.00	01.1839	-0.5001	-000.9765
Discharging:	05790.00	01.1840	-0.5001	-000.9814
Discharging:	05820.00	01.1839	-0.5001	-000.9864
Discharging:	05850.00	01.1840	-0.5000	-000.9913
Discharging:	05880.00	01.1839	-0.5000	-000.9962
Discharging:	05910.00	01.1839	-0.5000	-001.0012
Discharging:	05940.00	01.1839	-0.5001	-001.0061
Discharging:	05970.00	01.1840	-0.5000	-001.0110
Discharging:	06000.00	01.1840	-0.5000	-001.0160
Discharging:	06030.00	01.1839	-0.5000	-001.0209
Discharging:	06060.00	01.1839	-0.5000	-001.0258
Discharging:	06090.00	01.1839	-0.5000	-001.0308
Discharging:	06120.00	01.1838	-0.5001	-001.0357
Discharging:	06150.00	01.1838	-0.5000	-001.0406
Discharging:	06180.00	01.1838	-0.5000	-001.0456
Discharging:	06210.00	01.1838	-0.5000	-001.0505
Discharging:	06240.00	01.1838	-0.5000	-001.0554
Discharging:	06270.00	01.1838	-0.5000	-001.0604
Discharging:	06300.00	01.1838	-0.5000	-001.0653
Discharging:	06330.00	01.1838	-0.5000	-001.0702
Discharging:	06360.00	01.1838	-0.5000	-001.0752
Discharging:	06390.00	01.1837	-0.5000	-001.0801
Discharging:	06420.00	01.1838	-0.5000	-001.0850
Discharging:	06450.00	01.1837	-0.5000	-001.0900
Discharging:	06480.00	01.1838	-0.5000	-001.0949
Discharging:	06510.00	01.1837	-0.5000	-001.0998
Discharging:	06540.00	01.1837	-0.5000	-001.1048
Discharging:	06570.00	01.1837	-0.5000	-001.1097
Discharging:	06600.00	01.1837	-0.5000	-001.1146
Discharging:	06630.00	01.1837	-0.5000	-001.1196
Discharging:	06660.00	01.1837	-0.5000	-001.1245
Discharging:	06690.00	01.1837	-0.5000	-001.1294
Discharging:	06720.00	01.1837	-0.5000	-001.1343
Discharging:	06750.00	01.1837	-0.5001	-001.1393
Discharging:	06780.00	01.1836	-0.5000	-001.1442
Discharging:	06810.00	01.1836	-0.5000	-001.1491
Discharging:	06840.00	01.1835	-0.5000	-001.1541
Discharging:	06870.00	01.1835	-0.5000	-001.1590
Discharging:	06900.00	01.1835	-0.5000	-001.1639
Discharging:	06930.00	01.1834	-0.5000	-001.1689
Discharging:	06960.00	01.1834	-0.5000	-001.1738
Discharging:	06990.00	01.1833	-0.5000	-001.1787
Discharging:	07020.00	01.1832	-0.5000	-001.1837
Discharging:	07050.00	01.1832	-0.5000	-001.1886
Discharging:	07080.00	01.1832	-0.5001	-001.1935
Discharging:	07110.00	01.1831	-0.5000	-001.1985
Discharging:	07140.00	01.1831	-0.5000	-001.2034
Discharging:	07170.00	01.1831	-0.5000	-001.2083
Discharging:	07200.00	01.1830	-0.5000	-001.2132
Discharging:	07230.00	01.1830	-0.5000	-001.2182
Discharging:	07260.00	01.1829	-0.5000	-001.2231
Discharging:	07290.00	01.1829	-0.5001	-001.2280
Discharging:	07320.00	01.1828	-0.5000	-001.2330
Discharging:	07350.00	01.1828	-0.5000	-001.2379
Discharging:	07380.00	01.1827	-0.5000	-001.2428
Discharging:	07410.00	01.1827	-0.5001	-001.2477
Discharging:	07440.00	01.1826	-0.5000	-001.2527
Discharging:	07470.00	01.1826	-0.5000	-001.2576
Discharging:	07500.00	01.1825	-0.5000	-001.2625
Discharging:	07530.00	01.1825	-0.5000	-001.2675
Discharging:	07560.00	01.1824	-0.5000	-001.2724
Discharging:	07590.00	01.1823	-0.5000	-001.2773
Discharging:	07620.00	01.1822	-0.5000	-001.2822
Discharging:	07650.00	01.1821	-0.5000	-001.2872
Discharging:	07680.00	01.1821	-0.5000	-001.2921
Discharging:	07710.00	01.1820	-0.5000	-001.2970
Discharging:	07740.00	01.1819	-0.5000	-001.3019
Discharging:	07770.00	01.1818	-0.5000	-001.3069
Discharging:	07800.00	01.1817	-0.5000	-001.3118
Discharging:	07830.00	01.1816	-0.5000	-001.3167
Discharging:	07860.00	01.1815	-0.5000	-001.3216
Discharging:	07890.00	01.1814	-0.5000	-001.3266
Discharging:	07920.00	01.1813	-0.5000	-001.3315
Discharging:	07950.00	01.1812	-0.5000	-001.3364
Discharging:	07980.00	01.1811	-0.5000	-001.3413
Discharging:	08010.00	01.1810	-0.5000	-001.3462
Discharging:	08040.00	01.1808	-0.5000	-001.3512
Discharging:	08070.00	01.1807	-0.5000	-001.3561
Discharging:	08100.00	01.1806	-0.5000	-001.3610
Discharging:	08130.00	01.1804	-0.5000	-001.3659
Discharging:	08160.00	01.1803	-0.5000	-001.3708
Discharging:	08190.00	01.1802	-0.5000	-001.3758
Discharging:	08220.00	01.1801	-0.5000	-001.3807
Discharging:	08250.00	01.1799	-0.5000	-001.3856
Discharging:	08280.00	01.1798	-0.5000	-001.3905
Discharging:	08310.00	01.1797	-0.5000	-001.3954
Discharging:	08340.00	01.1795	-0.5000	-001.4003
Discharging:	08370.00	01.1793	-0.5000	-001.4053
Discharging:	08400.00	01.1792	-0.5000	-001.4102
Discharging:	08430.00	01.1790	-0.5000	-001.4151
Discharging:	08460.00	01.1788	-0.5000	-001.4200
Discharging:	08490.00	01.1787	-0.5000	-001.4249
Discharging:	08520.00	01.1785	-0.5000	-001.4298
Discharging:	08550.00	01.1784	-0.5000	-001.4347
Discharging:	08580.00	01.1782	-0.5000	-001.4396
Discharging:	08610.00	01.1781	-0.5000	-001.4445
Discharging:	08640.00	01.1779	-0.5000	-001.4494
Discharging:	08670.00	01.1777	-0.5000	-001.4544
Discharging:	08700.00	01.1775	-0.5000	-001.4593
Discharging:	08730.00	01.1773	-0.5000	-001.4642
Discharging:	08760.00	01.1771	-0.5000	-001.4691
Discharging:	08790.00	01.1770	-0.5000	-001.4740
Discharging:	08820.00	01.1768	-0.5000	-001.4789
Discharging:	08850.00	01.1766	-0.5000	-001.4838
Discharging:	08880.00	01.1764	-0.5000	-001.4887
Discharging:	08910.00	01.1762	-0.5000	-001.4936
Discharging:	08940.00	01.1760	-0.5000	-001.4985
Discharging:	08970.00	01.1758	-0.5000	-001.5034
Discharging:	09000.00	01.1756	-0.5000	-001.5083
Discharging:	09030.00	01.1753	-0.5000	-001.5132
Discharging:	09060.00	01.1751	-0.5000	-001.5181
Discharging:	09090.00	01.1749	-0.5000	-001.5230
Discharging:	09120.00	01.1746	-0.5000	-001.5279
Discharging:	09150.00	01.1744	-0.5000	-001.5328
Discharging:	09180.00	01.1742	-0.5000	-001.5377
Discharging:	09210.00	01.1739	-0.5000	-001.5425
Discharging:	09240.00	01.1736	-0.5000	-001.5474
Discharging:	09270.00	01.1733	-0.5000	-001.5523
Discharging:	09300.00	01.1731	-0.5000	-001.5572
Discharging:	09330.00	01.1728	-0.5000	-001.5621
Discharging:	09360.00	01.1725	-0.5000	-001.5670
Discharging:	09390.00	01.1722	-0.5000	-001.5719
Discharging:	09420.00	01.1719	-0.5000	-001.5768
Discharging:	09450.00	01.1716	-0.5000	-001.5816
Discharging:	09480.00	01.1713	-0.5000	-001.5865
Discharging:	09510.00	01.1710	-0.5000	-001.5914
Discharging:	09540.00	01.1707	-0.5000	-001.5963
Discharging:	09570.00	01.1703	-0.5000	-001.6012
Discharging:	09600.00	01.1700	-0.5000	-001.6060
Discharging:	09630.00	01.1696	-0.5000	-001.6109
Discharging:	09660.00	01.1693	-0.5000	-001.6158
Discharging:	09690.00	01.1689	-0.5000	-001.6206
Discharging:	09720.00	01.1685	-0.5000	-001.6255
Discharging:	09750.00	01.1681	-0.5000	-001.6304
Discharging:	09780.00	01.1677	-0.5000	-001.6352
Discharging:	09810.00	01.1673	-0.5000	-001.6401
Discharging:	09840.00	01.1669	-0.5000	-001.6450
Discharging:	09870.00	01.1664	-0.5000	-001.6498
Discharging:	09900.00	01.1660	-0.5000	-001.6547
Discharging:	09930.00	01.1656	-0.5000	-001.6595
Discharging:	09960.00	01.1651	-0.5000	-001.6644
Discharging:	09990.00	01.1646	-0.5001	-001.6693
Discharging:	10020.00	01.1642	-0.5000	-001.6741
Discharging:	10050.00	01.1637	-0.5000	-001.6790
Discharging:	10080.00	01.1632	-0.5001	-001.6838
Discharging:	10110.00	01.1628	-0.5000	-001.6886
Discharging:	10140.00	01.1622	-0.5000	-001.6935
Discharging:	10170.00	01.1617	-0.5000	-001.6983
Discharging:	10200.00	01.1611	-0.5000	-001.7032
Discharging:	10230.00	01.1605	-0.5000	-001.7080
Discharging:	10260.00	01.1599	-0.5000	-001.7128
Discharging:	10290.00	01.1593	-0.5000	-001.7177
Discharging:	10320.00	01.1586	-0.5000	-001.7225
Discharging:	10350.00	01.1579	-0.5000	-001.7273
Discharging:	10380.00	01.1572	-0.5000	-001.7321
Discharging:	10410.00	01.1564	-0.5000	-001.7370
Discharging:	10440.00	01.1556	-0.5000	-001.7418
Discharging:	10470.00	01.1548	-0.5000	-001.7466
Discharging:	10500.00	01.1539	-0.5000	-001.7514
Discharging:	10530.00	01.1530	-0.5000	-001.7562
Discharging:	10560.00	01.1520	-0.5000	-001.7610
Discharging:	10590.00	01.1509	-0.5000	-001.7658
Discharging:	10620.00	01.1498	-0.5000	-001.7706
Discharging:	10650.00	01.1485	-0.5000	-001.7754
Discharging:	10680.00	01.1470	-0.5000	-001.7802
Discharging:	10710.00	01.1455	-0.5000	-001.7849
Discharging:	10740.00	01.1436	-0.5000	-001.7897
Discharging:	10770.00	01.1415	-0.5000	-001.7944
Discharging:	10800.00	01.1388	-0.5000	-001.7992
Discharging:	10830.00	01.1355	-0.5000	-001.8039
Discharging:	10860.00	01.1308	-0.5000	-001.8086
Discharging:	10890.00	01.1233	-0.5000	-001.8133
Discharging:	10920.00	01.1055	-0.5000	-001.8179
Discharging:	10950.00	00.9500	-0.4953	-001.8218
Recharging:	00030.00	01.3629	00.5008	0000.0057
Recharging:	00060.00	01.3641	00.5004	0000.0114
Recharging:	00090.00	01.3694	00.5005	0000.0171
Recharging:	00120.00	01.3739	00.5004	0000.0228
Recharging:	00150.00	01.3777	00.5004	0000.0286
Recharging:	00180.00	01.3811	00.5004	0000.0343
Recharging:	00210.00	01.3840	00.5004	0000.0401
Recharging:	00240.00	01.3866	00.5004	0000.0459
Recharging:	00270.00	01.3891	00.5004	0000.0517
Recharging:	00300.00	01.3914	00.5004	0000.0575
Recharging:	00330.00	01.3935	00.5005	0000.0633
Recharging:	00360.00	01.3955	00.5004	0000.0691
Recharging:	00390.00	01.3974	00.5004	0000.0749
Recharging:	00420.00	01.3992	00.5004	0000.0808
Recharging:	00450.00	01.4010	00.5004	0000.0866
Recharging:	00480.00	01.4027	00.5004	0000.0925
Recharging:	00510.00	01.4044	00.5004	0000.0983
Recharging:	00540.00	01.4060	00.5004	0000.1042
Recharging:	00570.00	01.4075	00.5004	0000.1100
Recharging:	00600.00	01.4090	00.5004	0000.1159
Recharging:	00630.00	01.4105	00.5004	0000.1218
Recharging:	00660.00	01.4118	00.5004	0000.1277
Recharging:	00690.00	01.4132	00.5004	0000.1336
Recharging:	00720.00	01.4146	00.5005	0000.1395
Recharging:	00750.00	01.4158	00.5005	0000.1454
Recharging:	00780.00	01.4171	00.5004	0000.1513
Recharging:	00810.00	01.4183	00.5005	0000.1572
Recharging:	00840.00	01.4195	00.5004	0000.1631
Recharging:	00870.00	01.4207	00.5004	0000.1691
Recharging:	00900.00	01.4217	00.5004	0000.1750
Recharging:	00930.00	01.4228	00.5004	0000.1809
Recharging:	00960.00	01.4239	00.5004	0000.1869
Recharging:	00990.00	01.4250	00.5004	0000.1928
Recharging:	01020.00	01.4260	00.5005	0000.1988
Recharging:	01050.00	01.4270	00.5004	0000.2047
Recharging:	01080.00	01.4280	00.5004	0000.2107
Recharging:	01110.00	01.4290	00.5005	0000.2166
Recharging:	01140.00	01.4300	00.5004	0000.2226
Recharging:	01170.00	01.4309	00.5004	0000.2285
Recharging:	01200.00	01.4318	00.5004	0000.2345
Recharging:	01230.00	01.4327	00.5004	0000.2405
Recharging:	01260.00	01.4335	00.5004	0000.2465
Recharging:	01290.00	01.4344	00.5004	0000.2525
Recharging:	01320.00	01.4352	00.5004	0000.2584
Recharging:	01350.00	01.4361	00.5004	0000.2644
Recharging:	01380.00	01.4369	00.5005	0000.2704
Recharging:	01410.00	01.4377	00.5004	0000.2764
Recharging:	01440.00	01.4384	00.5004	0000.2824
Recharging:	01470.00	01.4392	00.5004	0000.2884
Recharging:	01500.00	01.4400	00.5004	0000.2944
Recharging:	01530.00	01.4407	00.5004	0000.3004
Recharging:	01560.00	01.4414	00.5004	0000.3064
Recharging:	01590.00	01.4421	00.5004	0000.3125
Recharging:	01620.00	01.4428	00.5004	0000.3185
Recharging:	01650.00	01.4435	00.5004	0000.3245
Recharging:	01680.00	01.4442	00.5004	0000.3305
Recharging:	01710.00	01.4449	00.5004	0000.3365
Recharging:	01740.00	01.4455	00.5004	0000.3426
Recharging:	01770.00	01.4462	00.5004	0000.3486
Recharging:	01800.00	01.4468	00.5004	0000.3546
Recharging:	01830.00	01.4474	00.5004	0000.3607
Recharging:	01860.00	01.4479	00.5004	0000.3667
Recharging:	01890.00	01.4486	00.5004	0000.3727
Recharging:	01920.00	01.4492	00.5004	0000.3788
Recharging:	01950.00	01.4497	00.5004	0000.3848
Recharging:	01980.00	01.4503	00.5004	0000.3909
Recharging:	02010.00	01.4509	00.5004	0000.3969
Recharging:	02040.00	01.4514	00.5004	0000.4030
Recharging:	02070.00	01.4520	00.5004	0000.4090
Recharging:	02100.00	01.4525	00.5004	0000.4151
Recharging:	02130.00	01.4530	00.5004	0000.4212
Recharging:	02160.00	01.4535	00.5004	0000.4272
Recharging:	02190.00	01.4540	00.5004	0000.4333
Recharging:	02220.00	01.4545	00.5004	0000.4393
Recharging:	02250.00	01.4550	00.5004	0000.4454
Recharging:	02280.00	01.4556	00.5004	0000.4515
Recharging:	02310.00	01.4560	00.5004	0000.4576
Recharging:	02340.00	01.4565	00.5004	0000.4636
Recharging:	02370.00	01.4569	00.5004	0000.4697
Recharging:	02400.00	01.4574	00.5004	0000.4758
Recharging:	02430.00	01.4578	00.5004	0000.4819
Recharging:	02460.00	01.4583	00.5004	0000.4879
Recharging:	02490.00	01.4587	00.5004	0000.4940
Recharging:	02520.00	01.4591	00.5004	0000.5001
Recharging:	02550.00	01.4596	00.5005	0000.5062
Recharging:	02580.00	01.4600	00.5004	0000.5123
Recharging:	02610.00	01.4604	00.5004	0000.5184
Recharging:	02640.00	01.4608	00.5004	0000.5245
Recharging:	02670.00	01.4612	00.5004	0000.5306
Recharging:	02700.00	01.4616	00.5004	0000.5367
Recharging:	02730.00	01.4620	00.5004	0000.5428
Recharging:	02760.00	01.4623	00.5005	0000.5489
Recharging:	02790.00	01.4628	00.5004	0000.5550
Recharging:	02820.00	01.4631	00.5004	0000.5611
Recharging:	02850.00	01.4634	00.5004	0000.5672
Recharging:	02880.00	01.4638	00.5004	0000.5733
Recharging:	02910.00	01.4641	00.5004	0000.5794
Recharging:	02940.00	01.4645	00.5004	0000.5855
Recharging:	02970.00	01.4648	00.5004	0000.5916
Recharging:	03000.00	01.4652	00.5005	0000.5977
Recharging:	03030.00	01.4655	00.5005	0000.6038
Recharging:	03060.00	01.4658	00.5004	0000.6099
Recharging:	03090.00	01.4661	00.5004	0000.6160
Recharging:	03120.00	01.4665	00.5004	0000.6222
Recharging:	03150.00	01.4668	00.5004	0000.6283
Recharging:	03180.00	01.4671	00.5004	0000.6344
Recharging:	03210.00	01.4674	00.5004	0000.6405
Recharging:	03240.00	01.4677	00.5004	0000.6466
Recharging:	03270.00	01.4680	00.5004	0000.6527
Recharging:	03300.00	01.4683	00.5004	0000.6589
Recharging:	03330.00	01.4686	00.5005	0000.6650
Recharging:	03360.00	01.4688	00.5004	0000.6711
Recharging:	03390.00	01.4691	00.5004	0000.6772
Recharging:	03420.00	01.4694	00.5004	0000.6834
Recharging:	03450.00	01.4697	00.5004	0000.6895
Recharging:	03480.00	01.4699	00.5005	0000.6956
Recharging:	03510.00	01.4702	00.5004	0000.7018
Recharging:	03540.00	01.4705	00.5004	0000.7079
Recharging:	03570.00	01.4707	00.5004	0000.7140
Recharging:	03600.00	01.4709	00.5004	0000.7202
Recharging:	03630.00	01.4712	00.5004	0000.7263
Recharging:	03660.00	01.4715	00.5005	0000.7324
Recharging:	03690.00	01.4718	00.5004	0000.7386
Recharging:	03720.00	01.4720	00.5004	0000.7447
Recharging:	03750.00	01.4722	00.5005	0000.7509
Recharging:	03780.00	01.4725	00.5005	0000.7570
Recharging:	03810.00	01.4727	00.5005	0000.7631
Recharging:	03840.00	01.4729	00.5004	0000.7693
Recharging:	03870.00	01.4732	00.5004	0000.7754
Recharging:	03900.00	01.4734	00.5004	0000.7816
Recharging:	03930.00	01.4736	00.5004	0000.7877
Recharging:	03960.00	01.4738	00.5004	0000.7939
Recharging:	03990.00	01.4741	00.5004	0000.8000
Recharging:	04020.00	01.4743	00.5004	0000.8062
Recharging:	04050.00	01.4745	00.5005	0000.8123
Recharging:	04080.00	01.4747	00.5004	0000.8185
Recharging:	04110.00	01.4749	00.5004	0000.8246
Recharging:	04140.00	01.4752	00.5004	0000.8308
Recharging:	04170.00	01.4753	00.5004	0000.8369
Recharging:	04200.00	01.4756	00.5004	0000.8431
Recharging:	04230.00	01.4758	00.5004	0000.8492
Recharging:	04260.00	01.4760	00.5004	0000.8554
Recharging:	04290.00	01.4762	00.5004	0000.8615
Recharging:	04320.00	01.4764	00.5004	0000.8677
Recharging:	04350.00	01.4766	00.5004	0000.8738
Recharging:	04380.00	01.4769	00.5005	0000.8800
Recharging:	04410.00	01.4771	00.5005	0000.8862
Recharging:	04440.00	01.4773	00.5004	0000.8923
Recharging:	04470.00	01.4775	00.5004	0000.8985
Recharging:	04500.00	01.4776	00.5004	0000.9046
Recharging:	04530.00	01.4779	00.5004	0000.9108
Recharging:	04560.00	01.4781	00.5004	0000.9170
Recharging:	04590.00	01.4783	00.5004	0000.9231
Recharging:	04620.00	01.4785	00.5004	0000.9293
Recharging:	04650.00	01.4787	00.5004	0000.9355
Recharging:	04680.00	01.4789	00.5004	0000.9416
Recharging:	04710.00	01.4791	00.5004	0000.9478
Recharging:	04740.00	01.4793	00.5004	0000.9540
Recharging:	04770.00	01.4795	00.5004	0000.9601
Recharging:	04800.00	01.4797	00.5004	0000.9663
Recharging:	04830.00	01.4799	00.5004	0000.9725
Recharging:	04860.00	01.4801	00.5004	0000.9787
Recharging:	04890.00	01.4803	00.5005	0000.9848
Recharging:	04920.00	01.4805	00.5004	0000.9910
Recharging:	04950.00	01.4806	00.5004	0000.9972
Recharging:	04980.00	01.4808	00.5004	0001.0034
Recharging:	05010.00	01.4810	00.5004	0001.0095
Recharging:	05040.00	01.4811	00.5005	0001.0157
Recharging:	05070.00	01.4813	00.5004	0001.0219
Recharging:	05100.00	01.4814	00.5004	0001.0281
Recharging:	05130.00	01.4817	00.5004	0001.0342
Recharging:	05160.00	01.4818	00.5004	0001.0404
Recharging:	05190.00	01.4820	00.5004	0001.0466
Recharging:	05220.00	01.4822	00.5004	0001.0528
Recharging:	05250.00	01.4824	00.5004	0001.0590
Recharging:	05280.00	01.4826	00.5005	0001.0652
Recharging:	05310.00	01.4828	00.5005	0001.0713
Recharging:	05340.00	01.4829	00.5005	0001.0775
Recharging:	05370.00	01.4832	00.5004	0001.0837
Recharging:	05400.00	01.4833	00.5005	0001.0899
Recharging:	05430.00	01.4835	00.5004	0001.0961
Recharging:	05460.00	01.4838	00.5004	0001.1023
Recharging:	05490.00	01.4840	00.5004	0001.1085
Recharging:	05520.00	01.4841	00.5004	0001.1146
Recharging:	05550.00	01.4843	00.5005	0001.1208
Recharging:	05580.00	01.4846	00.5004	0001.1270
Recharging:	05610.00	01.4848	00.5004	0001.1332
Recharging:	05640.00	01.4850	00.5004	0001.1394
Recharging:	05670.00	01.4852	00.5004	0001.1456
Recharging:	05700.00	01.4854	00.5004	0001.1518
Recharging:	05730.00	01.4856	00.5005	0001.1580
Recharging:	05760.00	01.4858	00.5005	0001.1642
Recharging:	05790.00	01.4860	00.5004	0001.1704
Recharging:	05820.00	01.4863	00.5004	0001.1766
Recharging:	05850.00	01.4865	00.5004	0001.1828
Recharging:	05880.00	01.4867	00.5005	0001.1890
Recharging:	05910.00	01.4869	00.5004	0001.1952
Recharging:	05940.00	01.4871	00.5005	0001.2014
Recharging:	05970.00	01.4873	00.5004	0001.2076
Recharging:	06000.00	01.4876	00.5004	0001.2138
Recharging:	06030.00	01.4879	00.5004	0001.2200
Recharging:	06060.00	01.4881	00.5004	0001.2262
Recharging:	06090.00	01.4884	00.5004	0001.2324
Recharging:	06120.00	01.4886	00.5004	0001.2386
Recharging:	06150.00	01.4888	00.5005	0001.2448
Recharging:	06180.00	01.4890	00.5004	0001.2510
Recharging:	06210.00	01.4893	00.5004	0001.2573
Recharging:	06240.00	01.4896	00.5005	0001.2635
Recharging:	06270.00	01.4898	00.5005	0001.2697
Recharging:	06300.00	01.4901	00.5004	0001.2759
Recharging:	06330.00	01.4903	00.5004	0001.2821
Recharging:	06360.00	01.4906	00.5004	0001.2883
Recharging:	06390.00	01.4909	00.5005	0001.2945
Recharging:	06420.00	01.4911	00.5004	0001.3008
Recharging:	06450.00	01.4914	00.5004	0001.3070
Recharging:	06480.00	01.4917	00.5004	0001.3132
Recharging:	06510.00	01.4920	00.5004	0001.3194
Recharging:	06540.00	01.4922	00.5004	0001.3256
Recharging:	06570.00	01.4925	00.5005	0001.3319
Recharging:	06600.00	01.4928	00.5004	0001.3381
Recharging:	06630.00	01.4931	00.5004	0001.3443
Recharging:	06660.00	01.4933	00.5004	0001.3505
Recharging:	06690.00	01.4936	00.5004	0001.3568
Recharging:	06720.00	01.4939	00.5004	0001.3630
Recharging:	06750.00	01.4942	00.5004	0001.3692
Recharging:	06780.00	01.4945	00.5004	0001.3755
Recharging:	06810.00	01.4948	00.5004	0001.3817
Recharging:	06840.00	01.4950	00.5004	0001.3879
Recharging:	06870.00	01.4954	00.5004	0001.3942
Recharging:	06900.00	01.4957	00.5005	0001.4004
Recharging:	06930.00	01.4960	00.5005	0001.4067
Recharging:	06960.00	01.4963	00.5004	0001.4129
Recharging:	06990.00	01.4966	00.5005	0001.4191
Recharging:	07020.00	01.4969	00.5004	0001.4254
Recharging:	07050.00	01.4972	00.5004	0001.4316
Recharging:	07080.00	01.4975	00.5004	0001.4379
Recharging:	07110.00	01.4979	00.5004	0001.4441
Recharging:	07140.00	01.4982	00.5005	0001.4504
Recharging:	07170.00	01.4985	00.5004	0001.4566
Recharging:	07200.00	01.4988	00.5005	0001.4629
Recharging:	07230.00	01.4992	00.5004	0001.4691
Recharging:	07260.00	01.4995	00.5005	0001.4754
Recharging:	07290.00	01.4997	00.5004	0001.4816
Recharging:	07320.00	01.5001	00.5004	0001.4879
Recharging:	07350.00	01.5004	00.5005	0001.4941
Recharging:	07380.00	01.5008	00.5004	0001.5004
Recharging:	07410.00	01.5011	00.5005	0001.5067
Recharging:	07440.00	01.5015	00.5005	0001.5129
Recharging:	07470.00	01.5018	00.5004	0001.5192
Recharging:	07500.00	01.5022	00.5004	0001.5254
Recharging:	07530.00	01.5025	00.5004	0001.5317
Recharging:	07560.00	01.5029	00.5004	0001.5380
Recharging:	07590.00	01.5032	00.5005	0001.5442
Recharging:	07620.00	01.5036	00.5004	0001.5505
Recharging:	07650.00	01.5040	00.5005	0001.5568
Recharging:	07680.00	01.5043	00.5004	0001.5631
Recharging:	07710.00	01.5047	00.5004	0001.5693
Recharging:	07740.00	01.5051	00.5004	0001.5756
Recharging:	07770.00	01.5054	00.5004	0001.5819
Recharging:	07800.00	01.5058	00.5004	0001.5882
Recharging:	07830.00	01.5062	00.5004	0001.5945
Recharging:	07860.00	01.5066	00.5004	0001.6007
Recharging:	07890.00	01.5070	00.5004	0001.6070
Recharging:	07920.00	01.5074	00.5004	0001.6133
Recharging:	07950.00	01.5077	00.5004	0001.6196
Recharging:	07980.00	01.5081	00.5004	0001.6259
Recharging:	08010.00	01.5085	00.5004	0001.6322
Recharging:	08040.00	01.5089	00.5004	0001.6385
Recharging:	08070.00	01.5093	00.5004	0001.6448
Recharging:	08100.00	01.5097	00.5004	0001.6511
Recharging:	08130.00	01.5101	00.5004	0001.6574
Recharging:	08160.00	01.5106	00.5004	0001.6637
Recharging:	08190.00	01.5109	00.5004	0001.6700
Recharging:	08220.00	01.5113	00.5005	0001.6763
Recharging:	08250.00	01.5118	00.5005	0001.6826
Recharging:	08280.00	01.5122	00.5004	0001.6889
Recharging:	08310.00	01.5126	00.5004	0001.6952
Recharging:	08340.00	01.5131	00.5004	0001.7015
Recharging:	08370.00	01.5135	00.5004	0001.7078
Recharging:	08400.00	01.5139	00.5004	0001.7141
Recharging:	08430.00	01.5144	00.5005	0001.7204
Recharging:	08460.00	01.5148	00.5004	0001.7267
Recharging:	08490.00	01.5152	00.5004	0001.7331
Recharging:	08520.00	01.5156	00.5004	0001.7394
Recharging:	08550.00	01.5160	00.5005	0001.7457
Recharging:	08580.00	01.5165	00.5005	0001.7520
Recharging:	08610.00	01.5169	00.5005	0001.7584
Recharging:	08640.00	01.5174	00.5004	0001.7647
Recharging:	08670.00	01.5178	00.5005	0001.7710
Recharging:	08700.00	01.5183	00.5004	0001.7773
Recharging:	08730.00	01.5187	00.5004	0001.7837
Recharging:	08760.00	01.5192	00.5004	0001.7900
Recharging:	08790.00	01.5196	00.5004	0001.7964
Recharging:	08820.00	01.5201	00.5005	0001.8027
Recharging:	08850.00	01.5205	00.5004	0001.8090
Recharging:	08880.00	01.5210	00.5004	0001.8154
Recharging:	08910.00	01.5214	00.5004	0001.8217
Recharging:	08940.00	01.5219	00.5004	0001.8281
Recharging:	08970.00	01.5224	00.5004	0001.8344
Recharging:	09000.00	01.5228	00.5005	0001.8408
Recharging:	09030.00	01.5232	00.5004	0001.8471
Recharging:	09060.00	01.5237	00.5004	0001.8535
Recharging:	09090.00	01.5242	00.5004	0001.8598
Recharging:	09120.00	01.5247	00.5004	0001.8662
Recharging:	09150.00	01.5251	00.5005	0001.8726
Recharging:	09180.00	01.5256	00.5004	0001.8789
Recharging:	09210.00	01.5260	00.5005	0001.8853
Recharging:	09240.00	01.5265	00.5004	0001.8916
Recharging:	09270.00	01.5270	00.5004	0001.8980
Recharging:	09300.00	01.5275	00.5004	0001.9044
Recharging:	09330.00	01.5280	00.5004	0001.9108
Recharging:	09360.00	01.5284	00.5005	0001.9171
Recharging:	09390.00	01.5289	00.5005	0001.9235
Recharging:	09420.00	01.5294	00.5005	0001.9299
Recharging:	09450.00	01.5298	00.5004	0001.9363
Recharging:	09480.00	01.5303	00.5005	0001.9426
Recharging:	09510.00	01.5308	00.5005	0001.9490
Recharging:	09540.00	01.5313	00.5005	0001.9554
Recharging:	09570.00	01.5318	00.5004	0001.9618
Recharging:	09600.00	01.5323	00.5004	0001.9682
Recharging:	09630.00	01.5328	00.5005	0001.9746
Recharging:	09660.00	01.5333	00.5005	0001.9810
Recharging:	09690.00	01.5337	00.5004	0001.9874
Recharging:	09720.00	01.5342	00.5005	0001.9938
Recharging:	09750.00	01.5347	00.5005	0002.0002
Recharging:	09780.00	01.5352	00.5005	0002.0066
Recharging:	09810.00	01.5356	00.5005	0002.0130
Recharging:	09840.00	01.5361	00.5005	0002.0194
Recharging:	09870.00	01.5366	00.5005	0002.0258
Recharging:	09900.00	01.5370	00.5004	0002.0322
Recharging:	09930.00	01.5375	00.5004	0002.0386
Recharging:	09960.00	01.5379	00.5004	0002.0450
Recharging:	09990.00	01.5384	00.5005	0002.0514
Recharging:	10020.00	01.5389	00.5004	0002.0579
Recharging:	10050.00	01.5394	00.5005	0002.0643
Recharging:	10080.00	01.5399	00.5004	0002.0707
Recharging:	10110.00	01.5404	00.5005	0002.0771
Recharging:	10140.00	01.5409	00.5004	0002.0836
Recharging:	10170.00	01.5414	00.5004	0002.0900
Recharging:	10200.00	01.5419	00.5004	0002.0964
Recharging:	10230.00	01.5425	00.5005	0002.1029
Recharging:	10260.00	01.5430	00.5005	0002.1093
Recharging:	10290.00	01.5435	00.5005	0002.1157
Recharging:	10320.00	01.5440	00.5005	0002.1222
Recharging:	10350.00	01.5445	00.5005	0002.1286
Recharging:	10380.00	01.5451	00.5004	0002.1350
Recharging:	10410.00	01.5455	00.5005	0002.1415
Recharging:	10440.00	01.5460	00.5004	0002.1479
Recharging:	10470.00	01.5465	00.5005	0002.1544
Recharging:	10500.00	01.5470	00.5005	0002.1608
Recharging:	10530.00	01.5476	00.5004	0002.1673
Recharging:	10560.00	01.5481	00.5005	0002.1738
Recharging:	10590.00	01.5486	00.5005	0002.1802
Recharging:	10620.00	01.5491	00.5005	0002.1867
Recharging:	10650.00	01.5496	00.5005	0002.1931
Recharging:	10680.00	01.5502	00.5005	0002.1996
Recharging:	10710.00	01.5506	00.5005	0002.2061
Recharging:	10740.00	01.5512	00.5005	0002.2125
Recharging:	10770.00	01.5517	00.5005	0002.2190
Recharging:	10800.00	01.5522	00.5005	0002.2255
Recharging:	10830.00	01.5527	00.5004	0002.2320
Recharging:	10860.00	01.5532	00.5005	0002.2384
Recharging:	10890.00	01.5538	00.5005	0002.2449
Recharging:	10920.00	01.5543	00.5004	0002.2514
Recharging:	10950.00	01.5548	00.5005	0002.2579
Recharging:	10980.00	01.5553	00.5004	0002.2644
Recharging:	11010.00	01.5558	00.5005	0002.2709
Recharging:	11040.00	01.5563	00.5005	0002.2773
Recharging:	11070.00	01.5568	00.5005	0002.2838
Recharging:	11100.00	01.5574	00.5005	0002.2903
Recharging:	11130.00	01.5579	00.5005	0002.2968
Recharging:	11160.00	01.5584	00.5004	0002.3033
Recharging:	11190.00	01.5589	00.5005	0002.3098
Recharging:	11220.00	01.5594	00.5004	0002.3163
Recharging:	11250.00	01.5599	00.5004	0002.3228
Recharging:	11280.00	01.5604	00.5004	0002.3293
Recharging:	11310.00	01.5609	00.5005	0002.3359
Recharging:	11340.00	01.5613	00.5004	0002.3424
Recharging:	11370.00	01.5618	00.5005	0002.3489
Recharging:	11400.00	01.5623	00.5004	0002.3554
Recharging:	11430.00	01.5628	00.5005	0002.3619
Recharging:	11460.00	01.5632	00.5005	0002.3684
Recharging:	11490.00	01.5637	00.5005	0002.3750
Recharging:	11520.00	01.5641	00.5004	0002.3815
Recharging:	11550.00	01.5646	00.5004	0002.3880
Recharging:	11580.00	01.5650	00.5004	0002.3945
Recharging:	11610.00	01.5654	00.5005	0002.4011
Recharging:	11640.00	01.5658	00.5005	0002.4076
Recharging:	11670.00	01.5661	00.5004	0002.4141
Recharging:	11700.00	01.5665	00.5004	0002.4207
Recharging:	11730.00	01.5669	00.5004	0002.4272
Recharging:	11760.00	01.5672	00.5005	0002.4337
Recharging:	11790.00	01.5675	00.5004	0002.4403
Recharging:	11820.00	01.5679	00.5005	0002.4468
Recharging:	11850.00	01.5683	00.5004	0002.4533
Recharging:	11880.00	01.5686	00.5005	0002.4599
Recharging:	11910.00	01.5689	00.5004	0002.4664
Recharging:	11940.00	01.5692	00.5004	0002.4730
Recharging:	11970.00	01.5694	00.5004	0002.4795
Recharging:	12000.00	01.5698	00.5004	0002.4861
Recharging:	12030.00	01.5700	00.5005	0002.4926
Recharging:	12060.00	01.5704	00.5004	0002.4992
Recharging:	12090.00	01.5706	00.5004	0002.5057
Recharging:	12120.00	01.5709	00.5004	0002.5123
Recharging:	12150.00	01.5711	00.5004	0002.5188
Recharging:	12180.00	01.5714	00.5004	0002.5254
Recharging:	12210.00	01.5717	00.5004	0002.5319
Recharging:	12240.00	01.5719	00.5004	0002.5385
Recharging:	12270.00	01.5721	00.5005	0002.5450
Recharging:	12300.00	01.5722	00.5005	0002.5516
Recharging:	12330.00	01.5725	00.5004	0002.5581
Recharging:	12360.00	01.5727	00.5005	0002.5647
Recharging:	12390.00	01.5729	00.5005	0002.5713
Recharging:	12420.00	01.5731	00.5005	0002.5778
Recharging:	12450.00	01.5733	00.5004	0002.5844
Recharging:	12480.00	01.5735	00.5005	0002.5909
Recharging:	12510.00	01.5737	00.5004	0002.5975
Recharging:	12540.00	01.5739	00.5005	0002.6041
Recharging:	12570.00	01.5741	00.5005	0002.6106
Recharging:	12600.00	01.5743	00.5005	0002.6172
Recharging:	12630.00	01.5744	00.5005	0002.6238
Recharging:	12660.00	01.5746	00.5005	0002.6303
Recharging:	12690.00	01.5748	00.5005	0002.6369
Recharging:	12720.00	01.5750	00.5005	0002.6435
Recharging:	12750.00	01.5751	00.5005	0002.6500
Recharging:	12780.00	01.5753	00.5005	0002.6566
Recharging:	12810.00	01.5755	00.5005	0002.6632
Recharging:	12840.00	01.5756	00.5004	0002.6698
Recharging:	12870.00	01.5758	00.5004	0002.6763
Recharging:	12900.00	01.5760	00.5005	0002.6829
Recharging:	12930.00	01.5762	00.5005	0002.6895
Recharging:	12960.00	01.5763	00.5005	0002.6960
Recharging:	12990.00	01.5765	00.5005	0002.7026
Recharging:	13020.00	01.5767	00.5005	0002.7092
Recharging:	13050.00	01.5768	00.5004	0002.7158
Recharging:	13080.00	01.5769	00.5005	0002.7223
Recharging:	13110.00	01.5771	00.5005	0002.7289
Recharging:	13140.00	01.5773	00.5005	0002.7355
Recharging:	13170.00	01.5775	00.5005	0002.7421
Recharging:	13200.00	01.5776	00.5005	0002.7487
Recharging:	13230.00	01.5778	00.5005	0002.7552
Recharging:	13260.00	01.5779	00.5005	0002.7618
Recharging:	13290.00	01.5781	00.5005	0002.7684
Recharging:	13320.00	01.5783	00.5004	0002.7750
Recharging:	13350.00	01.5784	00.5004	0002.7816
Recharging:	13380.00	01.5786	00.5005	0002.7882
Recharging:	13410.00	01.5787	00.5004	0002.7947
Recharging:	13440.00	01.5788	00.5004	0002.8013
Recharging:	13470.00	01.5790	00.5005	0002.8079
Recharging:	13500.00	01.5791	00.5004	0002.8145
Recharging:	13530.00	01.5792	00.5004	0002.8211
Recharging:	13560.00	01.5793	00.5004	0002.8277
Recharging:	13590.00	01.5795	00.5005	0002.8342
Recharging:	13620.00	01.5796	00.5005	0002.8408
Recharging:	13650.00	01.5798	00.5005	0002.8474
Recharging:	13680.00	01.5798	00.5005	0002.8540
Recharging:	13710.00	01.5799	00.5005	0002.8606
Recharging:	13740.00	01.5800	00.5005	0002.8672
Recharging:	13770.00	01.5799	00.5005	0002.8738
Recharging:	13800.00	01.5799	00.5004	0002.8804
Recharging:	13830.00	01.5800	00.5005	0002.8870
Recharging:	13860.00	01.5800	00.5004	0002.8935
Recharging:	13890.00	01.5801	00.5005	0002.9001
