Charging:	00015.00	03.7845	01.0001	0000.0158
Charging:	00030.00	03.9375	00.9997	0000.0322
Charging:	00045.00	03.9435	00.9997	0000.0486
Charging:	00060.00	03.9478	00.9997	0000.0650
Charging:	00075.00	03.9510	00.9998	0000.0815
Charging:	00090.00	03.9535	00.9997	0000.0980
Charging:	00105.00	03.9552	00.9998	0000.1144
Charging:	00120.00	03.9565	00.9998	0000.1309
Charging:	00135.00	03.9574	00.9998	0000.1474
Charging:	00150.00	03.9580	00.9997	0000.1639
Charging:	00165.00	03.9584	00.9998	0000.1804
Charging:	00180.00	03.9586	00.9998	0000.1969
Charging:	00195.00	03.9587	00.9998	0000.2134
Charging:	00210.00	03.9586	00.9998	0000.2299
Charging:	00225.00	03.9586	00.9998	0000.2464
Charging:	00240.00	03.9585	00.9998	0000.2628
Charging:	00255.00	03.9584	00.9997	0000.2793
Charging:	00270.00	03.9583	00.9997	0000.2958
Charging:	00285.00	03.9582	00.9997	0000.3123
Charging:	00300.00	03.9581	00.9997	0000.3288
Charging:	00315.00	03.9581	00.9997	0000.3453
Charging:	00330.00	03.9581	00.9997	0000.3618
Charging:	00345.00	03.9581	00.9997	0000.3783
Charging:	00360.00	03.9581	00.9997	0000.3947
Charging:	00375.00	03.9581	00.9997	0000.4112
Charging:	00390.00	03.9583	00.9997	0000.4277
Charging:	00405.00	03.9583	00.9997	0000.4442
Charging:	00420.00	03.9585	00.9998	0000.4607
Charging:	00435.00	03.9586	00.9997	0000.4772
Charging:	00450.00	03.9588	00.9997	0000.4937
Charging:	00465.00	03.9590	00.9997	0000.5102
Charging:	00480.00	03.9593	00.9998	0000.5267
Charging:	00495.00	03.9595	00.9997	0000.5432
Charging:	00510.00	03.9597	00.9997	0000.5597
Charging:	00525.00	03.9600	00.9997	0000.5761
Charging:	00540.00	03.9603	00.9997	0000.5926
Charging:	00555.00	03.9607	00.9997	0000.6091
Charging:	00570.00	03.9610	00.9997	0000.6256
Charging:	00585.00	03.9613	00.9997	0000.6421
Charging:	00600.00	03.9616	00.9997	0000.6586
Charging:	00615.00	03.9620	00.9997	0000.6752
Charging:	00630.00	03.9623	00.9997	0000.6917
Charging:	00645.00	03.9627	00.9997	0000.7082
Charging:	00660.00	03.9631	00.9997	0000.7247
Charging:	00675.00	03.9635	00.9997	0000.7412
Charging:	00690.00	03.9639	00.9997	0000.7577
Charging:	00705.00	03.9642	00.9997	0000.7742
Charging:	00720.00	03.9646	00.9998	0000.7907
Charging:	00735.00	03.9650	00.9997	0000.8072
Charging:	00750.00	03.9654	00.9998	0000.8238
Charging:	00765.00	03.9658	00.9997	0000.8403
Charging:	00780.00	03.9662	00.9998	0000.8568
Charging:	00795.00	03.9666	00.9997	0000.8733
Charging:	00810.00	03.9670	00.9997	0000.8898
Charging:	00825.00	03.9674	00.9998	0000.9064
Charging:	00840.00	03.9678	00.9998	0000.9229
Charging:	00855.00	03.9682	00.9998	0000.9394
Charging:	00870.00	03.9686	00.9998	0000.9560
Charging:	00885.00	03.9690	00.9998	0000.9725
Charging:	00900.00	03.9693	00.9998	0000.9890
Charging:	00915.00	03.9698	00.9998	0001.0056
Charging:	00930.00	03.9701	00.9997	0001.0221
Charging:	00945.00	03.9705	00.9997	0001.0386
Charging:	00960.00	03.9709	00.9998	0001.0552
Charging:	00975.00	03.9712	00.9997	0001.0717
Charging:	00990.00	03.9716	00.9997	0001.0883
Charging:	01005.00	03.9720	00.9997	0001.1048
Charging:	01020.00	03.9724	00.9998	0001.1214
Charging:	01035.00	03.9728	00.9998	0001.1379
Charging:	01050.00	03.9732	00.9997	0001.1545
Charging:	01065.00	03.9737	00.9997	0001.1710
Charging:	01080.00	03.9741	00.9998	0001.1876
Charging:	01095.00	03.9744	00.9997	0001.2041
Charging:	01110.00	03.9749	00.9997	0001.2207
Charging:	01125.00	03.9752	00.9997	0001.2372
Charging:	01140.00	03.9756	00.9998	0001.2538
Charging:	01155.00	03.9759	00.9998	0001.2704
Charging:	01170.00	03.9763	00.9997	0001.2869
Charging:	01185.00	03.9767	00.9998	0001.3035
Charging:	01200.00	03.9770	00.9998	0001.3201
Charging:	01215.00	03.9774	00.9997	0001.3366
Charging:	01230.00	03.9778	00.9997	0001.3532
Charging:	01245.00	03.9782	00.9998	0001.3698
Charging:	01260.00	03.9785	00.9998	0001.3864
Charging:	01275.00	03.9789	00.9998	0001.4029
Charging:	01290.00	03.9792	00.9998	0001.4195
Charging:	01305.00	03.9797	00.9998	0001.4361
Charging:	01320.00	03.9800	00.9997	0001.4527
Charging:	01335.00	03.9805	00.9998	0001.4692
Charging:	01350.00	03.9809	00.9998	0001.4858
Charging:	01365.00	03.9812	00.9997	0001.5024
Charging:	01380.00	03.9816	00.9998	0001.5190
Charging:	01395.00	03.9820	00.9998	0001.5356
Charging:	01410.00	03.9824	00.9997	0001.5522
Charging:	01425.00	03.9828	00.9998	0001.5688
Charging:	01440.00	03.9832	00.9997	0001.5854
Charging:	01455.00	03.9836	00.9997	0001.6019
Charging:	01470.00	03.9840	00.9997	0001.6185
Charging:	01485.00	03.9844	00.9998	0001.6351
Charging:	01500.00	03.9848	00.9997	0001.6517
Charging:	01515.00	03.9852	00.9998	0001.6683
Charging:	01530.00	03.9856	00.9998	0001.6849
Charging:	01545.00	03.9861	00.9997	0001.7015
Charging:	01560.00	03.9865	00.9997	0001.7182
Charging:	01575.00	03.9869	00.9997	0001.7348
Charging:	01590.00	03.9873	00.9997	0001.7514
Charging:	01605.00	03.9878	00.9997	0001.7680
Charging:	01620.00	03.9882	00.9997	0001.7846
Charging:	01635.00	03.9886	00.9998	0001.8012
Charging:	01650.00	03.9891	00.9998	0001.8178
Charging:	01665.00	03.9895	00.9998	0001.8344
Charging:	01680.00	03.9899	00.9998	0001.8511
Charging:	01695.00	03.9903	00.9998	0001.8677
Charging:	01710.00	03.9908	00.9997	0001.8843
Charging:	01725.00	03.9913	00.9997	0001.9009
Charging:	01740.00	03.9917	00.9997	0001.9176
Charging:	01755.00	03.9922	00.9998	0001.9342
Charging:	01770.00	03.9926	00.9997	0001.9508
Charging:	01785.00	03.9931	00.9998	0001.9675
Charging:	01800.00	03.9936	00.9998	0001.9841
Charging:	01815.00	03.9940	00.9998	0002.0007
Charging:	01830.00	03.9945	00.9997	0002.0174
Charging:	01845.00	03.9950	00.9997	0002.0340
Charging:	01860.00	03.9954	00.9998	0002.0507
Charging:	01875.00	03.9959	00.9998	0002.0673
Charging:	01890.00	03.9964	00.9998	0002.0840
Charging:	01905.00	03.9968	00.9997	0002.1006
Charging:	01920.00	03.9973	00.9997	0002.1173
Charging:	01935.00	03.9978	00.9998	0002.1339
Charging:	01950.00	03.9983	00.9998	0002.1506
Charging:	01965.00	03.9988	00.9997	0002.1672
Charging:	01980.00	03.9993	00.9998	0002.1839
Charging:	01995.00	03.9998	00.9997	0002.2005
Charging:	02010.00	04.0003	00.9997	0002.2172
Charging:	02025.00	04.0008	00.9997	0002.2339
Charging:	02040.00	04.0013	00.9998	0002.2505
Charging:	02055.00	04.0018	00.9997	0002.2672
Charging:	02070.00	04.0023	00.9998	0002.2839
Charging:	02085.00	04.0028	00.9997	0002.3006
Charging:	02100.00	04.0033	00.9997	0002.3172
Charging:	02115.00	04.0038	00.9997	0002.3339
Charging:	02130.00	04.0043	00.9998	0002.3506
Charging:	02145.00	04.0049	00.9997	0002.3673
Charging:	02160.00	04.0054	00.9997	0002.3840
Charging:	02175.00	04.0059	00.9998	0002.4006
Charging:	02190.00	04.0064	00.9997	0002.4173
Charging:	02205.00	04.0069	00.9998	0002.4340
Charging:	02220.00	04.0074	00.9998	0002.4507
Charging:	02235.00	04.0079	00.9998	0002.4674
Charging:	02250.00	04.0085	00.9998	0002.4841
Charging:	02265.00	04.0090	00.9997	0002.5008
Charging:	02280.00	04.0096	00.9998	0002.5175
Charging:	02295.00	04.0101	00.9997	0002.5342
Charging:	02310.00	04.0106	00.9997	0002.5509
Charging:	02325.00	04.0111	00.9997	0002.5676
Charging:	02340.00	04.0117	00.9997	0002.5843
Charging:	02355.00	04.0122	00.9998	0002.6011
Charging:	02370.00	04.0127	00.9998	0002.6178
Charging:	02385.00	04.0133	00.9998	0002.6345
Charging:	02400.00	04.0137	00.9998	0002.6512
Charging:	02415.00	04.0143	00.9998	0002.6679
Charging:	02430.00	04.0148	00.9998	0002.6847
Charging:	02445.00	04.0153	00.9998	0002.7014
Charging:	02460.00	04.0158	00.9998	0002.7181
Charging:	02475.00	04.0163	00.9998	0002.7348
Charging:	02490.00	04.0168	00.9998	0002.7516
Charging:	02505.00	04.0173	00.9998	0002.7683
Charging:	02520.00	04.0178	00.9998	0002.7850
Charging:	02535.00	04.0184	00.9997	0002.8018
Charging:	02550.00	04.0188	00.9998	0002.8185
Charging:	02565.00	04.0193	00.9997	0002.8353
Charging:	02580.00	04.0198	00.9998	0002.8520
Charging:	02595.00	04.0203	00.9997	0002.8688
Charging:	02610.00	04.0209	00.9998	0002.8855
Charging:	02625.00	04.0213	00.9997	0002.9023
Charging:	02640.00	04.0219	00.9997	0002.9190
Charging:	02655.00	04.0224	00.9997	0002.9358
Charging:	02670.00	04.0229	00.9997	0002.9525
Charging:	02685.00	04.0233	00.9997	0002.9693
Charging:	02700.00	04.0238	00.9997	0002.9861
Charging:	02715.00	04.0243	00.9998	0003.0028
Charging:	02730.00	04.0248	00.9998	0003.0196
Charging:	02745.00	04.0253	00.9997	0003.0364
Charging:	02760.00	04.0258	00.9998	0003.0531
Charging:	02775.00	04.0262	00.9998	0003.0699
Charging:	02790.00	04.0267	00.9997	0003.0867
Charging:	02805.00	04.0271	00.9998	0003.1034
Charging:	02820.00	04.0276	00.9997	0003.1202
Charging:	02835.00	04.0281	00.9997	0003.1370
Charging:	02850.00	04.0285	00.9997	0003.1538
Charging:	02865.00	04.0289	00.9998	0003.1706
Charging:	02880.00	04.0294	00.9997	0003.1873
Charging:	02895.00	04.0298	00.9998	0003.2041
Charging:	02910.00	04.0302	00.9997	0003.2209
Charging:	02925.00	04.0306	00.9998	0003.2377
Charging:	02940.00	04.0310	00.9997	0003.2545
Charging:	02955.00	04.0315	00.9998	0003.2713
Charging:	02970.00	04.0319	00.9997	0003.2881
Charging:	02985.00	04.0323	00.9998	0003.3049
Charging:	03000.00	04.0328	00.9997	0003.3217
Charging:	03015.00	04.0331	00.9997	0003.3385
Charging:	03030.00	04.0335	00.9997	0003.3553
Charging:	03045.00	04.0339	00.9997	0003.3721
Charging:	03060.00	04.0343	00.9997	0003.3889
Charging:	03075.00	04.0347	00.9997	0003.4057
Charging:	03090.00	04.0350	00.9998	0003.4225
Charging:	03105.00	04.0353	00.9998	0003.4393
Charging:	03120.00	04.0357	00.9997	0003.4561
Charging:	03135.00	04.0361	00.9997	0003.4729
Charging:	03150.00	04.0364	00.9997	0003.4898
Charging:	03165.00	04.0367	00.9998	0003.5066
Charging:	03180.00	04.0370	00.9998	0003.5234
Charging:	03195.00	04.0374	00.9997	0003.5402
Charging:	03210.00	04.0378	00.9998	0003.5570
Charging:	03225.00	04.0381	00.9998	0003.5739
Charging:	03240.00	04.0384	00.9998	0003.5907
Charging:	03255.00	04.0388	00.9997	0003.6075
Charging:	03270.00	04.0391	00.9997	0003.6243
Charging:	03285.00	04.0394	00.9998	0003.6412
Charging:	03300.00	04.0396	00.9997	0003.6580
Charging:	03315.00	04.0400	00.9997	0003.6748
Charging:	03330.00	04.0403	00.9998	0003.6916
Charging:	03345.00	04.0406	00.9998	0003.7085
Charging:	03360.00	04.0409	00.9997	0003.7253
Charging:	03375.00	04.0411	00.9997	0003.7421
Charging:	03390.00	04.0415	00.9997	0003.7590
Charging:	03405.00	04.0417	00.9998	0003.7758
Charging:	03420.00	04.0420	00.9998	0003.7926
Charging:	03435.00	04.0423	00.9998	0003.8095
Charging:	03450.00	04.0426	00.9997	0003.8263
Charging:	03465.00	04.0428	00.9997	0003.8432
Charging:	03480.00	04.0431	00.9997	0003.8600
Charging:	03495.00	04.0433	00.9997	0003.8768
Charging:	03510.00	04.0436	00.9998	0003.8937
Charging:	03525.00	04.0439	00.9997	0003.9105
Charging:	03540.00	04.0441	00.9997	0003.9274
Charging:	03555.00	04.0444	00.9998	0003.9442
Charging:	03570.00	04.0447	00.9997	0003.9611
Charging:	03585.00	04.0449	00.9997	0003.9779
Charging:	03600.00	04.0451	00.9997	0003.9948
Charging:	03615.00	04.0454	00.9997	0004.0116
Charging:	03630.00	04.0457	00.9998	0004.0285
Charging:	03645.00	04.0459	00.9997	0004.0453
Charging:	03660.00	04.0461	00.9997	0004.0622
Charging:	03675.00	04.0464	00.9997	0004.0790
Charging:	03690.00	04.0466	00.9997	0004.0959
Charging:	03705.00	04.0469	00.9997	0004.1128
Charging:	03720.00	04.0471	00.9997	0004.1296
Charging:	03735.00	04.0474	00.9998	0004.1465
Charging:	03750.00	04.0476	00.9998	0004.1633
Charging:	03765.00	04.0479	00.9997	0004.1802
Charging:	03780.00	04.0481	00.9997	0004.1971
Charging:	03795.00	04.0483	00.9997	0004.2139
Charging:	03810.00	04.0486	00.9997	0004.2308
Charging:	03825.00	04.0488	00.9997	0004.2477
Charging:	03840.00	04.0490	00.9998	0004.2645
Charging:	03855.00	04.0492	00.9997	0004.2814
Charging:	03870.00	04.0495	00.9997	0004.2983
Charging:	03885.00	04.0498	00.9998	0004.3151
Charging:	03900.00	04.0500	00.9997	0004.3320
Charging:	03915.00	04.0502	00.9997	0004.3489
Charging:	03930.00	04.0504	00.9997	0004.3657
Charging:	03945.00	04.0507	00.9997	0004.3826
Charging:	03960.00	04.0509	00.9997	0004.3995
Charging:	03975.00	04.0511	00.9998	0004.4164
Charging:	03990.00	04.0513	00.9997	0004.4332
Charging:	04005.00	04.0515	00.9998	0004.4501
Charging:	04020.00	04.0518	00.9998	0004.4670
Charging:	04035.00	04.0520	00.9997	0004.4839
Charging:	04050.00	04.0522	00.9998	0004.5008
Charging:	04065.00	04.0524	00.9997	0004.5176
Charging:	04080.00	04.0527	00.9997	0004.5345
Charging:	04095.00	04.0530	00.9997	0004.5514
Charging:	04110.00	04.0531	00.9997	0004.5683
Charging:	04125.00	04.0534	00.9998	0004.5852
Charging:	04140.00	04.0536	00.9997	0004.6021
Charging:	04155.00	04.0538	00.9997	0004.6189
Charging:	04170.00	04.0541	00.9997	0004.6358
Charging:	04185.00	04.0544	00.9998	0004.6527
Charging:	04200.00	04.0545	00.9998	0004.6696
Charging:	04215.00	04.0547	00.9998	0004.6865
Charging:	04230.00	04.0550	00.9997	0004.7034
Charging:	04245.00	04.0553	00.9998	0004.7203
Charging:	04260.00	04.0555	00.9997	0004.7372
Charging:	04275.00	04.0557	00.9997	0004.7541
Charging:	04290.00	04.0560	00.9997	0004.7710
Charging:	04305.00	04.0562	00.9998	0004.7879
Charging:	04320.00	04.0565	00.9998	0004.8048
Charging:	04335.00	04.0567	00.9998	0004.8217
Charging:	04350.00	04.0569	00.9998	0004.8386
Charging:	04365.00	04.0571	00.9998	0004.8555
Charging:	04380.00	04.0574	00.9998	0004.8724
Charging:	04395.00	04.0576	00.9998	0004.8893
Charging:	04410.00	04.0579	00.9997	0004.9062
Charging:	04425.00	04.0581	00.9997	0004.9231
Charging:	04440.00	04.0583	00.9998	0004.9400
Charging:	04455.00	04.0585	00.9998	0004.9569
Charging:	04470.00	04.0587	00.9998	0004.9738
Charging:	04485.00	04.0590	00.9998	0004.9907
Charging:	04500.00	04.0592	00.9998	0005.0076
Charging:	04515.00	04.0595	00.9998	0005.0245
Charging:	04530.00	04.0597	00.9998	0005.0414
Charging:	04545.00	04.0599	00.9998	0005.0583
Charging:	04560.00	04.0601	00.9998	0005.0753
Charging:	04575.00	04.0603	00.9997	0005.0922
Charging:	04590.00	04.0606	00.9998	0005.1091
Charging:	04605.00	04.0609	00.9998	0005.1260
Charging:	04620.00	04.0611	00.9998	0005.1429
Charging:	04635.00	04.0613	00.9998	0005.1598
Charging:	04650.00	04.0616	00.9997	0005.1768
Charging:	04665.00	04.0618	00.9997	0005.1937
Charging:	04680.00	04.0621	00.9998	0005.2106
Charging:	04695.00	04.0623	00.9997	0005.2275
Charging:	04710.00	04.0625	00.9998	0005.2444
Charging:	04725.00	04.0628	00.9998	0005.2614
Charging:	04740.00	04.0630	00.9997	0005.2783
Charging:	04755.00	04.0633	00.9997	0005.2952
Charging:	04770.00	04.0635	00.9997	0005.3121
Charging:	04785.00	04.0637	00.9997	0005.3291
Charging:	04800.00	04.0640	00.9997	0005.3460
Charging:	04815.00	04.0643	00.9997	0005.3629
Charging:	04830.00	04.0645	00.9998	0005.3799
Charging:	04845.00	04.0647	00.9998	0005.3968
Charging:	04860.00	04.0650	00.9998	0005.4137
Charging:	04875.00	04.0653	00.9997	0005.4307
Charging:	04890.00	04.0655	00.9997	0005.4476
Charging:	04905.00	04.0658	00.9998	0005.4645
Charging:	04920.00	04.0661	00.9998	0005.4815
Charging:	04935.00	04.0663	00.9998	0005.4984
Charging:	04950.00	04.0665	00.9997	0005.5154
Charging:	04965.00	04.0668	00.9997	0005.5323
Charging:	04980.00	04.0671	00.9998	0005.5492
Charging:	04995.00	04.0673	00.9998	0005.5662
Charging:	05010.00	04.0676	00.9997	0005.5831
Charging:	05025.00	04.0678	00.9998	0005.6001
Charging:	05040.00	04.0681	00.9997	0005.6170
Charging:	05055.00	04.0683	00.9997	0005.6340
Charging:	05070.00	04.0686	00.9998	0005.6509
Charging:	05085.00	04.0689	00.9997	0005.6679
Charging:	05100.00	04.0691	00.9998	0005.6848
Charging:	05115.00	04.0694	00.9997	0005.7018
Charging:	05130.00	04.0696	00.9997	0005.7187
Charging:	05145.00	04.0699	00.9998	0005.7357
Charging:	05160.00	04.0702	00.9998	0005.7526
Charging:	05175.00	04.0704	00.9998	0005.7696
Charging:	05190.00	04.0707	00.9998	0005.7865
Charging:	05205.00	04.0709	00.9998	0005.8035
Charging:	05220.00	04.0712	00.9998	0005.8205
Charging:	05235.00	04.0715	00.9998	0005.8374
Charging:	05250.00	04.0718	00.9998	0005.8544
Charging:	05265.00	04.0721	00.9998	0005.8713
Charging:	05280.00	04.0724	00.9997	0005.8883
Charging:	05295.00	04.0726	00.9998	0005.9053
Charging:	05310.00	04.0729	00.9998	0005.9222
Charging:	05325.00	04.0731	00.9998	0005.9392
Charging:	05340.00	04.0733	00.9998	0005.9562
Charging:	05355.00	04.0736	00.9997	0005.9731
Charging:	05370.00	04.0739	00.9998	0005.9901
Charging:	05385.00	04.0742	00.9998	0006.0071
Charging:	05400.00	04.0745	00.9998	0006.0241
Charging:	05415.00	04.0748	00.9998	0006.0410
Charging:	05430.00	04.0750	00.9997	0006.0580
Charging:	05445.00	04.0754	00.9998	0006.0750
Charging:	05460.00	04.0756	00.9998	0006.0920
Charging:	05475.00	04.0759	00.9998	0006.1089
Charging:	05490.00	04.0762	00.9998	0006.1259
Charging:	05505.00	04.0765	00.9997	0006.1429
Charging:	05520.00	04.0767	00.9997	0006.1599
Charging:	05535.00	04.0770	00.9998	0006.1769
Charging:	05550.00	04.0773	00.9998	0006.1938
Charging:	05565.00	04.0776	00.9997	0006.2108
Charging:	05580.00	04.0778	00.9997	0006.2278
Charging:	05595.00	04.0781	00.9997	0006.2448
Charging:	05610.00	04.0784	00.9998	0006.2618
Charging:	05625.00	04.0787	00.9998	0006.2788
Charging:	05640.00	04.0789	00.9998	0006.2958
Charging:	05655.00	04.0793	00.9998	0006.3128
Charging:	05670.00	04.0796	00.9997	0006.3298
Charging:	05685.00	04.0798	00.9998	0006.3468
Charging:	05700.00	04.0801	00.9998	0006.3638
Charging:	05715.00	04.0804	00.9997	0006.3808
Charging:	05730.00	04.0807	00.9997	0006.3978
Charging:	05745.00	04.0810	00.9997	0006.4148
Charging:	05760.00	04.0813	00.9997	0006.4318
Charging:	05775.00	04.0816	00.9998	0006.4488
Charging:	05790.00	04.0819	00.9997	0006.4658
Charging:	05805.00	04.0822	00.9997	0006.4828
Charging:	05820.00	04.0825	00.9997	0006.4998
Charging:	05835.00	04.0828	00.9998	0006.5168
Charging:	05850.00	04.0831	00.9998	0006.5338
Charging:	05865.00	04.0835	00.9998	0006.5508
Charging:	05880.00	04.0837	00.9997	0006.5678
Charging:	05895.00	04.0840	00.9997	0006.5848
Charging:	05910.00	04.0843	00.9998	0006.6018
Charging:	05925.00	04.0846	00.9998	0006.6189
Charging:	05940.00	04.0849	00.9997	0006.6359
Charging:	05955.00	04.0852	00.9997	0006.6529
Charging:	05970.00	04.0855	00.9997	0006.6699
Charging:	05985.00	04.0858	00.9997	0006.6869
Charging:	06000.00	04.0861	00.9997	0006.7039
Charging:	06015.00	04.0864	00.9997	0006.7210
Charging:	06030.00	04.0867	00.9998	0006.7380
Charging:	06045.00	04.0870	00.9998	0006.7550
Charging:	06060.00	04.0874	00.9997	0006.7720
Charging:	06075.00	04.0877	00.9997	0006.7891
Charging:	06090.00	04.0879	00.9998	0006.8061
Charging:	06105.00	04.0883	00.9998	0006.8231
Charging:	06120.00	04.0886	00.9997	0006.8402
Charging:	06135.00	04.0889	00.9997	0006.8572
Charging:	06150.00	04.0892	00.9998	0006.8742
Charging:	06165.00	04.0896	00.9998	0006.8913
Charging:	06180.00	04.0899	00.9998	0006.9083
Charging:	06195.00	04.0902	00.9998	0006.9253
Charging:	06210.00	04.0905	00.9997	0006.9424
Charging:	06225.00	04.0908	00.9997	0006.9594
Charging:	06240.00	04.0911	00.9998	0006.9765
Charging:	06255.00	04.0914	00.9998	0006.9935
Charging:	06270.00	04.0918	00.9997	0007.0105
Charging:	06285.00	04.0921	00.9997	0007.0276
Charging:	06300.00	04.0924	00.9997	0007.0446
Charging:	06315.00	04.0928	00.9997	0007.0617
Charging:	06330.00	04.0930	00.9998	0007.0787
Charging:	06345.00	04.0934	00.9997	0007.0958
Charging:	06360.00	04.0937	00.9997	0007.1128
Charging:	06375.00	04.0940	00.9998	0007.1299
Charging:	06390.00	04.0943	00.9997	0007.1470
Charging:	06405.00	04.0947	00.9998	0007.1640
Charging:	06420.00	04.0950	00.9997	0007.1811
Charging:	06435.00	04.0953	00.9997	0007.1981
Charging:	06450.00	04.0956	00.9997	0007.2152
Charging:	06465.00	04.0960	00.9997	0007.2323
Charging:	06480.00	04.0963	00.9997	0007.2493
Charging:	06495.00	04.0967	00.9998	0007.2664
Charging:	06510.00	04.0970	00.9998	0007.2834
Charging:	06525.00	04.0973	00.9997	0007.3005
Charging:	06540.00	04.0976	00.9998	0007.3176
Charging:	06555.00	04.0979	00.9998	0007.3347
Charging:	06570.00	04.0982	00.9997	0007.3517
Charging:	06585.00	04.0986	00.9998	0007.3688
Charging:	06600.00	04.0989	00.9997	0007.3859
Charging:	06615.00	04.0992	00.9997	0007.4029
Charging:	06630.00	04.0995	00.9997	0007.4200
Charging:	06645.00	04.0999	00.9998	0007.4371
Charging:	06660.00	04.1003	00.9998	0007.4542
Charging:	06675.00	04.1006	00.9998	0007.4713
Charging:	06690.00	04.1009	00.9998	0007.4883
Charging:	06705.00	04.1013	00.9997	0007.5054
Charging:	06720.00	04.1015	00.9998	0007.5225
Charging:	06735.00	04.1019	00.9998	0007.5396
Charging:	06750.00	04.1023	00.9998	0007.5567
Charging:	06765.00	04.1026	00.9998	0007.5738
Charging:	06780.00	04.1030	00.9998	0007.5909
Charging:	06795.00	04.1033	00.9998	0007.6080
Charging:	06810.00	04.1036	00.9997	0007.6251
Charging:	06825.00	04.1040	00.9998	0007.6422
Charging:	06840.00	04.1043	00.9997	0007.6593
Charging:	06855.00	04.1047	00.9998	0007.6764
Charging:	06870.00	04.1050	00.9997	0007.6935
Charging:	06885.00	04.1054	00.9997	0007.7106
Charging:	06900.00	04.1057	00.9998	0007.7277
Charging:	06915.00	04.1061	00.9997	0007.7448
Charging:	06930.00	04.1064	00.9998	0007.7619
Charging:	06945.00	04.1067	00.9998	0007.7790
Charging:	06960.00	04.1071	00.9998	0007.7961
Charging:	06975.00	04.1075	00.9997	0007.8132
Charging:	06990.00	04.1078	00.9998	0007.8303
Charging:	07005.00	04.1082	00.9997	0007.8474
Charging:	07020.00	04.1085	00.9998	0007.8645
Charging:	07035.00	04.1089	00.9997	0007.8817
Charging:	07050.00	04.1092	00.9997	0007.8988
Charging:	07065.00	04.1096	00.9997	0007.9159
Charging:	07080.00	04.1100	00.9998	0007.9330
Charging:	07095.00	04.1103	00.9998	0007.9501
Charging:	07110.00	04.1106	00.9998	0007.9673
Charging:	07125.00	04.1110	00.9997	0007.9844
Charging:	07140.00	04.1114	00.9998	0008.0015
Charging:	07155.00	04.1117	00.9997	0008.0186
Charging:	07170.00	04.1121	00.9998	0008.0358
Charging:	07185.00	04.1124	00.9998	0008.0529
Charging:	07200.00	04.1128	00.9997	0008.0700
Charging:	07215.00	04.1132	00.9997	0008.0872
Charging:	07230.00	04.1136	00.9998	0008.1043
Charging:	07245.00	04.1139	00.9998	0008.1214
Charging:	07260.00	04.1143	00.9998	0008.1386
Charging:	07275.00	04.1146	00.9997	0008.1557
Charging:	07290.00	04.1150	00.9998	0008.1729
Charging:	07305.00	04.1153	00.9998	0008.1900
Charging:	07320.00	04.1157	00.9998	0008.2071
Charging:	07335.00	04.1161	00.9998	0008.2243
Charging:	07350.00	04.1165	00.9998	0008.2414
Charging:	07365.00	04.1168	00.9998	0008.2586
Charging:	07380.00	04.1172	00.9998	0008.2757
Charging:	07395.00	04.1175	00.9998	0008.2929
Charging:	07410.00	04.1179	00.9998	0008.3100
Charging:	07425.00	04.1183	00.9998	0008.3272
Charging:	07440.00	04.1187	00.9998	0008.3444
Charging:	07455.00	04.1190	00.9997	0008.3615
Charging:	07470.00	04.1194	00.9997	0008.3787
Charging:	07485.00	04.1197	00.9997	0008.3958
Charging:	07500.00	04.1201	00.9998	0008.4130
Charging:	07515.00	04.1205	00.9997	0008.4302
Charging:	07530.00	04.1209	00.9998	0008.4473
Charging:	07545.00	04.1212	00.9998	0008.4645
Charging:	07560.00	04.1216	00.9998	0008.4817
Charging:	07575.00	04.1220	00.9998	0008.4988
Charging:	07590.00	04.1224	00.9997	0008.5160
Charging:	07605.00	04.1227	00.9998	0008.5332
Charging:	07620.00	04.1231	00.9998	0008.5504
Charging:	07635.00	04.1234	00.9997	0008.5675
Charging:	07650.00	04.1238	00.9998	0008.5847
Charging:	07665.00	04.1242	00.9998	0008.6019
Charging:	07680.00	04.1246	00.9998	0008.6191
Charging:	07695.00	04.1250	00.9998	0008.6363
Charging:	07710.00	04.1254	00.9998	0008.6534
Charging:	07725.00	04.1257	00.9998	0008.6706
Charging:	07740.00	04.1261	00.9998	0008.6878
Charging:	07755.00	04.1266	00.9998	0008.7050
Charging:	07770.00	04.1269	00.9997	0008.7222
Charging:	07785.00	04.1273	00.9998	0008.7394
Charging:	07800.00	04.1277	00.9997	0008.7566
Charging:	07815.00	04.1280	00.9997	0008.7738
Charging:	07830.00	04.1284	00.9998	0008.7910
Charging:	07845.00	04.1288	00.9998	0008.8082
Charging:	07860.00	04.1292	00.9998	0008.8254
Charging:	07875.00	04.1296	00.9997	0008.8426
Charging:	07890.00	04.1300	00.9998	0008.8598
Charging:	07905.00	04.1303	00.9998	0008.8770
Charging:	07920.00	04.1308	00.9998	0008.8942
Charging:	07935.00	04.1311	00.9998	0008.9114
Charging:	07950.00	04.1315	00.9997	0008.9286
Charging:	07965.00	04.1319	00.9998	0008.9458
Charging:	07980.00	04.1323	00.9998	0008.9630
Charging:	07995.00	04.1327	00.9998	0008.9803
Charging:	08010.00	04.1331	00.9997	0008.9975
Charging:	08025.00	04.1335	00.9997	0009.0147
Charging:	08040.00	04.1339	00.9997	0009.0319
Charging:	08055.00	04.1342	00.9997	0009.0491
Charging:	08070.00	04.1347	00.9998	0009.0664
Charging:	08085.00	04.1351	00.9997	0009.0836
Charging:	08100.00	04.1354	00.9998	0009.1008
Charging:	08115.00	04.1359	00.9997	0009.1180
Charging:	08130.00	04.1363	00.9998	0009.1353
Charging:	08145.00	04.1367	00.9997	0009.1525
Charging:	08160.00	04.1370	00.9997	0009.1697
Charging:	08175.00	04.1375	00.9998	0009.1870
Charging:	08190.00	04.1378	00.9998	0009.2042
Charging:	08205.00	04.1383	00.9997	0009.2214
Charging:	08220.00	04.1387	00.9998	0009.2387
Charging:	08235.00	04.1391	00.9998	0009.2559
Charging:	08250.00	04.1394	00.9998	0009.2732
Charging:	08265.00	04.1398	00.9997	0009.2904
Charging:	08280.00	04.1402	00.9998	0009.3077
Charging:	08295.00	04.1406	00.9997	0009.3249
Charging:	08310.00	04.1409	00.9998	0009.3422
Charging:	08325.00	04.1413	00.9998	0009.3594
Charging:	08340.00	04.1417	00.9998	0009.3767
Charging:	08355.00	04.1421	00.9997	0009.3939
Charging:	08370.00	04.1426	00.9997	0009.4112
Charging:	08385.00	04.1430	00.9997	0009.4284
Charging:	08400.00	04.1434	00.9998	0009.4457
Charging:	08415.00	04.1438	00.9998	0009.4630
Charging:	08430.00	04.1442	00.9998	0009.4802
Charging:	08445.00	04.1446	00.9997	0009.4975
Charging:	08460.00	04.1451	00.9998	0009.5147
Charging:	08475.00	04.1454	00.9997	0009.5320
Charging:	08490.00	04.1458	00.9998	0009.5493
Charging:	08505.00	04.1462	00.9998	0009.5666
Charging:	08520.00	04.1466	00.9997	0009.5838
Charging:	08535.00	04.1470	00.9998	0009.6011
Charging:	08550.00	04.1475	00.9997	0009.6184
Charging:	08565.00	04.1479	00.9997	0009.6357
Charging:	08580.00	04.1483	00.9997	0009.6529
Charging:	08595.00	04.1487	00.9997	0009.6702
Charging:	08610.00	04.1492	00.9998	0009.6875
Charging:	08625.00	04.1495	00.9998	0009.7048
Charging:	08640.00	04.1499	00.9998	0009.7221
Charging:	08655.00	04.1504	00.9998	0009.7394
Charging:	08670.00	04.1508	00.9998	0009.7567
Charging:	08685.00	04.1512	00.9997	0009.7739
Charging:	08700.00	04.1517	00.9998	0009.7912
Charging:	08715.00	04.1521	00.9998	0009.8085
Charging:	08730.00	04.1524	00.9998	0009.8258
Charging:	08745.00	04.1529	00.9998	0009.8431
Charging:	08760.00	04.1534	00.9998	0009.8604
Charging:	08775.00	04.1537	00.9998	0009.8777
Charging:	08790.00	04.1542	00.9998	0009.8950
Charging:	08805.00	04.1546	00.9998	0009.9124
Charging:	08820.00	04.1551	00.9997	0009.9297
Charging:	08835.00	04.1555	00.9997	0009.9470
Charging:	08850.00	04.1559	00.9997	0009.9643
Charging:	08865.00	04.1566	00.9998	0009.9816
Charging:	08880.00	04.1569	00.9997	0009.9989
Charging:	08895.00	04.1574	00.9998	0010.0162
Charging:	08910.00	04.1578	00.9998	0010.0336
Charging:	08925.00	04.1582	00.9998	0010.0509
Charging:	08940.00	04.1587	00.9998	0010.0682
Charging:	08955.00	04.1592	00.9998	0010.0855
Charging:	08970.00	04.1597	00.9998	0010.1029
Charging:	08985.00	04.1602	00.9998	0010.1202
Charging:	09000.00	04.1606	00.9997	0010.1375
Charging:	09015.00	04.1611	00.9998	0010.1548
Charging:	09030.00	04.1616	00.9998	0010.1722
Charging:	09045.00	04.1620	00.9997	0010.1895
Charging:	09060.00	04.1624	00.9997	0010.2069
Charging:	09075.00	04.1628	00.9997	0010.2242
Charging:	09090.00	04.1633	00.9997	0010.2415
Charging:	09105.00	04.1638	00.9998	0010.2589
Charging:	09120.00	04.1643	00.9998	0010.2762
Charging:	09135.00	04.1647	00.9998	0010.2936
Charging:	09150.00	04.1652	00.9998	0010.3109
Charging:	09165.00	04.1656	00.9998	0010.3283
Charging:	09180.00	04.1661	00.9997	0010.3456
Charging:	09195.00	04.1665	00.9998	0010.3630
Charging:	09210.00	04.1670	00.9997	0010.3804
Charging:	09225.00	04.1674	00.9998	0010.3977
Charging:	09240.00	04.1679	00.9997	0010.4151
Charging:	09255.00	04.1684	00.9998	0010.4324
Charging:	09270.00	04.1689	00.9998	0010.4498
Charging:	09285.00	04.1693	00.9997	0010.4672
Charging:	09300.00	04.1698	00.9998	0010.4845
Charging:	09315.00	04.1703	00.9998	0010.5019
Charging:	09330.00	04.1708	00.9998	0010.5193
Charging:	09345.00	04.1712	00.9997	0010.5367
Charging:	09360.00	04.1717	00.9997	0010.5540
Charging:	09375.00	04.1722	00.9997	0010.5714
Charging:	09390.00	04.1726	00.9998	0010.5888
Charging:	09405.00	04.1731	00.9997	0010.6062
Charging:	09420.00	04.1735	00.9997	0010.6236
Charging:	09435.00	04.1740	00.9998	0010.6410
Charging:	09450.00	04.1745	00.9998	0010.6584
Charging:	09465.00	04.1750	00.9997	0010.6757
Charging:	09480.00	04.1754	00.9998	0010.6931
Charging:	09495.00	04.1759	00.9997	0010.7105
Charging:	09510.00	04.1764	00.9997	0010.7279
Charging:	09525.00	04.1768	00.9998	0010.7453
Charging:	09540.00	04.1773	00.9998	0010.7627
Charging:	09555.00	04.1778	00.9998	0010.7801
Charging:	09570.00	04.1784	00.9997	0010.7975
Charging:	09585.00	04.1788	00.9998	0010.8149
Charging:	09600.00	04.1793	00.9997	0010.8324
Charging:	09615.00	04.1798	00.9997	0010.8498
Charging:	09630.00	04.1803	00.9997	0010.8672
Charging:	09645.00	04.1807	00.9997	0010.8846
Charging:	09660.00	04.1812	00.9998	0010.9020
Charging:	09675.00	04.1817	00.9998	0010.9194
Charging:	09690.00	04.1821	00.9998	0010.9369
Charging:	09705.00	04.1826	00.9997	0010.9543
Charging:	09720.00	04.1831	00.9998	0010.9717
Charging:	09735.00	04.1836	00.9998	0010.9891
Charging:	09750.00	04.1841	00.9997	0011.0066
Charging:	09765.00	04.1845	00.9998	0011.0240
Charging:	09780.00	04.1851	00.9997	0011.0414
Charging:	09795.00	04.1855	00.9998	0011.0589
Charging:	09810.00	04.1861	00.9997	0011.0763
Charging:	09825.00	04.1865	00.9997	0011.0937
Charging:	09840.00	04.1870	00.9998	0011.1112
Charging:	09855.00	04.1875	00.9998	0011.1286
Charging:	09870.00	04.1881	00.9997	0011.1461
Charging:	09885.00	04.1886	00.9998	0011.1635
Charging:	09900.00	04.1891	00.9997	0011.1810
Charging:	09915.00	04.1896	00.9997	0011.1984
Charging:	09930.00	04.1900	00.9998	0011.2159
Charging:	09945.00	04.1905	00.9997	0011.2333
Charging:	09960.00	04.1910	00.9997	0011.2508
Charging:	09975.00	04.1915	00.9997	0011.2682
Charging:	09990.00	04.1920	00.9997	0011.2857
Charging:	10005.00	04.1925	00.9997	0011.3032
Charging:	10020.00	04.1930	00.9998	0011.3206
Charging:	10035.00	04.1936	00.9998	0011.3381
Charging:	10050.00	04.1941	00.9997	0011.3556
Charging:	10065.00	04.1946	00.9997	0011.3731
Charging:	10080.00	04.1951	00.9997	0011.3905
Charging:	10095.00	04.1956	00.9997	0011.4080
Charging:	10110.00	04.1962	00.9997	0011.4255
Charging:	10125.00	04.1966	00.9998	0011.4430
Charging:	10140.00	04.1972	00.9997	0011.4604
Charging:	10155.00	04.1976	00.9998	0011.4779
Charging:	10170.00	04.1982	00.9998	0011.4954
Charging:	10185.00	04.1987	00.9998	0011.5129
Charging:	10200.00	04.1992	00.9997	0011.5304
Charging:	10215.00	04.1997	00.9997	0011.5479
Charging:	10230.00	04.2002	00.9997	0011.5654
Discharging:	10245.00	04.0279	-0.9993	-000.0168
Discharging:	10260.00	04.0024	-0.9992	-000.0334
Discharging:	10275.00	03.9886	-0.9991	-000.0500
Discharging:	10290.00	03.9778	-0.9992	-000.0666
Discharging:	10305.00	03.9690	-0.9992	-000.0831
Discharging:	10320.00	03.9616	-0.9992	-000.0996
Discharging:	10335.00	03.9552	-0.9991	-000.1161
Discharging:	10350.00	03.9494	-0.9991	-000.1325
Discharging:	10365.00	03.9443	-0.9991	-000.1489
Discharging:	10380.00	03.9397	-0.9991	-000.1653
Discharging:	10395.00	03.9354	-0.9991	-000.1817
Discharging:	10410.00	03.9315	-0.9991	-000.1981
Discharging:	10425.00	03.9277	-0.9991	-000.2144
Discharging:	10440.00	03.9242	-0.9991	-000.2308
Discharging:	10455.00	03.9206	-0.9991	-000.2471
Discharging:	10470.00	03.9174	-0.9991	-000.2634
Discharging:	10485.00	03.9142	-0.9991	-000.2797
Discharging:	10500.00	03.9112	-0.9991	-000.2960
Discharging:	10515.00	03.9081	-0.9991	-000.3123
Discharging:	10530.00	03.9053	-0.9991	-000.3285
Discharging:	10545.00	03.9024	-0.9991	-000.3448
Discharging:	10560.00	03.8996	-0.9991	-000.3610
Discharging:	10575.00	03.8969	-0.9991	-000.3772
Discharging:	10590.00	03.8942	-0.9991	-000.3934
Discharging:	10605.00	03.8916	-0.9991	-000.4096
Discharging:	10620.00	03.8890	-0.9991	-000.4258
Discharging:	10635.00	03.8864	-0.9991	-000.4420
Discharging:	10650.00	03.8839	-0.9991	-000.4582
Discharging:	10665.00	03.8814	-0.9991	-000.4743
Discharging:	10680.00	03.8788	-0.9992	-000.4905
Discharging:	10695.00	03.8764	-0.9992	-000.5066
Discharging:	10710.00	03.8740	-0.9991	-000.5227
Discharging:	10725.00	03.8716	-0.9991	-000.5389
Discharging:	10740.00	03.8692	-0.9991	-000.5550
Discharging:	10755.00	03.8668	-0.9991	-000.5711
Discharging:	10770.00	03.8645	-0.9991	-000.5872
Discharging:	10785.00	03.8622	-0.9991	-000.6032
Discharging:	10800.00	03.8599	-0.9991	-000.6193
Discharging:	10815.00	03.8576	-0.9991	-000.6354
Discharging:	10830.00	03.8553	-0.9991	-000.6514
Discharging:	10845.00	03.8531	-0.9991	-000.6675
Discharging:	10860.00	03.8508	-0.9991	-000.6835
Discharging:	10875.00	03.8488	-0.9991	-000.6995
Discharging:	10890.00	03.8465	-0.9991	-000.7155
Discharging:	10905.00	03.8444	-0.9991	-000.7315
Discharging:	10920.00	03.8422	-0.9991	-000.7475
Discharging:	10935.00	03.8401	-0.9991	-000.7635
Discharging:	10950.00	03.8380	-0.9991	-000.7795
Discharging:	10965.00	03.8359	-0.9991	-000.7955
Discharging:	10980.00	03.8338	-0.9991	-000.8114
Discharging:	10995.00	03.8317	-0.9991	-000.8274
Discharging:	11010.00	03.8297	-0.9991	-000.8433
Discharging:	11025.00	03.8277	-0.9991	-000.8592
Discharging:	11040.00	03.8256	-0.9991	-000.8752
Discharging:	11055.00	03.8237	-0.9991	-000.8911
Discharging:	11070.00	03.8218	-0.9991	-000.9070
Discharging:	11085.00	03.8199	-0.9991	-000.9229
Discharging:	11100.00	03.8180	-0.9991	-000.9388
Discharging:	11115.00	03.8160	-0.9991	-000.9547
Discharging:	11130.00	03.8141	-0.9991	-000.9706
Discharging:	11145.00	03.8123	-0.9991	-000.9864
Discharging:	11160.00	03.8105	-0.9991	-001.0023
Discharging:	11175.00	03.8087	-0.9991	-001.0181
Discharging:	11190.00	03.8070	-0.9991	-001.0340
Discharging:	11205.00	03.8053	-0.9991	-001.0498
Discharging:	11220.00	03.8035	-0.9991	-001.0657
Discharging:	11235.00	03.8018	-0.9991	-001.0815
Discharging:	11250.00	03.8000	-0.9991	-001.0973
Discharging:	11265.00	03.7983	-0.9991	-001.1131
Discharging:	11280.00	03.7969	-0.9991	-001.1289
Discharging:	11295.00	03.7953	-0.9991	-001.1447
Discharging:	11310.00	03.7935	-0.9991	-001.1605
Discharging:	11325.00	03.7918	-0.9991	-001.1763
Discharging:	11340.00	03.7902	-0.9991	-001.1921
Discharging:	11355.00	03.7886	-0.9991	-001.2079
Discharging:	11370.00	03.7871	-0.9991	-001.2236
Discharging:	11385.00	03.7854	-0.9991	-001.2394
Discharging:	11400.00	03.7839	-0.9992	-001.2551
Discharging:	11415.00	03.7824	-0.9991	-001.2709
Discharging:	11430.00	03.7808	-0.9991	-001.2866
Discharging:	11445.00	03.7794	-0.9991	-001.3024
Discharging:	11460.00	03.7778	-0.9991	-001.3181
Discharging:	11475.00	03.7763	-0.9991	-001.3338
Discharging:	11490.00	03.7749	-0.9991	-001.3495
Discharging:	11505.00	03.7734	-0.9991	-001.3652
Discharging:	11520.00	03.7720	-0.9991	-001.3809
Discharging:	11535.00	03.7705	-0.9991	-001.3966
Discharging:	11550.00	03.7691	-0.9991	-001.4123
Discharging:	11565.00	03.7678	-0.9991	-001.4280
Discharging:	11580.00	03.7664	-0.9991	-001.4437
Discharging:	11595.00	03.7650	-0.9991	-001.4594
Discharging:	11610.00	03.7636	-0.9991	-001.4750
Discharging:	11625.00	03.7623	-0.9991	-001.4907
Discharging:	11640.00	03.7609	-0.9991	-001.5063
Discharging:	11655.00	03.7596	-0.9991	-001.5220
Discharging:	11670.00	03.7583	-0.9991	-001.5376
Discharging:	11685.00	03.7569	-0.9991	-001.5533
Discharging:	11700.00	03.7556	-0.9991	-001.5689
Discharging:	11715.00	03.7543	-0.9991	-001.5845
Discharging:	11730.00	03.7530	-0.9991	-001.6002
Discharging:	11745.00	03.7516	-0.9991	-001.6158
Discharging:	11760.00	03.7504	-0.9991	-001.6314
Discharging:	11775.00	03.7491	-0.9991	-001.6470
Discharging:	11790.00	03.7479	-0.9991	-001.6626
Discharging:	11805.00	03.7466	-0.9991	-001.6782
Discharging:	11820.00	03.7453	-0.9991	-001.6938
Discharging:	11835.00	03.7440	-0.9991	-001.7094
Discharging:	11850.00	03.7428	-0.9991	-001.7250
Discharging:	11865.00	03.7416	-0.9991	-001.7405
Discharging:	11880.00	03.7404	-0.9991	-001.7561
Discharging:	11895.00	03.7391	-0.9991	-001.7717
Discharging:	11910.00	03.7379	-0.9991	-001.7872
Discharging:	11925.00	03.7366	-0.9991	-001.8028
Discharging:	11940.00	03.7355	-0.9991	-001.8183
Discharging:	11955.00	03.7341	-0.9991	-001.8339
Discharging:	11970.00	03.7330	-0.9991	-001.8494
Discharging:	11985.00	03.7317	-0.9991	-001.8650
Discharging:	12000.00	03.7306	-0.9991	-001.8805
Discharging:	12015.00	03.7294	-0.9991	-001.8960
Discharging:	12030.00	03.7282	-0.9991	-001.9115
Discharging:	12045.00	03.7270	-0.9991	-001.9270
Discharging:	12060.00	03.7259	-0.9991	-001.9426
Discharging:	12075.00	03.7248	-0.9991	-001.9581
Discharging:	12090.00	03.7237	-0.9991	-001.9736
Discharging:	12105.00	03.7225	-0.9991	-001.9891
Discharging:	12120.00	03.7214	-0.9991	-002.0046
Discharging:	12135.00	03.7202	-0.9991	-002.0200
Discharging:	12150.00	03.7190	-0.9991	-002.0355
Discharging:	12165.00	03.7180	-0.9991	-002.0510
Discharging:	12180.00	03.7168	-0.9991	-002.0665
Discharging:	12195.00	03.7156	-0.9991	-002.0819
Discharging:	12210.00	03.7145	-0.9991	-002.0974
Discharging:	12225.00	03.7133	-0.9991	-002.1129
Discharging:	12240.00	03.7120	-0.9991	-002.1283
Discharging:	12255.00	03.7109	-0.9991	-002.1438
Discharging:	12270.00	03.7098	-0.9991	-002.1592
Discharging:	12285.00	03.7087	-0.9991	-002.1746
Discharging:	12300.00	03.7076	-0.9991	-002.1901
Discharging:	12315.00	03.7064	-0.9991	-002.2055
Discharging:	12330.00	03.7053	-0.9991	-002.2209
Discharging:	12345.00	03.7042	-0.9991	-002.2364
Discharging:	12360.00	03.7031	-0.9991	-002.2518
Discharging:	12375.00	03.7020	-0.9991	-002.2672
Discharging:	12390.00	03.7008	-0.9991	-002.2826
Discharging:	12405.00	03.6998	-0.9991	-002.2980
Discharging:	12420.00	03.6987	-0.9991	-002.3134
Discharging:	12435.00	03.6976	-0.9991	-002.3288
Discharging:	12450.00	03.6965	-0.9991	-002.3442
Discharging:	12465.00	03.6954	-0.9991	-002.3596
Discharging:	12480.00	03.6944	-0.9991	-002.3749
Discharging:	12495.00	03.6932	-0.9991	-002.3903
Discharging:	12510.00	03.6922	-0.9991	-002.4057
Discharging:	12525.00	03.6912	-0.9991	-002.4210
Discharging:	12540.00	03.6901	-0.9991	-002.4364
Discharging:	12555.00	03.6890	-0.9991	-002.4518
Discharging:	12570.00	03.6880	-0.9991	-002.4671
Discharging:	12585.00	03.6869	-0.9991	-002.4825
Discharging:	12600.00	03.6859	-0.9991	-002.4978
Discharging:	12615.00	03.6849	-0.9991	-002.5132
Discharging:	12630.00	03.6839	-0.9991	-002.5285
Discharging:	12645.00	03.6829	-0.9991	-002.5438
Discharging:	12660.00	03.6818	-0.9991	-002.5591
Discharging:	12675.00	03.6808	-0.9991	-002.5745
Discharging:	12690.00	03.6797	-0.9991	-002.5898
Discharging:	12705.00	03.6787	-0.9991	-002.6051
Discharging:	12720.00	03.6777	-0.9991	-002.6204
Discharging:	12735.00	03.6766	-0.9991	-002.6357
Discharging:	12750.00	03.6757	-0.9991	-002.6510
Discharging:	12765.00	03.6746	-0.9991	-002.6663
Discharging:	12780.00	03.6735	-0.9991	-002.6816
Discharging:	12795.00	03.6725	-0.9991	-002.6969
Discharging:	12810.00	03.6715	-0.9991	-002.7122
Discharging:	12825.00	03.6705	-0.9991	-002.7275
Discharging:	12840.00	03.6695	-0.9991	-002.7427
Discharging:	12855.00	03.6684	-0.9991	-002.7580
Discharging:	12870.00	03.6674	-0.9991	-002.7733
Discharging:	12885.00	03.6664	-0.9991	-002.7885
Discharging:	12900.00	03.6654	-0.9991	-002.8038
Discharging:	12915.00	03.6644	-0.9991	-002.8191
Discharging:	12930.00	03.6634	-0.9991	-002.8343
Discharging:	12945.00	03.6624	-0.9991	-002.8496
Discharging:	12960.00	03.6614	-0.9991	-002.8648
Discharging:	12975.00	03.6605	-0.9991	-002.8800
Discharging:	12990.00	03.6595	-0.9991	-002.8953
Discharging:	13005.00	03.6584	-0.9991	-002.9105
Discharging:	13020.00	03.6575	-0.9991	-002.9257
Discharging:	13035.00	03.6566	-0.9991	-002.9409
Discharging:	13050.00	03.6556	-0.9991	-002.9562
Discharging:	13065.00	03.6546	-0.9991	-002.9714
Discharging:	13080.00	03.6536	-0.9991	-002.9866
Discharging:	13095.00	03.6526	-0.9991	-003.0018
Discharging:	13110.00	03.6516	-0.9991	-003.0170
Discharging:	13125.00	03.6507	-0.9991	-003.0322
Discharging:	13140.00	03.6497	-0.9991	-003.0474
Discharging:	13155.00	03.6487	-0.9991	-003.0626
Discharging:	13170.00	03.6478	-0.9991	-003.0778
Discharging:	13185.00	03.6469	-0.9991	-003.0929
Discharging:	13200.00	03.6458	-0.9991	-003.1081
Discharging:	13215.00	03.6449	-0.9991	-003.1233
Discharging:	13230.00	03.6440	-0.9991	-003.1385
Discharging:	13245.00	03.6430	-0.9991	-003.1536
Discharging:	13260.00	03.6421	-0.9991	-003.1688
Discharging:	13275.00	03.6412	-0.9991	-003.1839
Discharging:	13290.00	03.6402	-0.9991	-003.1991
Discharging:	13305.00	03.6393	-0.9991	-003.2143
Discharging:	13320.00	03.6383	-0.9991	-003.2294
Discharging:	13335.00	03.6374	-0.9991	-003.2445
Discharging:	13350.00	03.6364	-0.9991	-003.2597
Discharging:	13365.00	03.6355	-0.9991	-003.2748
Discharging:	13380.00	03.6346	-0.9991	-003.2899
Discharging:	13395.00	03.6336	-0.9991	-003.3051
Discharging:	13410.00	03.6327	-0.9991	-003.3202
Discharging:	13425.00	03.6318	-0.9991	-003.3353
Discharging:	13440.00	03.6309	-0.9991	-003.3504
Discharging:	13455.00	03.6300	-0.9991	-003.3655
Discharging:	13470.00	03.6290	-0.9991	-003.3806
Discharging:	13485.00	03.6282	-0.9991	-003.3957
Discharging:	13500.00	03.6273	-0.9991	-003.4108
Discharging:	13515.00	03.6263	-0.9991	-003.4259
Discharging:	13530.00	03.6254	-0.9991	-003.4410
Discharging:	13545.00	03.6246	-0.9991	-003.4561
Discharging:	13560.00	03.6237	-0.9991	-003.4712
Discharging:	13575.00	03.6228	-0.9991	-003.4863
Discharging:	13590.00	03.6219	-0.9991	-003.5014
Discharging:	13605.00	03.6210	-0.9991	-003.5164
Discharging:	13620.00	03.6202	-0.9991	-003.5315
Discharging:	13635.00	03.6193	-0.9991	-003.5466
Discharging:	13650.00	03.6184	-0.9991	-003.5616
Discharging:	13665.00	03.6175	-0.9991	-003.5767
Discharging:	13680.00	03.6167	-0.9991	-003.5918
Discharging:	13695.00	03.6158	-0.9991	-003.6068
Discharging:	13710.00	03.6149	-0.9991	-003.6219
Discharging:	13725.00	03.6140	-0.9991	-003.6369
Discharging:	13740.00	03.6132	-0.9991	-003.6519
Discharging:	13755.00	03.6123	-0.9991	-003.6670
Discharging:	13770.00	03.6114	-0.9991	-003.6820
Discharging:	13785.00	03.6105	-0.9991	-003.6970
Discharging:	13800.00	03.6097	-0.9991	-003.7121
Discharging:	13815.00	03.6088	-0.9991	-003.7271
Discharging:	13830.00	03.6079	-0.9991	-003.7421
Discharging:	13845.00	03.6071	-0.9991	-003.7571
Discharging:	13860.00	03.6063	-0.9991	-003.7721
Discharging:	13875.00	03.6054	-0.9991	-003.7872
Discharging:	13890.00	03.6045	-0.9991	-003.8022
Discharging:	13905.00	03.6037	-0.9991	-003.8172
Discharging:	13920.00	03.6028	-0.9991	-003.8322
Discharging:	13935.00	03.6020	-0.9991	-003.8472
Discharging:	13950.00	03.6012	-0.9991	-003.8621
Discharging:	13965.00	03.6005	-0.9991	-003.8771
Discharging:	13980.00	03.5997	-0.9991	-003.8921
Discharging:	13995.00	03.5988	-0.9991	-003.9071
Discharging:	14010.00	03.5979	-0.9991	-003.9221
Discharging:	14025.00	03.5972	-0.9991	-003.9371
Discharging:	14040.00	03.5964	-0.9991	-003.9520
Discharging:	14055.00	03.5956	-0.9991	-003.9670
Discharging:	14070.00	03.5947	-0.9991	-003.9820
Discharging:	14085.00	03.5939	-0.9991	-003.9969
Discharging:	14100.00	03.5931	-0.9991	-004.0119
Discharging:	14115.00	03.5923	-0.9991	-004.0268
Discharging:	14130.00	03.5915	-0.9991	-004.0418
Discharging:	14145.00	03.5907	-0.9991	-004.0567
Discharging:	14160.00	03.5898	-0.9991	-004.0717
Discharging:	14175.00	03.5890	-0.9991	-004.0866
Discharging:	14190.00	03.5882	-0.9991	-004.1016
Discharging:	14205.00	03.5874	-0.9991	-004.1165
Discharging:	14220.00	03.5866	-0.9991	-004.1314
Discharging:	14235.00	03.5859	-0.9991	-004.1463
Discharging:	14250.00	03.5850	-0.9991	-004.1613
Discharging:	14265.00	03.5843	-0.9991	-004.1762
Discharging:	14280.00	03.5835	-0.9991	-004.1911
Discharging:	14295.00	03.5827	-0.9991	-004.2060
Discharging:	14310.00	03.5818	-0.9991	-004.2209
Discharging:	14325.00	03.5811	-0.9991	-004.2358
Discharging:	14340.00	03.5804	-0.9991	-004.2507
Discharging:	14355.00	03.5796	-0.9991	-004.2657
Discharging:	14370.00	03.5789	-0.9991	-004.2805
Discharging:	14385.00	03.5781	-0.9991	-004.2954
Discharging:	14400.00	03.5774	-0.9991	-004.3103
Discharging:	14415.00	03.5766	-0.9991	-004.3252
Discharging:	14430.00	03.5759	-0.9991	-004.3401
Discharging:	14445.00	03.5751	-0.9991	-004.3550
Discharging:	14460.00	03.5744	-0.9991	-004.3699
Discharging:	14475.00	03.5737	-0.9991	-004.3848
Discharging:	14490.00	03.5729	-0.9991	-004.3996
Discharging:	14505.00	03.5722	-0.9991	-004.4145
Discharging:	14520.00	03.5714	-0.9991	-004.4294
Discharging:	14535.00	03.5707	-0.9991	-004.4442
Discharging:	14550.00	03.5699	-0.9991	-004.4591
Discharging:	14565.00	03.5692	-0.9991	-004.4740
Discharging:	14580.00	03.5684	-0.9991	-004.4888
Discharging:	14595.00	03.5676	-0.9991	-004.5037
Discharging:	14610.00	03.5670	-0.9991	-004.5185
Discharging:	14625.00	03.5662	-0.9991	-004.5334
Discharging:	14640.00	03.5655	-0.9991	-004.5482
Discharging:	14655.00	03.5648	-0.9991	-004.5630
Discharging:	14670.00	03.5640	-0.9991	-004.5779
Discharging:	14685.00	03.5633	-0.9991	-004.5927
Discharging:	14700.00	03.5625	-0.9991	-004.6075
Discharging:	14715.00	03.5619	-0.9991	-004.6224
Discharging:	14730.00	03.5611	-0.9991	-004.6372
Discharging:	14745.00	03.5604	-0.9991	-004.6520
Discharging:	14760.00	03.5597	-0.9991	-004.6668
Discharging:	14775.00	03.5590	-0.9991	-004.6816
Discharging:	14790.00	03.5582	-0.9991	-004.6965
Discharging:	14805.00	03.5575	-0.9991	-004.7113
Discharging:	14820.00	03.5568	-0.9991	-004.7261
Discharging:	14835.00	03.5561	-0.9991	-004.7409
Discharging:	14850.00	03.5553	-0.9991	-004.7557
Discharging:	14865.00	03.5546	-0.9991	-004.7705
Discharging:	14880.00	03.5539	-0.9991	-004.7853
Discharging:	14895.00	03.5531	-0.9991	-004.8001
Discharging:	14910.00	03.5525	-0.9991	-004.8149
Discharging:	14925.00	03.5518	-0.9991	-004.8296
Discharging:	14940.00	03.5511	-0.9991	-004.8444
Discharging:	14955.00	03.5503	-0.9991	-004.8592
Discharging:	14970.00	03.5496	-0.9991	-004.8740
Discharging:	14985.00	03.5489	-0.9991	-004.8887
Discharging:	15000.00	03.5482	-0.9991	-004.9035
Discharging:	15015.00	03.5475	-0.9991	-004.9183
Discharging:	15030.00	03.5468	-0.9991	-004.9331
Discharging:	15045.00	03.5460	-0.9991	-004.9478
Discharging:	15060.00	03.5453	-0.9991	-004.9626
Discharging:	15075.00	03.5446	-0.9991	-004.9773
Discharging:	15090.00	03.5440	-0.9991	-004.9921
Discharging:	15105.00	03.5433	-0.9991	-005.0068
Discharging:	15120.00	03.5426	-0.9991	-005.0216
Discharging:	15135.00	03.5419	-0.9991	-005.0363
Discharging:	15150.00	03.5412	-0.9991	-005.0511
Discharging:	15165.00	03.5404	-0.9992	-005.0658
Discharging:	15180.00	03.5398	-0.9991	-005.0805
Discharging:	15195.00	03.5391	-0.9991	-005.0953
Discharging:	15210.00	03.5384	-0.9991	-005.1100
Discharging:	15225.00	03.5377	-0.9991	-005.1247
Discharging:	15240.00	03.5370	-0.9991	-005.1395
Discharging:	15255.00	03.5363	-0.9991	-005.1542
Discharging:	15270.00	03.5356	-0.9991	-005.1689
Discharging:	15285.00	03.5349	-0.9991	-005.1836
Discharging:	15300.00	03.5342	-0.9991	-005.1983
Discharging:	15315.00	03.5335	-0.9991	-005.2130
Discharging:	15330.00	03.5329	-0.9991	-005.2277
Discharging:	15345.00	03.5322	-0.9991	-005.2424
Discharging:	15360.00	03.5315	-0.9991	-005.2571
Discharging:	15375.00	03.5308	-0.9991	-005.2718
Discharging:	15390.00	03.5301	-0.9991	-005.2865
Discharging:	15405.00	03.5294	-0.9991	-005.3012
Discharging:	15420.00	03.5288	-0.9991	-005.3159
Discharging:	15435.00	03.5280	-0.9991	-005.3306
Discharging:	15450.00	03.5273	-0.9991	-005.3453
Discharging:	15465.00	03.5266	-0.9991	-005.3600
Discharging:	15480.00	03.5259	-0.9991	-005.3747
Discharging:	15495.00	03.5252	-0.9991	-005.3893
Discharging:	15510.00	03.5245	-0.9991	-005.4040
Discharging:	15525.00	03.5238	-0.9991	-005.4187
Discharging:	15540.00	03.5231	-0.9991	-005.4333
Discharging:	15555.00	03.5224	-0.9991	-005.4480
Discharging:	15570.00	03.5217	-0.9991	-005.4627
Discharging:	15585.00	03.5210	-0.9991	-005.4773
Discharging:	15600.00	03.5203	-0.9991	-005.4920
Discharging:	15615.00	03.5196	-0.9991	-005.5066
Discharging:	15630.00	03.5189	-0.9991	-005.5213
Discharging:	15645.00	03.5183	-0.9991	-005.5359
Discharging:	15660.00	03.5176	-0.9991	-005.5506
Discharging:	15675.00	03.5169	-0.9991	-005.5652
Discharging:	15690.00	03.5162	-0.9991	-005.5798
Discharging:	15705.00	03.5155	-0.9991	-005.5945
Discharging:	15720.00	03.5148	-0.9991	-005.6091
Discharging:	15735.00	03.5141	-0.9991	-005.6237
Discharging:	15750.00	03.5134	-0.9991	-005.6384
Discharging:	15765.00	03.5127	-0.9991	-005.6530
Discharging:	15780.00	03.5120	-0.9991	-005.6676
Discharging:	15795.00	03.5113	-0.9991	-005.6822
Discharging:	15810.00	03.5106	-0.9991	-005.6968
Discharging:	15825.00	03.5099	-0.9991	-005.7115
Discharging:	15840.00	03.5092	-0.9991	-005.7261
Discharging:	15855.00	03.5085	-0.9991	-005.7407
Discharging:	15870.00	03.5078	-0.9991	-005.7553
Discharging:	15885.00	03.5072	-0.9991	-005.7699
Discharging:	15900.00	03.5063	-0.9991	-005.7845
Discharging:	15915.00	03.5057	-0.9991	-005.7991
Discharging:	15930.00	03.5049	-0.9991	-005.8137
Discharging:	15945.00	03.5042	-0.9991	-005.8282
Discharging:	15960.00	03.5035	-0.9991	-005.8428
Discharging:	15975.00	03.5028	-0.9991	-005.8574
Discharging:	15990.00	03.5021	-0.9991	-005.8720
Discharging:	16005.00	03.5014	-0.9991	-005.8866
Discharging:	16020.00	03.5006	-0.9991	-005.9011
Discharging:	16035.00	03.4999	-0.9991	-005.9157
Discharging:	16050.00	03.4992	-0.9991	-005.9303
Discharging:	16065.00	03.4985	-0.9991	-005.9448
Discharging:	16080.00	03.4978	-0.9991	-005.9594
Discharging:	16095.00	03.4971	-0.9991	-005.9740
Discharging:	16110.00	03.4964	-0.9991	-005.9885
Discharging:	16125.00	03.4956	-0.9991	-006.0031
Discharging:	16140.00	03.4949	-0.9991	-006.0176
Discharging:	16155.00	03.4941	-0.9991	-006.0322
Discharging:	16170.00	03.4934	-0.9991	-006.0467
Discharging:	16185.00	03.4926	-0.9991	-006.0612
Discharging:	16200.00	03.4919	-0.9991	-006.0758
Discharging:	16215.00	03.4912	-0.9991	-006.0903
Discharging:	16230.00	03.4904	-0.9991	-006.1048
Discharging:	16245.00	03.4897	-0.9991	-006.1194
Discharging:	16260.00	03.4889	-0.9991	-006.1339
Discharging:	16275.00	03.4882	-0.9991	-006.1484
Discharging:	16290.00	03.4875	-0.9991	-006.1629
Discharging:	16305.00	03.4867	-0.9991	-006.1774
Discharging:	16320.00	03.4859	-0.9991	-006.1920
Discharging:	16335.00	03.4852	-0.9991	-006.2065
Discharging:	16350.00	03.4844	-0.9991	-006.2210
Discharging:	16365.00	03.4836	-0.9991	-006.2355
Discharging:	16380.00	03.4829	-0.9991	-006.2500
Discharging:	16395.00	03.4821	-0.9991	-006.2645
Discharging:	16410.00	03.4813	-0.9991	-006.2790
Discharging:	16425.00	03.4805	-0.9991	-006.2935
Discharging:	16440.00	03.4797	-0.9991	-006.3079
Discharging:	16455.00	03.4790	-0.9991	-006.3224
Discharging:	16470.00	03.4782	-0.9991	-006.3369
Discharging:	16485.00	03.4775	-0.9991	-006.3514
Discharging:	16500.00	03.4768	-0.9991	-006.3658
Discharging:	16515.00	03.4761	-0.9991	-006.3803
Discharging:	16530.00	03.4753	-0.9991	-006.3948
Discharging:	16545.00	03.4745	-0.9991	-006.4093
Discharging:	16560.00	03.4737	-0.9991	-006.4237
Discharging:	16575.00	03.4730	-0.9991	-006.4382
Discharging:	16590.00	03.4722	-0.9991	-006.4526
Discharging:	16605.00	03.4714	-0.9991	-006.4671
Discharging:	16620.00	03.4706	-0.9991	-006.4815
Discharging:	16635.00	03.4698	-0.9991	-006.4960
Discharging:	16650.00	03.4689	-0.9991	-006.5104
Discharging:	16665.00	03.4682	-0.9991	-006.5248
Discharging:	16680.00	03.4672	-0.9991	-006.5393
Discharging:	16695.00	03.4665	-0.9991	-006.5537
Discharging:	16710.00	03.4657	-0.9991	-006.5681
Discharging:	16725.00	03.4649	-0.9991	-006.5826
Discharging:	16740.00	03.4640	-0.9991	-006.5970
Discharging:	16755.00	03.4632	-0.9991	-006.6114
Discharging:	16770.00	03.4624	-0.9991	-006.6258
Discharging:	16785.00	03.4616	-0.9991	-006.6402
Discharging:	16800.00	03.4608	-0.9991	-006.6546
Discharging:	16815.00	03.4599	-0.9991	-006.6690
Discharging:	16830.00	03.4591	-0.9991	-006.6834
Discharging:	16845.00	03.4582	-0.9991	-006.6978
Discharging:	16860.00	03.4573	-0.9991	-006.7122
Discharging:	16875.00	03.4565	-0.9991	-006.7266
Discharging:	16890.00	03.4557	-0.9991	-006.7410
Discharging:	16905.00	03.4549	-0.9991	-006.7554
Discharging:	16920.00	03.4540	-0.9991	-006.7698
Discharging:	16935.00	03.4531	-0.9991	-006.7841
Discharging:	16950.00	03.4522	-0.9991	-006.7985
Discharging:	16965.00	03.4513	-0.9991	-006.8129
Discharging:	16980.00	03.4503	-0.9991	-006.8272
Discharging:	16995.00	03.4493	-0.9991	-006.8416
Discharging:	17010.00	03.4484	-0.9991	-006.8560
Discharging:	17025.00	03.4474	-0.9991	-006.8703
Discharging:	17040.00	03.4465	-0.9991	-006.8847
Discharging:	17055.00	03.4456	-0.9991	-006.8990
Discharging:	17070.00	03.4447	-0.9991	-006.9133
Discharging:	17085.00	03.4438	-0.9991	-006.9277
Discharging:	17100.00	03.4428	-0.9991	-006.9420
Discharging:	17115.00	03.4419	-0.9991	-006.9563
Discharging:	17130.00	03.4410	-0.9991	-006.9707
Discharging:	17145.00	03.4400	-0.9991	-006.9850
Discharging:	17160.00	03.4391	-0.9991	-006.9993
Discharging:	17175.00	03.4381	-0.9991	-007.0136
Discharging:	17190.00	03.4371	-0.9991	-007.0279
Discharging:	17205.00	03.4362	-0.9991	-007.0422
Discharging:	17220.00	03.4354	-0.9991	-007.0565
Discharging:	17235.00	03.4344	-0.9991	-007.0708
Discharging:	17250.00	03.4334	-0.9991	-007.0851
Discharging:	17265.00	03.4324	-0.9991	-007.0994
Discharging:	17280.00	03.4314	-0.9991	-007.1137
Discharging:	17295.00	03.4304	-0.9991	-007.1280
Discharging:	17310.00	03.4294	-0.9991	-007.1422
Discharging:	17325.00	03.4283	-0.9991	-007.1565
Discharging:	17340.00	03.4273	-0.9991	-007.1708
Discharging:	17355.00	03.4263	-0.9991	-007.1850
Discharging:	17370.00	03.4252	-0.9991	-007.1993
Discharging:	17385.00	03.4242	-0.9991	-007.2136
Discharging:	17400.00	03.4231	-0.9991	-007.2278
Discharging:	17415.00	03.4220	-0.9991	-007.2421
Discharging:	17430.00	03.4209	-0.9991	-007.2563
Discharging:	17445.00	03.4198	-0.9991	-007.2705
Discharging:	17460.00	03.4188	-0.9991	-007.2848
Discharging:	17475.00	03.4176	-0.9991	-007.2990
Discharging:	17490.00	03.4165	-0.9991	-007.3132
Discharging:	17505.00	03.4155	-0.9991	-007.3274
Discharging:	17520.00	03.4143	-0.9991	-007.3417
Discharging:	17535.00	03.4132	-0.9991	-007.3559
Discharging:	17550.00	03.4121	-0.9991	-007.3701
Discharging:	17565.00	03.4109	-0.9991	-007.3843
Discharging:	17580.00	03.4098	-0.9991	-007.3985
Discharging:	17595.00	03.4086	-0.9991	-007.4126
Discharging:	17610.00	03.4074	-0.9991	-007.4268
Discharging:	17625.00	03.4062	-0.9991	-007.4410
Discharging:	17640.00	03.4050	-0.9991	-007.4552
Discharging:	17655.00	03.4038	-0.9991	-007.4694
Discharging:	17670.00	03.4026	-0.9991	-007.4835
Discharging:	17685.00	03.4014	-0.9991	-007.4977
Discharging:	17700.00	03.4001	-0.9991	-007.5118
Discharging:	17715.00	03.3989	-0.9991	-007.5260
Discharging:	17730.00	03.3976	-0.9991	-007.5401
Discharging:	17745.00	03.3963	-0.9991	-007.5543
Discharging:	17760.00	03.3950	-0.9991	-007.5684
Discharging:	17775.00	03.3938	-0.9991	-007.5825
Discharging:	17790.00	03.3927	-0.9991	-007.5967
Discharging:	17805.00	03.3913	-0.9991	-007.6108
Discharging:	17820.00	03.3899	-0.9991	-007.6249
Discharging:	17835.00	03.3885	-0.9991	-007.6390
Discharging:	17850.00	03.3872	-0.9991	-007.6531
Discharging:	17865.00	03.3859	-0.9991	-007.6672
Discharging:	17880.00	03.3844	-0.9991	-007.6813
Discharging:	17895.00	03.3831	-0.9991	-007.6954
Discharging:	17910.00	03.3816	-0.9991	-007.7094
Discharging:	17925.00	03.3802	-0.9991	-007.7235
Discharging:	17940.00	03.3788	-0.9991	-007.7376
Discharging:	17955.00	03.3773	-0.9991	-007.7516
Discharging:	17970.00	03.3758	-0.9991	-007.7657
Discharging:	17985.00	03.3743	-0.9991	-007.7797
Discharging:	18000.00	03.3729	-0.9991	-007.7938
Discharging:	18015.00	03.3714	-0.9991	-007.8078
Discharging:	18030.00	03.3697	-0.9991	-007.8218
Discharging:	18045.00	03.3681	-0.9991	-007.8359
Discharging:	18060.00	03.3666	-0.9991	-007.8499
Discharging:	18075.00	03.3650	-0.9991	-007.8639
Discharging:	18090.00	03.3634	-0.9991	-007.8779
Discharging:	18105.00	03.3618	-0.9991	-007.8919
Discharging:	18120.00	03.3602	-0.9991	-007.9059
Discharging:	18135.00	03.3585	-0.9991	-007.9198
Discharging:	18150.00	03.3569	-0.9991	-007.9338
Discharging:	18165.00	03.3552	-0.9991	-007.9478
Discharging:	18180.00	03.3534	-0.9991	-007.9618
Discharging:	18195.00	03.3519	-0.9991	-007.9757
Discharging:	18210.00	03.3502	-0.9991	-007.9897
Discharging:	18225.00	03.3484	-0.9991	-008.0036
Discharging:	18240.00	03.3467	-0.9991	-008.0175
Discharging:	18255.00	03.3449	-0.9991	-008.0314
Discharging:	18270.00	03.3431	-0.9991	-008.0454
Discharging:	18285.00	03.3414	-0.9991	-008.0593
Discharging:	18300.00	03.3395	-0.9991	-008.0732
Discharging:	18315.00	03.3376	-0.9991	-008.0871
Discharging:	18330.00	03.3359	-0.9991	-008.1010
Discharging:	18345.00	03.3340	-0.9991	-008.1148
Discharging:	18360.00	03.3322	-0.9991	-008.1287
Discharging:	18375.00	03.3303	-0.9991	-008.1426
Discharging:	18390.00	03.3285	-0.9991	-008.1564
Discharging:	18405.00	03.3266	-0.9991	-008.1703
Discharging:	18420.00	03.3247	-0.9991	-008.1841
Discharging:	18435.00	03.3228	-0.9991	-008.1980
Discharging:	18450.00	03.3209	-0.9991	-008.2118
Discharging:	18465.00	03.3190	-0.9991	-008.2256
Discharging:	18480.00	03.3171	-0.9991	-008.2394
Discharging:	18495.00	03.3152	-0.9991	-008.2532
Discharging:	18510.00	03.3132	-0.9991	-008.2670
Discharging:	18525.00	03.3113	-0.9991	-008.2808
Discharging:	18540.00	03.3094	-0.9991	-008.2946
Discharging:	18555.00	03.3074	-0.9991	-008.3083
Discharging:	18570.00	03.3054	-0.9991	-008.3221
Discharging:	18585.00	03.3033	-0.9991	-008.3358
Discharging:	18600.00	03.3014	-0.9991	-008.3496
Discharging:	18615.00	03.2995	-0.9991	-008.3633
Discharging:	18630.00	03.2974	-0.9991	-008.3770
Discharging:	18645.00	03.2955	-0.9991	-008.3908
Discharging:	18660.00	03.2936	-0.9991	-008.4045
Discharging:	18675.00	03.2916	-0.9991	-008.4182
Discharging:	18690.00	03.2895	-0.9991	-008.4319
Discharging:	18705.00	03.2874	-0.9991	-008.4456
Discharging:	18720.00	03.2854	-0.9991	-008.4592
Discharging:	18735.00	03.2833	-0.9991	-008.4729
Discharging:	18750.00	03.2813	-0.9991	-008.4866
Discharging:	18765.00	03.2793	-0.9991	-008.5002
Discharging:	18780.00	03.2773	-0.9991	-008.5139
Discharging:	18795.00	03.2752	-0.9991	-008.5275
Discharging:	18810.00	03.2731	-0.9991	-008.5411
Discharging:	18825.00	03.2710	-0.9991	-008.5547
Discharging:	18840.00	03.2690	-0.9991	-008.5683
Discharging:	18855.00	03.2668	-0.9991	-008.5819
Discharging:	18870.00	03.2649	-0.9991	-008.5955
Discharging:	18885.00	03.2627	-0.9991	-008.6091
Discharging:	18900.00	03.2605	-0.9991	-008.6227
Discharging:	18915.00	03.2583	-0.9991	-008.6363
Discharging:	18930.00	03.2561	-0.9991	-008.6498
Discharging:	18945.00	03.2540	-0.9991	-008.6634
Discharging:	18960.00	03.2518	-0.9991	-008.6769
Discharging:	18975.00	03.2496	-0.9991	-008.6904
Discharging:	18990.00	03.2474	-0.9991	-008.7039
Discharging:	19005.00	03.2452	-0.9991	-008.7175
Discharging:	19020.00	03.2429	-0.9991	-008.7310
Discharging:	19035.00	03.2407	-0.9991	-008.7444
Discharging:	19050.00	03.2384	-0.9991	-008.7579
Discharging:	19065.00	03.2360	-0.9991	-008.7714
Discharging:	19080.00	03.2337	-0.9991	-008.7849
Discharging:	19095.00	03.2313	-0.9991	-008.7983
Discharging:	19110.00	03.2289	-0.9991	-008.8118
Discharging:	19125.00	03.2267	-0.9991	-008.8252
Discharging:	19140.00	03.2242	-0.9991	-008.8386
Discharging:	19155.00	03.2218	-0.9991	-008.8520
Discharging:	19170.00	03.2193	-0.9991	-008.8654
Discharging:	19185.00	03.2168	-0.9991	-008.8788
Discharging:	19200.00	03.2142	-0.9991	-008.8922
Discharging:	19215.00	03.2117	-0.9991	-008.9056
Discharging:	19230.00	03.2090	-0.9991	-008.9189
Discharging:	19245.00	03.2064	-0.9991	-008.9323
Discharging:	19260.00	03.2037	-0.9991	-008.9456
Discharging:	19275.00	03.2011	-0.9991	-008.9589
Discharging:	19290.00	03.1983	-0.9991	-008.9722
Discharging:	19305.00	03.1957	-0.9991	-008.9856
Discharging:	19320.00	03.1928	-0.9991	-008.9988
Discharging:	19335.00	03.1901	-0.9991	-009.0121
Discharging:	19350.00	03.1873	-0.9991	-009.0254
Discharging:	19365.00	03.1845	-0.9991	-009.0386
Discharging:	19380.00	03.1816	-0.9991	-009.0519
Discharging:	19395.00	03.1785	-0.9991	-009.0651
Discharging:	19410.00	03.1756	-0.9991	-009.0783
Discharging:	19425.00	03.1726	-0.9991	-009.0916
Discharging:	19440.00	03.1696	-0.9991	-009.1047
Discharging:	19455.00	03.1665	-0.9991	-009.1179
Discharging:	19470.00	03.1635	-0.9991	-009.1311
Discharging:	19485.00	03.1604	-0.9991	-009.1443
Discharging:	19500.00	03.1572	-0.9991	-009.1574
Discharging:	19515.00	03.1540	-0.9991	-009.1705
Discharging:	19530.00	03.1507	-0.9991	-009.1836
Discharging:	19545.00	03.1474	-0.9991	-009.1967
Discharging:	19560.00	03.1443	-0.9991	-009.2098
Discharging:	19575.00	03.1409	-0.9991	-009.2229
Discharging:	19590.00	03.1374	-0.9991	-009.2360
Discharging:	19605.00	03.1339	-0.9991	-009.2490
Discharging:	19620.00	03.1304	-0.9991	-009.2621
Discharging:	19635.00	03.1268	-0.9991	-009.2751
Discharging:	19650.00	03.1232	-0.9991	-009.2881
Discharging:	19665.00	03.1195	-0.9991	-009.3011
Discharging:	19680.00	03.1157	-0.9991	-009.3140
Discharging:	19695.00	03.1118	-0.9991	-009.3270
Discharging:	19710.00	03.1079	-0.9991	-009.3399
Discharging:	19725.00	03.1040	-0.9991	-009.3528
Discharging:	19740.00	03.1000	-0.9991	-009.3658
Discharging:	19755.00	03.0959	-0.9991	-009.3786
Discharging:	19770.00	03.0918	-0.9991	-009.3915
Discharging:	19785.00	03.0873	-0.9991	-009.4044
Discharging:	19800.00	03.0830	-0.9991	-009.4172
Discharging:	19815.00	03.0788	-0.9991	-009.4300
Discharging:	19830.00	03.0743	-0.9991	-009.4428
Discharging:	19845.00	03.0697	-0.9991	-009.4556
Discharging:	19860.00	03.0652	-0.9991	-009.4684
Discharging:	19875.00	03.0607	-0.9991	-009.4811
Discharging:	19890.00	03.0559	-0.9991	-009.4938
Discharging:	19905.00	03.0511	-0.9991	-009.5065
Discharging:	19920.00	03.0462	-0.9991	-009.5192
Discharging:	19935.00	03.0412	-0.9991	-009.5319
Discharging:	19950.00	03.0360	-0.9991	-009.5445
Discharging:	19965.00	03.0308	-0.9991	-009.5571
Discharging:	19980.00	03.0255	-0.9991	-009.5697
Discharging:	19995.00	03.0202	-0.9991	-009.5823
Discharging:	20010.00	03.0145	-0.9992	-009.5948
Discharging:	20025.00	03.0087	-0.9991	-009.6074
Discharging:	20040.00	03.0026	-0.9991	-009.6199
Discharging:	20055.00	02.9967	-0.9991	-009.6323
Recharging:	20070.00	03.3495	00.9999	0000.0140
Recharging:	20085.00	03.7552	00.9997	0000.0296
Recharging:	20100.00	03.7708	00.9997	0000.0453
Recharging:	20115.00	03.7820	00.9997	0000.0611
Recharging:	20130.00	03.7904	00.9997	0000.0768
Recharging:	20145.00	03.7971	00.9997	0000.0927
Recharging:	20160.00	03.8025	00.9997	0000.1085
Recharging:	20175.00	03.8067	00.9998	0000.1244
Recharging:	20190.00	03.8099	00.9997	0000.1402
Recharging:	20205.00	03.8127	00.9997	0000.1561
Recharging:	20220.00	03.8151	00.9997	0000.1720
Recharging:	20235.00	03.8172	00.9997	0000.1879
Recharging:	20250.00	03.8189	00.9998	0000.2038
Recharging:	20265.00	03.8206	00.9997	0000.2197
Recharging:	20280.00	03.8221	00.9997	0000.2357
Recharging:	20295.00	03.8234	00.9997	0000.2516
Recharging:	20310.00	03.8246	00.9997	0000.2675
Recharging:	20325.00	03.8258	00.9997	0000.2834
Recharging:	20340.00	03.8269	00.9997	0000.2994
Recharging:	20355.00	03.8280	00.9997	0000.3153
Recharging:	20370.00	03.8291	00.9997	0000.3313
Recharging:	20385.00	03.8301	00.9997	0000.3472
Recharging:	20400.00	03.8310	00.9997	0000.3632
Recharging:	20415.00	03.8320	00.9997	0000.3792
Recharging:	20430.00	03.8329	00.9998	0000.3951
Recharging:	20445.00	03.8338	00.9997	0000.4111
Recharging:	20460.00	03.8346	00.9997	0000.4271
Recharging:	20475.00	03.8356	00.9997	0000.4430
Recharging:	20490.00	03.8364	00.9998	0000.4590
Recharging:	20505.00	03.8373	00.9997	0000.4750
Recharging:	20520.00	03.8382	00.9997	0000.4910
Recharging:	20535.00	03.8390	00.9997	0000.5070
Recharging:	20550.00	03.8399	00.9997	0000.5230
Recharging:	20565.00	03.8407	00.9997	0000.5390
Recharging:	20580.00	03.8415	00.9997	0000.5550
Recharging:	20595.00	03.8423	00.9997	0000.5710
Recharging:	20610.00	03.8431	00.9997	0000.5870
Recharging:	20625.00	03.8439	00.9997	0000.6030
Recharging:	20640.00	03.8447	00.9997	0000.6190
Recharging:	20655.00	03.8455	00.9997	0000.6350
Recharging:	20670.00	03.8464	00.9997	0000.6511
Recharging:	20685.00	03.8470	00.9997	0000.6671
Recharging:	20700.00	03.8479	00.9998	0000.6831
Recharging:	20715.00	03.8487	00.9997	0000.6992
Recharging:	20730.00	03.8495	00.9997	0000.7152
Recharging:	20745.00	03.8501	00.9997	0000.7312
Recharging:	20760.00	03.8509	00.9997	0000.7473
Recharging:	20775.00	03.8517	00.9997	0000.7633
Recharging:	20790.00	03.8524	00.9997	0000.7794
Recharging:	20805.00	03.8531	00.9997	0000.7954
Recharging:	20820.00	03.8539	00.9997	0000.8115
Recharging:	20835.00	03.8546	00.9997	0000.8275
Recharging:	20850.00	03.8552	00.9997	0000.8436
Recharging:	20865.00	03.8559	00.9997	0000.8596
Recharging:	20880.00	03.8567	00.9997	0000.8757
Recharging:	20895.00	03.8574	00.9997	0000.8918
Recharging:	20910.00	03.8582	00.9997	0000.9078
Recharging:	20925.00	03.8589	00.9997	0000.9239
Recharging:	20940.00	03.8596	00.9997	0000.9400
Recharging:	20955.00	03.8603	00.9997	0000.9561
Recharging:	20970.00	03.8610	00.9997	0000.9722
Recharging:	20985.00	03.8617	00.9997	0000.9882
Recharging:	21000.00	03.8624	00.9997	0001.0043
Recharging:	21015.00	03.8632	00.9997	0001.0204
Recharging:	21030.00	03.8638	00.9997	0001.0365
Recharging:	21045.00	03.8646	00.9997	0001.0526
Recharging:	21060.00	03.8653	00.9998	0001.0687
Recharging:	21075.00	03.8660	00.9997	0001.0848
Recharging:	21090.00	03.8667	00.9998	0001.1009
Recharging:	21105.00	03.8674	00.9997	0001.1170
Recharging:	21120.00	03.8681	00.9997	0001.1332
Recharging:	21135.00	03.8688	00.9997	0001.1493
Recharging:	21150.00	03.8695	00.9997	0001.1654
Recharging:	21165.00	03.8703	00.9997	0001.1815
Recharging:	21180.00	03.8710	00.9998	0001.1976
Recharging:	21195.00	03.8717	00.9997	0001.2138
Recharging:	21210.00	03.8724	00.9998	0001.2299
Recharging:	21225.00	03.8731	00.9997	0001.2460
Recharging:	21240.00	03.8738	00.9997	0001.2622
Recharging:	21255.00	03.8746	00.9997	0001.2783
Recharging:	21270.00	03.8753	00.9997	0001.2945
Recharging:	21285.00	03.8761	00.9997	0001.3106
Recharging:	21300.00	03.8768	00.9997	0001.3267
Recharging:	21315.00	03.8775	00.9997	0001.3429
Recharging:	21330.00	03.8783	00.9997	0001.3591
Recharging:	21345.00	03.8790	00.9997	0001.3752
Recharging:	21360.00	03.8797	00.9997	0001.3914
Recharging:	21375.00	03.8805	00.9997	0001.4075
Recharging:	21390.00	03.8813	00.9998	0001.4237
Recharging:	21405.00	03.8820	00.9997	0001.4399
Recharging:	21420.00	03.8827	00.9997	0001.4560
Recharging:	21435.00	03.8834	00.9997	0001.4722
Recharging:	21450.00	03.8842	00.9998	0001.4884
Recharging:	21465.00	03.8850	00.9997	0001.5046
Recharging:	21480.00	03.8857	00.9997	0001.5208
Recharging:	21495.00	03.8865	00.9997	0001.5370
Recharging:	21510.00	03.8872	00.9998	0001.5532
Recharging:	21525.00	03.8880	00.9998	0001.5694
Recharging:	21540.00	03.8887	00.9997	0001.5856
Recharging:	21555.00	03.8895	00.9998	0001.6018
Recharging:	21570.00	03.8903	00.9998	0001.6180
Recharging:	21585.00	03.8910	00.9998	0001.6342
Recharging:	21600.00	03.8918	00.9998	0001.6504
Recharging:	21615.00	03.8925	00.9998	0001.6666
Recharging:	21630.00	03.8933	00.9997	0001.6828
Recharging:	21645.00	03.8941	00.9997	0001.6990
Recharging:	21660.00	03.8948	00.9997	0001.7153
Recharging:	21675.00	03.8956	00.9997	0001.7315
Recharging:	21690.00	03.8963	00.9997	0001.7477
Recharging:	21705.00	03.8970	00.9997	0001.7639
Recharging:	21720.00	03.8978	00.9997	0001.7802
Recharging:	21735.00	03.8986	00.9997	0001.7964
Recharging:	21750.00	03.8993	00.9997	0001.8127
Recharging:	21765.00	03.9001	00.9998	0001.8289
Recharging:	21780.00	03.9008	00.9997	0001.8452
Recharging:	21795.00	03.9016	00.9998	0001.8614
Recharging:	21810.00	03.9024	00.9997	0001.8777
Recharging:	21825.00	03.9030	00.9997	0001.8939
Recharging:	21840.00	03.9038	00.9997	0001.9102
Recharging:	21855.00	03.9046	00.9997	0001.9265
Recharging:	21870.00	03.9053	00.9998	0001.9427
Recharging:	21885.00	03.9061	00.9998	0001.9590
Recharging:	21900.00	03.9068	00.9997	0001.9753
Recharging:	21915.00	03.9075	00.9998	0001.9915
Recharging:	21930.00	03.9082	00.9997	0002.0078
Recharging:	21945.00	03.9089	00.9998	0002.0241
Recharging:	21960.00	03.9096	00.9998	0002.0404
Recharging:	21975.00	03.9103	00.9998	0002.0567
Recharging:	21990.00	03.9111	00.9998	0002.0730
Recharging:	22005.00	03.9118	00.9997	0002.0893
Recharging:	22020.00	03.9124	00.9998	0002.1056
Recharging:	22035.00	03.9132	00.9998	0002.1219
Recharging:	22050.00	03.9138	00.9997	0002.1382
Recharging:	22065.00	03.9145	00.9998	0002.1545
Recharging:	22080.00	03.9152	00.9998	0002.1708
Recharging:	22095.00	03.9158	00.9997	0002.1871
Recharging:	22110.00	03.9166	00.9997	0002.2034
Recharging:	22125.00	03.9172	00.9998	0002.2197
Recharging:	22140.00	03.9179	00.9998	0002.2361
Recharging:	22155.00	03.9185	00.9998	0002.2524
Recharging:	22170.00	03.9192	00.9998	0002.2687
Recharging:	22185.00	03.9198	00.9998	0002.2850
Recharging:	22200.00	03.9204	00.9998	0002.3014
Recharging:	22215.00	03.9211	00.9997	0002.3177
Recharging:	22230.00	03.9218	00.9998	0002.3340
Recharging:	22245.00	03.9224	00.9998	0002.3504
Recharging:	22260.00	03.9231	00.9998	0002.3667
Recharging:	22275.00	03.9237	00.9997	0002.3831
Recharging:	22290.00	03.9244	00.9997	0002.3994
Recharging:	22305.00	03.9250	00.9997	0002.4158
Recharging:	22320.00	03.9256	00.9998	0002.4321
Recharging:	22335.00	03.9263	00.9997	0002.4485
Recharging:	22350.00	03.9270	00.9997	0002.4648
Recharging:	22365.00	03.9276	00.9997	0002.4812
Recharging:	22380.00	03.9282	00.9998	0002.4975
Recharging:	22395.00	03.9288	00.9998	0002.5139
Recharging:	22410.00	03.9294	00.9997	0002.5303
Recharging:	22425.00	03.9300	00.9997	0002.5467
Recharging:	22440.00	03.9306	00.9998	0002.5630
Recharging:	22455.00	03.9312	00.9998	0002.5794
Recharging:	22470.00	03.9318	00.9998	0002.5958
Recharging:	22485.00	03.9325	00.9997	0002.6122
Recharging:	22500.00	03.9330	00.9997	0002.6285
Recharging:	22515.00	03.9335	00.9997	0002.6449
Recharging:	22530.00	03.9342	00.9997	0002.6613
Recharging:	22545.00	03.9348	00.9998	0002.6777
Recharging:	22560.00	03.9353	00.9998	0002.6941
Recharging:	22575.00	03.9359	00.9997	0002.7105
Recharging:	22590.00	03.9365	00.9998	0002.7269
Recharging:	22605.00	03.9371	00.9997	0002.7433
Recharging:	22620.00	03.9377	00.9998	0002.7597
Recharging:	22635.00	03.9381	00.9998	0002.7761
Recharging:	22650.00	03.9387	00.9997	0002.7925
Recharging:	22665.00	03.9392	00.9997	0002.8089
Recharging:	22680.00	03.9398	00.9997	0002.8253
Recharging:	22695.00	03.9404	00.9997	0002.8417
Recharging:	22710.00	03.9409	00.9998	0002.8582
Recharging:	22725.00	03.9414	00.9998	0002.8746
Recharging:	22740.00	03.9419	00.9998	0002.8910
Recharging:	22755.00	03.9424	00.9998	0002.9074
Recharging:	22770.00	03.9429	00.9997	0002.9239
Recharging:	22785.00	03.9434	00.9997	0002.9403
Recharging:	22800.00	03.9440	00.9997	0002.9567
Recharging:	22815.00	03.9444	00.9997	0002.9731
Recharging:	22830.00	03.9449	00.9997	0002.9896
Recharging:	22845.00	03.9453	00.9997	0003.0060
Recharging:	22860.00	03.9458	00.9997	0003.0224
Recharging:	22875.00	03.9463	00.9997	0003.0389
Recharging:	22890.00	03.9467	00.9998	0003.0553
Recharging:	22905.00	03.9471	00.9997	0003.0718
Recharging:	22920.00	03.9476	00.9998	0003.0882
Recharging:	22935.00	03.9481	00.9998	0003.1047
Recharging:	22950.00	03.9484	00.9998	0003.1211
Recharging:	22965.00	03.9488	00.9998	0003.1376
Recharging:	22980.00	03.9493	00.9998	0003.1540
Recharging:	22995.00	03.9496	00.9997	0003.1705
Recharging:	23010.00	03.9500	00.9997	0003.1869
Recharging:	23025.00	03.9505	00.9997	0003.2034
Recharging:	23040.00	03.9508	00.9998	0003.2198
Recharging:	23055.00	03.9512	00.9997	0003.2363
Recharging:	23070.00	03.9516	00.9998	0003.2527
Recharging:	23085.00	03.9519	00.9997	0003.2692
Recharging:	23100.00	03.9523	00.9997	0003.2857
Recharging:	23115.00	03.9527	00.9998	0003.3021
Recharging:	23130.00	03.9530	00.9998	0003.3186
Recharging:	23145.00	03.9534	00.9997	0003.3351
Recharging:	23160.00	03.9537	00.9997	0003.3515
Recharging:	23175.00	03.9540	00.9998	0003.3680
Recharging:	23190.00	03.9542	00.9997	0003.3845
Recharging:	23205.00	03.9545	00.9997	0003.4010
Recharging:	23220.00	03.9548	00.9998	0003.4174
Recharging:	23235.00	03.9551	00.9998	0003.4339
Recharging:	23250.00	03.9554	00.9998	0003.4504
Recharging:	23265.00	03.9557	00.9998	0003.4669
Recharging:	23280.00	03.9559	00.9998	0003.4833
Recharging:	23295.00	03.9562	00.9997	0003.4998
Recharging:	23310.00	03.9564	00.9998	0003.5163
Recharging:	23325.00	03.9567	00.9997	0003.5328
Recharging:	23340.00	03.9569	00.9998	0003.5493
Recharging:	23355.00	03.9571	00.9998	0003.5657
Recharging:	23370.00	03.9574	00.9998	0003.5822
Recharging:	23385.00	03.9578	00.9998	0003.5987
Recharging:	23400.00	03.9579	00.9997	0003.6152
Recharging:	23415.00	03.9582	00.9997	0003.6317
Recharging:	23430.00	03.9584	00.9997	0003.6482
Recharging:	23445.00	03.9586	00.9997	0003.6647
Recharging:	23460.00	03.9588	00.9997	0003.6812
Recharging:	23475.00	03.9589	00.9998	0003.6977
Recharging:	23490.00	03.9591	00.9997	0003.7141
Recharging:	23505.00	03.9593	00.9997	0003.7306
Recharging:	23520.00	03.9595	00.9997	0003.7471
Recharging:	23535.00	03.9597	00.9997	0003.7636
Recharging:	23550.00	03.9599	00.9997	0003.7801
Recharging:	23565.00	03.9600	00.9997	0003.7966
Recharging:	23580.00	03.9602	00.9998	0003.8131
Recharging:	23595.00	03.9604	00.9998	0003.8296
Recharging:	23610.00	03.9606	00.9998	0003.8461
Recharging:	23625.00	03.9608	00.9998	0003.8626
Recharging:	23640.00	03.9609	00.9997	0003.8791
Recharging:	23655.00	03.9611	00.9997	0003.8956
Recharging:	23670.00	03.9613	00.9998	0003.9121
Recharging:	23685.00	03.9615	00.9997	0003.9286
Recharging:	23700.00	03.9616	00.9997	0003.9451
Recharging:	23715.00	03.9618	00.9998	0003.9616
Recharging:	23730.00	03.9620	00.9997	0003.9781
Recharging:	23745.00	03.9622	00.9997	0003.9946
Recharging:	23760.00	03.9624	00.9998	0004.0111
Recharging:	23775.00	03.9625	00.9998	0004.0276
Recharging:	23790.00	03.9627	00.9998	0004.0442
Recharging:	23805.00	03.9629	00.9998	0004.0607
Recharging:	23820.00	03.9631	00.9997	0004.0772
Recharging:	23835.00	03.9633	00.9997	0004.0937
Recharging:	23850.00	03.9635	00.9997	0004.1102
Recharging:	23865.00	03.9636	00.9998	0004.1267
Recharging:	23880.00	03.9638	00.9997	0004.1432
Recharging:	23895.00	03.9639	00.9998	0004.1597
Recharging:	23910.00	03.9641	00.9998	0004.1762
Recharging:	23925.00	03.9643	00.9998	0004.1928
Recharging:	23940.00	03.9644	00.9997	0004.2093
Recharging:	23955.00	03.9646	00.9997	0004.2258
Recharging:	23970.00	03.9648	00.9997	0004.2423
Recharging:	23985.00	03.9650	00.9998	0004.2588
Recharging:	24000.00	03.9652	00.9998	0004.2753
Recharging:	24015.00	03.9653	00.9997	0004.2918
Recharging:	24030.00	03.9655	00.9998	0004.3084
Recharging:	24045.00	03.9656	00.9997	0004.3249
Recharging:	24060.00	03.9659	00.9997	0004.3414
Recharging:	24075.00	03.9660	00.9998	0004.3579
Recharging:	24090.00	03.9662	00.9997	0004.3744
Recharging:	24105.00	03.9664	00.9998	0004.3910
Recharging:	24120.00	03.9665	00.9998	0004.4075
Recharging:	24135.00	03.9668	00.9998	0004.4240
Recharging:	24150.00	03.9669	00.9997	0004.4405
Recharging:	24165.00	03.9671	00.9997	0004.4571
Recharging:	24180.00	03.9672	00.9997	0004.4736
Recharging:	24195.00	03.9674	00.9998	0004.4901
Recharging:	24210.00	03.9677	00.9997	0004.5066
Recharging:	24225.00	03.9678	00.9998	0004.5232
Recharging:	24240.00	03.9680	00.9997	0004.5397
Recharging:	24255.00	03.9682	00.9997	0004.5562
Recharging:	24270.00	03.9684	00.9997	0004.5728
Recharging:	24285.00	03.9686	00.9997	0004.5893
Recharging:	24300.00	03.9688	00.9997	0004.6058
Recharging:	24315.00	03.9689	00.9998	0004.6224
Recharging:	24330.00	03.9691	00.9997	0004.6389
Recharging:	24345.00	03.9693	00.9997	0004.6554
Recharging:	24360.00	03.9695	00.9997	0004.6720
Recharging:	24375.00	03.9697	00.9997	0004.6885
Recharging:	24390.00	03.9699	00.9998	0004.7050
Recharging:	24405.00	03.9700	00.9997	0004.7216
Recharging:	24420.00	03.9703	00.9997	0004.7381
Recharging:	24435.00	03.9705	00.9998	0004.7547
Recharging:	24450.00	03.9707	00.9997	0004.7712
Recharging:	24465.00	03.9709	00.9997	0004.7877
Recharging:	24480.00	03.9711	00.9997	0004.8043
Recharging:	24495.00	03.9713	00.9998	0004.8208
Recharging:	24510.00	03.9715	00.9998	0004.8374
Recharging:	24525.00	03.9717	00.9997	0004.8539
Recharging:	24540.00	03.9719	00.9997	0004.8705
Recharging:	24555.00	03.9722	00.9997	0004.8870
Recharging:	24570.00	03.9724	00.9997	0004.9035
Recharging:	24585.00	03.9726	00.9997	0004.9201
Recharging:	24600.00	03.9728	00.9997	0004.9366
Recharging:	24615.00	03.9731	00.9997	0004.9532
Recharging:	24630.00	03.9733	00.9997	0004.9697
Recharging:	24645.00	03.9736	00.9998	0004.9863
Recharging:	24660.00	03.9737	00.9997	0005.0029
Recharging:	24675.00	03.9739	00.9997	0005.0194
Recharging:	24690.00	03.9742	00.9998	0005.0360
Recharging:	24705.00	03.9744	00.9997	0005.0525
Recharging:	24720.00	03.9746	00.9997	0005.0691
Recharging:	24735.00	03.9748	00.9998	0005.0856
Recharging:	24750.00	03.9751	00.9997	0005.1022
Recharging:	24765.00	03.9753	00.9997	0005.1187
Recharging:	24780.00	03.9754	00.9997	0005.1353
Recharging:	24795.00	03.9757	00.9998	0005.1519
Recharging:	24810.00	03.9760	00.9998	0005.1684
Recharging:	24825.00	03.9762	00.9998	0005.1850
Recharging:	24840.00	03.9764	00.9998	0005.2016
Recharging:	24855.00	03.9767	00.9997	0005.2181
Recharging:	24870.00	03.9769	00.9997	0005.2347
Recharging:	24885.00	03.9772	00.9997	0005.2513
Recharging:	24900.00	03.9774	00.9997	0005.2678
Recharging:	24915.00	03.9776	00.9997	0005.2844
Recharging:	24930.00	03.9778	00.9997	0005.3010
Recharging:	24945.00	03.9780	00.9998	0005.3175
Recharging:	24960.00	03.9783	00.9998	0005.3341
Recharging:	24975.00	03.9786	00.9997	0005.3507
Recharging:	24990.00	03.9788	00.9997	0005.3673
Recharging:	25005.00	03.9791	00.9998	0005.3838
Recharging:	25020.00	03.9793	00.9997	0005.4004
Recharging:	25035.00	03.9795	00.9997	0005.4170
Recharging:	25050.00	03.9798	00.9998	0005.4336
Recharging:	25065.00	03.9801	00.9998	0005.4501
Recharging:	25080.00	03.9803	00.9997	0005.4667
Recharging:	25095.00	03.9806	00.9998	0005.4833
Recharging:	25110.00	03.9809	00.9997	0005.4999
Recharging:	25125.00	03.9811	00.9998	0005.5165
Recharging:	25140.00	03.9814	00.9997	0005.5331
Recharging:	25155.00	03.9816	00.9997	0005.5496
Recharging:	25170.00	03.9819	00.9997	0005.5662
Recharging:	25185.00	03.9821	00.9997	0005.5828
Recharging:	25200.00	03.9824	00.9997	0005.5994
Recharging:	25215.00	03.9827	00.9997	0005.6160
Recharging:	25230.00	03.9830	00.9997	0005.6326
Recharging:	25245.00	03.9833	00.9997	0005.6492
Recharging:	25260.00	03.9836	00.9997	0005.6658
Recharging:	25275.00	03.9838	00.9997	0005.6824
Recharging:	25290.00	03.9841	00.9997	0005.6990
Recharging:	25305.00	03.9844	00.9997	0005.7156
Recharging:	25320.00	03.9847	00.9997	0005.7322
Recharging:	25335.00	03.9850	00.9997	0005.7488
Recharging:	25350.00	03.9853	00.9997	0005.7654
Recharging:	25365.00	03.9855	00.9997	0005.7820
Recharging:	25380.00	03.9858	00.9997	0005.7986
Recharging:	25395.00	03.9861	00.9997	0005.8152
Recharging:	25410.00	03.9864	00.9997	0005.8318
Recharging:	25425.00	03.9867	00.9997	0005.8484
Recharging:	25440.00	03.9870	00.9997	0005.8650
Recharging:	25455.00	03.9873	00.9997	0005.8816
Recharging:	25470.00	03.9876	00.9997	0005.8982
Recharging:	25485.00	03.9879	00.9997	0005.9148
Recharging:	25500.00	03.9882	00.9997	0005.9314
Recharging:	25515.00	03.9885	00.9997	0005.9481
Recharging:	25530.00	03.9888	00.9997	0005.9647
Recharging:	25545.00	03.9891	00.9998	0005.9813
Recharging:	25560.00	03.9894	00.9997	0005.9979
Recharging:	25575.00	03.9897	00.9997	0006.0145
Recharging:	25590.00	03.9901	00.9997	0006.0311
Recharging:	25605.00	03.9903	00.9997	0006.0478
Recharging:	25620.00	03.9906	00.9997	0006.0644
Recharging:	25635.00	03.9910	00.9997	0006.0810
Recharging:	25650.00	03.9913	00.9997	0006.0976
Recharging:	25665.00	03.9916	00.9997	0006.1143
Recharging:	25680.00	03.9919	00.9997	0006.1309
Recharging:	25695.00	03.9922	00.9997	0006.1475
Recharging:	25710.00	03.9926	00.9998	0006.1642
Recharging:	25725.00	03.9929	00.9997	0006.1808
Recharging:	25740.00	03.9932	00.9998	0006.1974
Recharging:	25755.00	03.9935	00.9998	0006.2141
Recharging:	25770.00	03.9939	00.9998	0006.2307
Recharging:	25785.00	03.9942	00.9998	0006.2473
Recharging:	25800.00	03.9946	00.9998	0006.2640
Recharging:	25815.00	03.9949	00.9997	0006.2806
Recharging:	25830.00	03.9952	00.9998	0006.2973
Recharging:	25845.00	03.9956	00.9998	0006.3139
Recharging:	25860.00	03.9959	00.9998	0006.3305
Recharging:	25875.00	03.9962	00.9997	0006.3472
Recharging:	25890.00	03.9965	00.9998	0006.3638
Recharging:	25905.00	03.9968	00.9998	0006.3805
Recharging:	25920.00	03.9972	00.9997	0006.3971
Recharging:	25935.00	03.9974	00.9998	0006.4138
Recharging:	25950.00	03.9978	00.9997	0006.4304
Recharging:	25965.00	03.9981	00.9998	0006.4471
Recharging:	25980.00	03.9985	00.9998	0006.4638
Recharging:	25995.00	03.9989	00.9998	0006.4804
Recharging:	26010.00	03.9992	00.9998	0006.4971
Recharging:	26025.00	03.9995	00.9998	0006.5137
Recharging:	26040.00	03.9999	00.9998	0006.5304
Recharging:	26055.00	04.0002	00.9998	0006.5471
Recharging:	26070.00	04.0006	00.9998	0006.5637
Recharging:	26085.00	04.0009	00.9998	0006.5804
Recharging:	26100.00	04.0013	00.9998	0006.5971
Recharging:	26115.00	04.0017	00.9997	0006.6137
Recharging:	26130.00	04.0020	00.9998	0006.6304
Recharging:	26145.00	04.0024	00.9997	0006.6471
Recharging:	26160.00	04.0027	00.9998	0006.6638
Recharging:	26175.00	04.0031	00.9997	0006.6804
Recharging:	26190.00	04.0034	00.9998	0006.6971
Recharging:	26205.00	04.0038	00.9997	0006.7138
Recharging:	26220.00	04.0042	00.9998	0006.7305
Recharging:	26235.00	04.0046	00.9998	0006.7471
Recharging:	26250.00	04.0050	00.9997	0006.7638
Recharging:	26265.00	04.0053	00.9997	0006.7805
Recharging:	26280.00	04.0057	00.9997	0006.7972
Recharging:	26295.00	04.0060	00.9998	0006.8139
Recharging:	26310.00	04.0064	00.9998	0006.8306
Recharging:	26325.00	04.0068	00.9998	0006.8473
Recharging:	26340.00	04.0072	00.9998	0006.8640
Recharging:	26355.00	04.0076	00.9998	0006.8807
Recharging:	26370.00	04.0080	00.9998	0006.8973
Recharging:	26385.00	04.0083	00.9998	0006.9140
Recharging:	26400.00	04.0087	00.9998	0006.9307
Recharging:	26415.00	04.0092	00.9998	0006.9474
Recharging:	26430.00	04.0095	00.9997	0006.9641
Recharging:	26445.00	04.0099	00.9998	0006.9809
Recharging:	26460.00	04.0103	00.9998	0006.9976
Recharging:	26475.00	04.0108	00.9998	0007.0143
Recharging:	26490.00	04.0111	00.9998	0007.0310
Recharging:	26505.00	04.0115	00.9998	0007.0477
Recharging:	26520.00	04.0119	00.9998	0007.0644
Recharging:	26535.00	04.0123	00.9998	0007.0811
Recharging:	26550.00	04.0127	00.9998	0007.0978
Recharging:	26565.00	04.0131	00.9998	0007.1145
Recharging:	26580.00	04.0135	00.9997	0007.1313
Recharging:	26595.00	04.0139	00.9997	0007.1480
Recharging:	26610.00	04.0143	00.9997	0007.1647
Recharging:	26625.00	04.0147	00.9997	0007.1814
Recharging:	26640.00	04.0151	00.9998	0007.1982
Recharging:	26655.00	04.0155	00.9998	0007.2149
Recharging:	26670.00	04.0159	00.9998	0007.2316
Recharging:	26685.00	04.0163	00.9998	0007.2483
Recharging:	26700.00	04.0168	00.9998	0007.2651
Recharging:	26715.00	04.0171	00.9998	0007.2818
Recharging:	26730.00	04.0176	00.9997	0007.2985
Recharging:	26745.00	04.0180	00.9998	0007.3153
Recharging:	26760.00	04.0184	00.9998	0007.3320
Recharging:	26775.00	04.0189	00.9998	0007.3488
Recharging:	26790.00	04.0193	00.9997	0007.3655
Recharging:	26805.00	04.0197	00.9997	0007.3823
Recharging:	26820.00	04.0201	00.9998	0007.3990
Recharging:	26835.00	04.0206	00.9998	0007.4157
Recharging:	26850.00	04.0210	00.9998	0007.4325
Recharging:	26865.00	04.0214	00.9998	0007.4492
Recharging:	26880.00	04.0219	00.9998	0007.4660
Recharging:	26895.00	04.0223	00.9998	0007.4828
Recharging:	26910.00	04.0228	00.9998	0007.4995
Recharging:	26925.00	04.0232	00.9998	0007.5163
Recharging:	26940.00	04.0237	00.9997	0007.5330
Recharging:	26955.00	04.0241	00.9998	0007.5498
Recharging:	26970.00	04.0245	00.9997	0007.5666
Recharging:	26985.00	04.0250	00.9997	0007.5833
Recharging:	27000.00	04.0255	00.9998	0007.6001
Recharging:	27015.00	04.0259	00.9997	0007.6169
Recharging:	27030.00	04.0264	00.9998	0007.6336
Recharging:	27045.00	04.0268	00.9998	0007.6504
Recharging:	27060.00	04.0273	00.9998	0007.6672
Recharging:	27075.00	04.0278	00.9998	0007.6840
Recharging:	27090.00	04.0283	00.9998	0007.7008
Recharging:	27105.00	04.0287	00.9998	0007.7175
Recharging:	27120.00	04.0291	00.9997	0007.7343
Recharging:	27135.00	04.0295	00.9998	0007.7511
Recharging:	27150.00	04.0300	00.9998	0007.7679
Recharging:	27165.00	04.0305	00.9997	0007.7847
Recharging:	27180.00	04.0310	00.9997	0007.8015
Recharging:	27195.00	04.0314	00.9998	0007.8183
Recharging:	27210.00	04.0319	00.9998	0007.8351
Recharging:	27225.00	04.0324	00.9998	0007.8519
Recharging:	27240.00	04.0329	00.9997	0007.8687
Recharging:	27255.00	04.0333	00.9998	0007.8855
Recharging:	27270.00	04.0339	00.9998	0007.9023
Recharging:	27285.00	04.0343	00.9998	0007.9191
Recharging:	27300.00	04.0348	00.9998	0007.9359
Recharging:	27315.00	04.0353	00.9998	0007.9527
Recharging:	27330.00	04.0358	00.9998	0007.9695
Recharging:	27345.00	04.0362	00.9998	0007.9863
Recharging:	27360.00	04.0367	00.9997	0008.0031
Recharging:	27375.00	04.0371	00.9998	0008.0199
Recharging:	27390.00	04.0376	00.9998	0008.0368
Recharging:	27405.00	04.0381	00.9998	0008.0536
Recharging:	27420.00	04.0386	00.9997	0008.0704
Recharging:	27435.00	04.0391	00.9998	0008.0872
Recharging:	27450.00	04.0396	00.9998	0008.1041
Recharging:	27465.00	04.0401	00.9998	0008.1209
Recharging:	27480.00	04.0406	00.9998	0008.1377
Recharging:	27495.00	04.0411	00.9998	0008.1546
Recharging:	27510.00	04.0416	00.9998	0008.1714
Recharging:	27525.00	04.0420	00.9998	0008.1882
Recharging:	27540.00	04.0426	00.9998	0008.2051
Recharging:	27555.00	04.0431	00.9997	0008.2219
Recharging:	27570.00	04.0436	00.9998	0008.2388
Recharging:	27585.00	04.0441	00.9998	0008.2556
Recharging:	27600.00	04.0446	00.9998	0008.2725
Recharging:	27615.00	04.0451	00.9998	0008.2893
Recharging:	27630.00	04.0456	00.9998	0008.3062
Recharging:	27645.00	04.0461	00.9998	0008.3230
Recharging:	27660.00	04.0466	00.9997	0008.3399
Recharging:	27675.00	04.0472	00.9998	0008.3567
Recharging:	27690.00	04.0476	00.9998	0008.3736
Recharging:	27705.00	04.0481	00.9998	0008.3905
Recharging:	27720.00	04.0487	00.9997	0008.4073
Recharging:	27735.00	04.0492	00.9998	0008.4242
Recharging:	27750.00	04.0497	00.9998	0008.4411
Recharging:	27765.00	04.0502	00.9997	0008.4579
Recharging:	27780.00	04.0507	00.9998	0008.4748
Recharging:	27795.00	04.0513	00.9998	0008.4917
Recharging:	27810.00	04.0517	00.9998	0008.5086
Recharging:	27825.00	04.0523	00.9998	0008.5254
Recharging:	27840.00	04.0529	00.9998	0008.5423
Recharging:	27855.00	04.0534	00.9998	0008.5592
Recharging:	27870.00	04.0539	00.9998	0008.5761
Recharging:	27885.00	04.0545	00.9998	0008.5930
Recharging:	27900.00	04.0550	00.9998	0008.6099
Recharging:	27915.00	04.0555	00.9998	0008.6268
Recharging:	27930.00	04.0561	00.9998	0008.6437
Recharging:	27945.00	04.0566	00.9998	0008.6606
Recharging:	27960.00	04.0572	00.9998	0008.6775
Recharging:	27975.00	04.0577	00.9998	0008.6944
Recharging:	27990.00	04.0583	00.9998	0008.7113
Recharging:	28005.00	04.0587	00.9998	0008.7282
Recharging:	28020.00	04.0593	00.9998	0008.7451
Recharging:	28035.00	04.0598	00.9997	0008.7620
Recharging:	28050.00	04.0604	00.9998	0008.7789
Recharging:	28065.00	04.0609	00.9998	0008.7958
Recharging:	28080.00	04.0615	00.9998	0008.8128
Recharging:	28095.00	04.0621	00.9998	0008.8297
Recharging:	28110.00	04.0626	00.9998	0008.8466
Recharging:	28125.00	04.0631	00.9998	0008.8635
Recharging:	28140.00	04.0637	00.9998	0008.8805
Recharging:	28155.00	04.0642	00.9998	0008.8974
Recharging:	28170.00	04.0648	00.9998	0008.9143
Recharging:	28185.00	04.0654	00.9998	0008.9313
Recharging:	28200.00	04.0659	00.9998	0008.9482
Recharging:	28215.00	04.0665	00.9997	0008.9651
Recharging:	28230.00	04.0670	00.9998	0008.9821
Recharging:	28245.00	04.0676	00.9998	0008.9990
Recharging:	28260.00	04.0681	00.9998	0009.0160
Recharging:	28275.00	04.0687	00.9998	0009.0329
Recharging:	28290.00	04.0693	00.9998	0009.0499
Recharging:	28305.00	04.0699	00.9998	0009.0668
Recharging:	28320.00	04.0704	00.9997	0009.0838
Recharging:	28335.00	04.0710	00.9998	0009.1007
Recharging:	28350.00	04.0716	00.9998	0009.1177
Recharging:	28365.00	04.0721	00.9998	0009.1347
Recharging:	28380.00	04.0727	00.9998	0009.1516
Recharging:	28395.00	04.0732	00.9998	0009.1686
Recharging:	28410.00	04.0738	00.9998	0009.1856
Recharging:	28425.00	04.0744	00.9998	0009.2025
Recharging:	28440.00	04.0750	00.9998	0009.2195
Recharging:	28455.00	04.0756	00.9998	0009.2365
Recharging:	28470.00	04.0761	00.9998	0009.2535
Recharging:	28485.00	04.0767	00.9998	0009.2704
Recharging:	28500.00	04.0773	00.9998	0009.2874
Recharging:	28515.00	04.0778	00.9998	0009.3044
Recharging:	28530.00	04.0784	00.9998	0009.3214
Recharging:	28545.00	04.0790	00.9998	0009.3384
Recharging:	28560.00	04.0796	00.9998	0009.3554
Recharging:	28575.00	04.0802	00.9998	0009.3724
Recharging:	28590.00	04.0808	00.9998	0009.3894
Recharging:	28605.00	04.0815	00.9998	0009.4064
Recharging:	28620.00	04.0820	00.9998	0009.4234
Recharging:	28635.00	04.0826	00.9998	0009.4404
Recharging:	28650.00	04.0832	00.9998	0009.4574
Recharging:	28665.00	04.0838	00.9998	0009.4744
Recharging:	28680.00	04.0844	00.9998	0009.4914
Recharging:	28695.00	04.0850	00.9998	0009.5085
Recharging:	28710.00	04.0855	00.9998	0009.5255
Recharging:	28725.00	04.0862	00.9998	0009.5425
Recharging:	28740.00	04.0868	00.9998	0009.5595
Recharging:	28755.00	04.0873	00.9997	0009.5765
Recharging:	28770.00	04.0880	00.9998	0009.5936
Recharging:	28785.00	04.0886	00.9998	0009.6106
Recharging:	28800.00	04.0892	00.9998	0009.6276
Recharging:	28815.00	04.0899	00.9998	0009.6447
Recharging:	28830.00	04.0904	00.9997	0009.6617
Recharging:	28845.00	04.0911	00.9997	0009.6788
Recharging:	28860.00	04.0917	00.9998	0009.6958
Recharging:	28875.00	04.0922	00.9998	0009.7129
Recharging:	28890.00	04.0929	00.9998	0009.7299
Recharging:	28905.00	04.0935	00.9998	0009.7470
Recharging:	28920.00	04.0942	00.9998	0009.7640
Recharging:	28935.00	04.0947	00.9998	0009.7811
Recharging:	28950.00	04.0953	00.9998	0009.7981
Recharging:	28965.00	04.0960	00.9998	0009.8152
Recharging:	28980.00	04.0966	00.9998	0009.8323
Recharging:	28995.00	04.0973	00.9998	0009.8493
Recharging:	29010.00	04.0979	00.9998	0009.8664
Recharging:	29025.00	04.0985	00.9998	0009.8835
Recharging:	29040.00	04.0991	00.9998	0009.9005
Recharging:	29055.00	04.0997	00.9998	0009.9176
Recharging:	29070.00	04.1003	00.9998	0009.9347
Recharging:	29085.00	04.1010	00.9998	0009.9518
Recharging:	29100.00	04.1016	00.9998	0009.9689
Recharging:	29115.00	04.1022	00.9998	0009.9860
Recharging:	29130.00	04.1029	00.9997	0010.0031
Recharging:	29145.00	04.1036	00.9998	0010.0201
Recharging:	29160.00	04.1042	00.9998	0010.0372
Recharging:	29175.00	04.1048	00.9998	0010.0543
Recharging:	29190.00	04.1055	00.9998	0010.0714
Recharging:	29205.00	04.1062	00.9998	0010.0885
Recharging:	29220.00	04.1068	00.9998	0010.1057
Recharging:	29235.00	04.1075	00.9998	0010.1228
Recharging:	29250.00	04.1081	00.9998	0010.1399
Recharging:	29265.00	04.1088	00.9998	0010.1570
Recharging:	29280.00	04.1094	00.9998	0010.1741
Recharging:	29295.00	04.1101	00.9998	0010.1912
Recharging:	29310.00	04.1108	00.9998	0010.2084
Recharging:	29325.00	04.1114	00.9998	0010.2255
Recharging:	29340.00	04.1121	00.9997	0010.2426
Recharging:	29355.00	04.1128	00.9998	0010.2598
Recharging:	29370.00	04.1134	00.9998	0010.2769
Recharging:	29385.00	04.1142	00.9998	0010.2940
Recharging:	29400.00	04.1152	00.9998	0010.3112
Recharging:	29415.00	04.1159	00.9998	0010.3283
Recharging:	29430.00	04.1166	00.9998	0010.3455
Recharging:	29445.00	04.1172	00.9997	0010.3626
Recharging:	29460.00	04.1178	00.9998	0010.3798
Recharging:	29475.00	04.1185	00.9998	0010.3969
Recharging:	29490.00	04.1191	00.9998	0010.4141
Recharging:	29505.00	04.1198	00.9998	0010.4312
Recharging:	29520.00	04.1205	00.9998	0010.4484
Recharging:	29535.00	04.1212	00.9998	0010.4656
Recharging:	29550.00	04.1218	00.9998	0010.4827
Recharging:	29565.00	04.1226	00.9997	0010.4999
Recharging:	29580.00	04.1232	00.9998	0010.5171
Recharging:	29595.00	04.1239	00.9998	0010.5343
Recharging:	29610.00	04.1246	00.9998	0010.5515
Recharging:	29625.00	04.1252	00.9998	0010.5686
Recharging:	29640.00	04.1259	00.9998	0010.5858
Recharging:	29655.00	04.1267	00.9998	0010.6030
Recharging:	29670.00	04.1273	00.9998	0010.6202
Recharging:	29685.00	04.1280	00.9998	0010.6374
Recharging:	29700.00	04.1287	00.9998	0010.6546
Recharging:	29715.00	04.1294	00.9998	0010.6718
Recharging:	29730.00	04.1300	00.9998	0010.6890
Recharging:	29745.00	04.1308	00.9997	0010.7062
Recharging:	29760.00	04.1314	00.9998	0010.7234
Recharging:	29775.00	04.1322	00.9998	0010.7406
Recharging:	29790.00	04.1328	00.9998	0010.7579
Recharging:	29805.00	04.1335	00.9998	0010.7751
Recharging:	29820.00	04.1342	00.9998	0010.7923
Recharging:	29835.00	04.1349	00.9998	0010.8095
Recharging:	29850.00	04.1356	00.9998	0010.8268
Recharging:	29865.00	04.1363	00.9998	0010.8440
Recharging:	29880.00	04.1370	00.9998	0010.8612
Recharging:	29895.00	04.1377	00.9998	0010.8785
Recharging:	29910.00	04.1384	00.9998	0010.8957
Recharging:	29925.00	04.1391	00.9998	0010.9129
Recharging:	29940.00	04.1398	00.9998	0010.9302
Recharging:	29955.00	04.1404	00.9998	0010.9474
Recharging:	29970.00	04.1411	00.9998	0010.9647
Recharging:	29985.00	04.1418	00.9998	0010.9819
Recharging:	30000.00	04.1425	00.9998	0010.9992
Recharging:	30015.00	04.1432	00.9998	0011.0164
Recharging:	30030.00	04.1439	00.9998	0011.0337
Recharging:	30045.00	04.1447	00.9998	0011.0510
Recharging:	30060.00	04.1453	00.9998	0011.0682
Recharging:	30075.00	04.1461	00.9998	0011.0855
Recharging:	30090.00	04.1467	00.9998	0011.1028
Recharging:	30105.00	04.1475	00.9998	0011.1201
Recharging:	30120.00	04.1482	00.9998	0011.1373
Recharging:	30135.00	04.1489	00.9998	0011.1546
Recharging:	30150.00	04.1497	00.9997	0011.1719
Recharging:	30165.00	04.1503	00.9998	0011.1892
Recharging:	30180.00	04.1511	00.9998	0011.2065
Recharging:	30195.00	04.1518	00.9998	0011.2238
Recharging:	30210.00	04.1525	00.9998	0011.2411
Recharging:	30225.00	04.1531	00.9998	0011.2584
Recharging:	30240.00	04.1539	00.9997	0011.2757
Recharging:	30255.00	04.1546	00.9998	0011.2930
Recharging:	30270.00	04.1554	00.9998	0011.3103
Recharging:	30285.00	04.1561	00.9998	0011.3276
Recharging:	30300.00	04.1568	00.9998	0011.3449
Recharging:	30315.00	04.1575	00.9998	0011.3623
Recharging:	30330.00	04.1582	00.9998	0011.3796
Recharging:	30345.00	04.1590	00.9998	0011.3969
Recharging:	30360.00	04.1597	00.9998	0011.4142
Recharging:	30375.00	04.1606	00.9998	0011.4316
Recharging:	30390.00	04.1612	00.9998	0011.4489
Recharging:	30405.00	04.1620	00.9998	0011.4662
Recharging:	30420.00	04.1627	00.9998	0011.4836
Recharging:	30435.00	04.1633	00.9998	0011.5009
Recharging:	30450.00	04.1641	00.9998	0011.5183
Recharging:	30465.00	04.1649	00.9998	0011.5356
Recharging:	30480.00	04.1656	00.9998	0011.5530
Recharging:	30495.00	04.1663	00.9998	0011.5703
Recharging:	30510.00	04.1670	00.9998	0011.5877
Recharging:	30525.00	04.1678	00.9998	0011.6050
Recharging:	30540.00	04.1685	00.9998	0011.6224
Recharging:	30555.00	04.1692	00.9998	0011.6398
Recharging:	30570.00	04.1700	00.9998	0011.6572
Recharging:	30585.00	04.1707	00.9998	0011.6745
Recharging:	30600.00	04.1714	00.9998	0011.6919
Recharging:	30615.00	04.1722	00.9998	0011.7093
Recharging:	30630.00	04.1728	00.9998	0011.7267
Recharging:	30645.00	04.1736	00.9997	0011.7441
Recharging:	30660.00	04.1743	00.9998	0011.7614
Recharging:	30675.00	04.1751	00.9997	0011.7788
Recharging:	30690.00	04.1758	00.9998	0011.7962
Recharging:	30705.00	04.1766	00.9998	0011.8136
Recharging:	30720.00	04.1773	00.9998	0011.8310
Recharging:	30735.00	04.1780	00.9998	0011.8484
Recharging:	30750.00	04.1787	00.9998	0011.8658
Recharging:	30765.00	04.1795	00.9998	0011.8832
Recharging:	30780.00	04.1802	00.9998	0011.9007
Recharging:	30795.00	04.1809	00.9998	0011.9181
Recharging:	30810.00	04.1816	00.9998	0011.9355
Recharging:	30825.00	04.1822	00.9998	0011.9529
Recharging:	30840.00	04.1830	00.9998	0011.9703
Recharging:	30855.00	04.1838	00.9997	0011.9878
Recharging:	30870.00	04.1845	00.9998	0012.0052
Recharging:	30885.00	04.1852	00.9998	0012.0226
Recharging:	30900.00	04.1860	00.9998	0012.0401
Recharging:	30915.00	04.1867	00.9998	0012.0575
Recharging:	30930.00	04.1875	00.9998	0012.0750
Recharging:	30945.00	04.1881	00.9998	0012.0924
Recharging:	30960.00	04.1889	00.9998	0012.1099
Recharging:	30975.00	04.1896	00.9998	0012.1273
Recharging:	30990.00	04.1904	00.9998	0012.1448
Recharging:	31005.00	04.1911	00.9998	0012.1622
Recharging:	31020.00	04.1918	00.9998	0012.1797
Recharging:	31035.00	04.1926	00.9998	0012.1971
Recharging:	31050.00	04.1933	00.9997	0012.2146
Recharging:	31065.00	04.1940	00.9998	0012.2321
Recharging:	31080.00	04.1947	00.9998	0012.2496
Recharging:	31095.00	04.1955	00.9998	0012.2670
Recharging:	31110.00	04.1963	00.9998	0012.2845
Recharging:	31125.00	04.1970	00.9998	0012.3020
Recharging:	31140.00	04.1977	00.9998	0012.3195
Recharging:	31155.00	04.1985	00.9997	0012.3370
Recharging:	31170.00	04.1992	00.9998	0012.3545
Recharging:	31185.00	04.2000	00.9998	0012.3720
Recharging:	31200.00	04.2007	00.9998	0012.3895
