Charging:	00030.00	03.7400	01.0006	0000.0312
Charging:	00060.00	03.7666	00.9999	0000.0626
Charging:	00090.00	03.7715	00.9998	0000.0940
Charging:	00120.00	03.7750	00.9998	0000.1254
Charging:	00150.00	03.7778	00.9998	0000.1569
Charging:	00180.00	03.7804	00.9998	0000.1884
Charging:	00210.00	03.7827	00.9999	0000.2199
Charging:	00240.00	03.7851	00.9998	0000.2515
Charging:	00270.00	03.7874	00.9998	0000.2830
Charging:	00300.00	03.7897	00.9998	0000.3146
Charging:	00330.00	03.7921	00.9998	0000.3462
Charging:	00360.00	03.7946	00.9998	0000.3778
Charging:	00390.00	03.7970	00.9998	0000.4095
Charging:	00420.00	03.7996	00.9998	0000.4411
Charging:	00450.00	03.8022	00.9998	0000.4728
Charging:	00480.00	03.8048	00.9998	0000.5045
Charging:	00510.00	03.8074	00.9998	0000.5362
Charging:	00540.00	03.8099	00.9998	0000.5680
Charging:	00570.00	03.8125	00.9998	0000.5997
Charging:	00600.00	03.8151	00.9998	0000.6315
Charging:	00630.00	03.8176	00.9998	0000.6633
Charging:	00660.00	03.8202	00.9998	0000.6951
Charging:	00690.00	03.8226	00.9998	0000.7270
Charging:	00720.00	03.8251	00.9998	0000.7589
Charging:	00750.00	03.8276	00.9998	0000.7908
Charging:	00780.00	03.8300	00.9998	0000.8227
Charging:	00810.00	03.8323	00.9998	0000.8546
Charging:	00840.00	03.8344	00.9998	0000.8866
Charging:	00870.00	03.8366	00.9998	0000.9185
Charging:	00900.00	03.8386	00.9998	0000.9505
Charging:	00930.00	03.8405	00.9998	0000.9825
Charging:	00960.00	03.8422	00.9998	0001.0145
Charging:	00990.00	03.8440	00.9998	0001.0465
Charging:	01020.00	03.8457	00.9998	0001.0786
Charging:	01050.00	03.8472	00.9998	0001.1106
Charging:	01080.00	03.8488	00.9998	0001.1427
Charging:	01110.00	03.8503	00.9998	0001.1748
Charging:	01140.00	03.8517	00.9998	0001.2069
Charging:	01170.00	03.8532	00.9998	0001.2390
Charging:	01200.00	03.8547	00.9998	0001.2711
Charging:	01230.00	03.8561	00.9998	0001.3032
Charging:	01260.00	03.8576	00.9998	0001.3354
Charging:	01290.00	03.8590	00.9998	0001.3675
Charging:	01320.00	03.8604	00.9998	0001.3997
Charging:	01350.00	03.8618	00.9998	0001.4319
Charging:	01380.00	03.8632	00.9998	0001.4640
Charging:	01410.00	03.8647	00.9998	0001.4962
Charging:	01440.00	03.8662	00.9998	0001.5285
Charging:	01470.00	03.8676	00.9998	0001.5607
Charging:	01500.00	03.8691	00.9998	0001.5929
Charging:	01530.00	03.8705	00.9998	0001.6252
Charging:	01560.00	03.8720	00.9998	0001.6574
Charging:	01590.00	03.8734	00.9998	0001.6897
Charging:	01620.00	03.8748	00.9998	0001.7220
Charging:	01650.00	03.8762	00.9998	0001.7543
Charging:	01680.00	03.8777	00.9998	0001.7866
Charging:	01710.00	03.8791	00.9998	0001.8189
Charging:	01740.00	03.8806	00.9998	0001.8512
Charging:	01770.00	03.8821	00.9998	0001.8836
Charging:	01800.00	03.8835	00.9998	0001.9159
Charging:	01830.00	03.8850	00.9998	0001.9483
Charging:	01860.00	03.8865	00.9998	0001.9807
Charging:	01890.00	03.8880	00.9998	0002.0131
Charging:	01920.00	03.8895	00.9998	0002.0455
Charging:	01950.00	03.8910	00.9998	0002.0779
Charging:	01980.00	03.8924	00.9998	0002.1103
Charging:	02010.00	03.8939	00.9998	0002.1428
Charging:	02040.00	03.8954	00.9998	0002.1752
Charging:	02070.00	03.8970	00.9998	0002.2077
Charging:	02100.00	03.8986	00.9998	0002.2402
Charging:	02130.00	03.9001	00.9998	0002.2727
Charging:	02160.00	03.9017	00.9998	0002.3052
Charging:	02190.00	03.9032	00.9998	0002.3377
Charging:	02220.00	03.9049	00.9998	0002.3702
Charging:	02250.00	03.9066	00.9998	0002.4028
Charging:	02280.00	03.9082	00.9998	0002.4354
Charging:	02310.00	03.9098	00.9998	0002.4679
Charging:	02340.00	03.9115	00.9998	0002.5005
Charging:	02370.00	03.9131	00.9998	0002.5331
Charging:	02400.00	03.9147	00.9998	0002.5657
Charging:	02430.00	03.9165	00.9998	0002.5984
Charging:	02460.00	03.9180	00.9998	0002.6310
Charging:	02490.00	03.9197	00.9998	0002.6637
Charging:	02520.00	03.9214	00.9998	0002.6963
Charging:	02550.00	03.9231	00.9998	0002.7290
Charging:	02580.00	03.9247	00.9998	0002.7617
Charging:	02610.00	03.9265	00.9998	0002.7944
Charging:	02640.00	03.9282	00.9998	0002.8272
Charging:	02670.00	03.9299	00.9998	0002.8599
Charging:	02700.00	03.9316	00.9998	0002.8927
Charging:	02730.00	03.9332	00.9998	0002.9254
Charging:	02760.00	03.9350	00.9998	0002.9582
Charging:	02790.00	03.9367	00.9998	0002.9910
Charging:	02820.00	03.9384	00.9998	0003.0238
Charging:	02850.00	03.9402	00.9998	0003.0567
Charging:	02880.00	03.9419	00.9998	0003.0895
Charging:	02910.00	03.9437	00.9998	0003.1224
Charging:	02940.00	03.9455	00.9998	0003.1552
Charging:	02970.00	03.9473	00.9998	0003.1881
Charging:	03000.00	03.9490	00.9998	0003.2210
Charging:	03030.00	03.9508	00.9998	0003.2540
Charging:	03060.00	03.9527	00.9998	0003.2869
Charging:	03090.00	03.9545	00.9998	0003.3198
Charging:	03120.00	03.9563	00.9998	0003.3528
Charging:	03150.00	03.9581	00.9998	0003.3858
Charging:	03180.00	03.9598	00.9998	0003.4188
Charging:	03210.00	03.9617	00.9998	0003.4518
Charging:	03240.00	03.9635	00.9998	0003.4848
Charging:	03270.00	03.9653	00.9998	0003.5178
Charging:	03300.00	03.9672	00.9998	0003.5509
Charging:	03330.00	03.9691	00.9998	0003.5840
Charging:	03360.00	03.9709	00.9998	0003.6170
Charging:	03390.00	03.9727	00.9998	0003.6501
Charging:	03420.00	03.9745	00.9998	0003.6833
Charging:	03450.00	03.9763	00.9998	0003.7164
Charging:	03480.00	03.9782	00.9998	0003.7495
Charging:	03510.00	03.9800	00.9998	0003.7827
Charging:	03540.00	03.9819	00.9998	0003.8159
Charging:	03570.00	03.9838	00.9998	0003.8491
Charging:	03600.00	03.9857	00.9998	0003.8823
Charging:	03630.00	03.9875	00.9998	0003.9155
Charging:	03660.00	03.9894	00.9998	0003.9487
Charging:	03690.00	03.9912	00.9998	0003.9820
Charging:	03720.00	03.9932	00.9998	0004.0153
Charging:	03750.00	03.9950	00.9998	0004.0485
Charging:	03780.00	03.9970	00.9998	0004.0818
Charging:	03810.00	03.9989	00.9998	0004.1152
Charging:	03840.00	04.0008	00.9998	0004.1485
Charging:	03870.00	04.0027	00.9998	0004.1818
Charging:	03900.00	04.0046	00.9998	0004.2152
Charging:	03930.00	04.0065	00.9998	0004.2486
Charging:	03960.00	04.0085	00.9998	0004.2820
Charging:	03990.00	04.0104	00.9998	0004.3154
Charging:	04020.00	04.0123	00.9998	0004.3488
Charging:	04050.00	04.0143	00.9998	0004.3823
Charging:	04080.00	04.0161	00.9998	0004.4157
Charging:	04110.00	04.0181	00.9998	0004.4492
Charging:	04140.00	04.0200	00.9998	0004.4827
Charging:	04170.00	04.0219	00.9998	0004.5162
Charging:	04200.00	04.0239	00.9998	0004.5497
Charging:	04230.00	04.0258	00.9998	0004.5833
Charging:	04260.00	04.0278	00.9998	0004.6168
Charging:	04290.00	04.0298	00.9998	0004.6504
Charging:	04320.00	04.0316	00.9998	0004.6840
Charging:	04350.00	04.0337	00.9998	0004.7176
Charging:	04380.00	04.0357	00.9998	0004.7512
Charging:	04410.00	04.0376	00.9998	0004.7849
Charging:	04440.00	04.0395	00.9998	0004.8185
Charging:	04470.00	04.0415	00.9998	0004.8522
Charging:	04500.00	04.0434	00.9998	0004.8859
Charging:	04530.00	04.0454	00.9998	0004.9196
Charging:	04560.00	04.0474	00.9998	0004.9533
Charging:	04590.00	04.0494	00.9998	0004.9871
Charging:	04620.00	04.0515	00.9998	0005.0208
Charging:	04650.00	04.0535	00.9998	0005.0546
Charging:	04680.00	04.0555	00.9998	0005.0884
Charging:	04710.00	04.0574	00.9998	0005.1222
Charging:	04740.00	04.0594	00.9998	0005.1560
Charging:	04770.00	04.0614	00.9998	0005.1898
Charging:	04800.00	04.0634	00.9998	0005.2237
Charging:	04830.00	04.0654	00.9998	0005.2576
Charging:	04860.00	04.0674	00.9998	0005.2915
Charging:	04890.00	04.0694	00.9998	0005.3254
Charging:	04920.00	04.0714	00.9998	0005.3593
Charging:	04950.00	04.0734	00.9998	0005.3932
Charging:	04980.00	04.0754	00.9998	0005.4272
Charging:	05010.00	04.0774	00.9998	0005.4612
Charging:	05040.00	04.0794	00.9998	0005.4951
Charging:	05070.00	04.0815	00.9998	0005.5292
Charging:	05100.00	04.0835	00.9998	0005.5632
Charging:	05130.00	04.0856	00.9998	0005.5972
Charging:	05160.00	04.0877	00.9998	0005.6313
Charging:	05190.00	04.0897	00.9998	0005.6653
Charging:	05220.00	04.0918	00.9998	0005.6994
Charging:	05250.00	04.0940	00.9998	0005.7335
Charging:	05280.00	04.0961	00.9998	0005.7677
Charging:	05310.00	04.0981	00.9998	0005.8018
Charging:	05340.00	04.1001	00.9998	0005.8360
Charging:	05370.00	04.1022	00.9998	0005.8702
Charging:	05400.00	04.1043	00.9998	0005.9044
Charging:	05430.00	04.1063	00.9998	0005.9386
Charging:	05460.00	04.1085	00.9998	0005.9728
Charging:	05490.00	04.1106	00.9998	0006.0070
Charging:	05520.00	04.1127	00.9998	0006.0413
Charging:	05550.00	04.1147	00.9998	0006.0756
Charging:	05580.00	04.1169	00.9998	0006.1099
Charging:	05610.00	04.1190	00.9998	0006.1442
Charging:	05640.00	04.1211	00.9998	0006.1785
Charging:	05670.00	04.1232	00.9998	0006.2129
Charging:	05700.00	04.1253	00.9998	0006.2473
Charging:	05730.00	04.1274	00.9998	0006.2817
Charging:	05760.00	04.1295	00.9998	0006.3161
Charging:	05790.00	04.1317	00.9998	0006.3505
Charging:	05820.00	04.1338	00.9998	0006.3849
Charging:	05850.00	04.1360	00.9998	0006.4194
Charging:	05880.00	04.1381	00.9998	0006.4539
Charging:	05910.00	04.1402	00.9998	0006.4884
Charging:	05940.00	04.1424	00.9998	0006.5229
Charging:	05970.00	04.1445	00.9998	0006.5574
Charging:	06000.00	04.1467	00.9998	0006.5920
Charging:	06030.00	04.1489	00.9998	0006.6265
Charging:	06060.00	04.1511	00.9998	0006.6611
Charging:	06090.00	04.1533	00.9998	0006.6957
Charging:	06120.00	04.1554	00.9998	0006.7303
Charging:	06150.00	04.1576	00.9998	0006.7650
Charging:	06180.00	04.1598	00.9998	0006.7996
Charging:	06210.00	04.1620	00.9998	0006.8343
Charging:	06240.00	04.1642	00.9998	0006.8690
Charging:	06270.00	04.1664	00.9998	0006.9037
Charging:	06300.00	04.1686	00.9998	0006.9384
Charging:	06330.00	04.1709	00.9998	0006.9732
Charging:	06360.00	04.1730	00.9998	0007.0080
Charging:	06390.00	04.1753	00.9998	0007.0427
Charging:	06420.00	04.1776	00.9998	0007.0776
Charging:	06450.00	04.1798	00.9998	0007.1124
Charging:	06480.00	04.1820	00.9998	0007.1472
Charging:	06510.00	04.1842	00.9998	0007.1821
Charging:	06540.00	04.1864	00.9998	0007.2170
Charging:	06570.00	04.1887	00.9998	0007.2519
Charging:	06600.00	04.1910	00.9998	0007.2868
Charging:	06630.00	04.1932	00.9998	0007.3217
Charging:	06660.00	04.1955	00.9998	0007.3567
Charging:	06690.00	04.1978	00.9998	0007.3916
Charging:	06720.00	04.2001	00.9998	0007.4266
---------------------------
TESTING INTERNAL RESISTANCE
voltage while ON =  4.0346
current=-0.9994
OUTPUT OFF
voltage while OFF =  4.1111
Internal resistance =  0.0766 [Ohm]
OUTPUT ON
---------------------------
Discharging:	00030.00	04.0326	-0.9994	-000.0336
Discharging:	00060.00	03.9982	-0.9992	-000.0669
Discharging:	00090.00	03.9841	-0.9992	-000.1001
Discharging:	00120.00	03.9742	-0.9992	-000.1331
Discharging:	00150.00	03.9664	-0.9992	-000.1662
Discharging:	00180.00	03.9598	-0.9992	-000.1991
Discharging:	00210.00	03.9541	-0.9992	-000.2321
Discharging:	00240.00	03.9489	-0.9992	-000.2649
Discharging:	00270.00	03.9442	-0.9992	-000.2978
Discharging:	00300.00	03.9398	-0.9992	-000.3306
Discharging:	00330.00	03.9357	-0.9992	-000.3634
Discharging:	00360.00	03.9318	-0.9992	-000.3961
Discharging:	00390.00	03.9280	-0.9992	-000.4288
Discharging:	00420.00	03.9244	-0.9992	-000.4615
Discharging:	00450.00	03.9208	-0.9992	-000.4941
Discharging:	00480.00	03.9173	-0.9992	-000.5267
Discharging:	00510.00	03.9140	-0.9992	-000.5593
Discharging:	00540.00	03.9108	-0.9992	-000.5919
Discharging:	00570.00	03.9076	-0.9992	-000.6244
Discharging:	00600.00	03.9043	-0.9992	-000.6569
Discharging:	00630.00	03.9012	-0.9992	-000.6894
Discharging:	00660.00	03.8982	-0.9992	-000.7219
Discharging:	00690.00	03.8952	-0.9992	-000.7543
Discharging:	00720.00	03.8923	-0.9992	-000.7867
Discharging:	00750.00	03.8896	-0.9992	-000.8191
Discharging:	00780.00	03.8867	-0.9992	-000.8515
Discharging:	00810.00	03.8839	-0.9992	-000.8838
Discharging:	00840.00	03.8811	-0.9992	-000.9161
Discharging:	00870.00	03.8784	-0.9992	-000.9484
Discharging:	00900.00	03.8756	-0.9991	-000.9807
Discharging:	00930.00	03.8729	-0.9992	-001.0129
Discharging:	00960.00	03.8703	-0.9992	-001.0452
Discharging:	00990.00	03.8676	-0.9992	-001.0774
Discharging:	01020.00	03.8649	-0.9992	-001.1095
Discharging:	01050.00	03.8621	-0.9992	-001.1417
Discharging:	01080.00	03.8595	-0.9992	-001.1738
Discharging:	01110.00	03.8569	-0.9992	-001.2060
Discharging:	01140.00	03.8544	-0.9992	-001.2381
Discharging:	01170.00	03.8518	-0.9992	-001.2701
Discharging:	01200.00	03.8493	-0.9992	-001.3022
Discharging:	01230.00	03.8468	-0.9992	-001.3342
Discharging:	01260.00	03.8443	-0.9992	-001.3662
Discharging:	01290.00	03.8418	-0.9992	-001.3982
Discharging:	01320.00	03.8394	-0.9992	-001.4302
Discharging:	01350.00	03.8368	-0.9992	-001.4621
Discharging:	01380.00	03.8344	-0.9992	-001.4940
Discharging:	01410.00	03.8319	-0.9992	-001.5259
Discharging:	01440.00	03.8295	-0.9992	-001.5578
Discharging:	01470.00	03.8270	-0.9992	-001.5897
Discharging:	01500.00	03.8246	-0.9992	-001.6215
Discharging:	01530.00	03.8222	-0.9992	-001.6534
Discharging:	01560.00	03.8198	-0.9992	-001.6852
Discharging:	01590.00	03.8173	-0.9992	-001.7170
Discharging:	01620.00	03.8149	-0.9992	-001.7487
Discharging:	01650.00	03.8126	-0.9992	-001.7805
Discharging:	01680.00	03.8102	-0.9992	-001.8122
Discharging:	01710.00	03.8080	-0.9992	-001.8439
Discharging:	01740.00	03.8057	-0.9992	-001.8756
Discharging:	01770.00	03.8033	-0.9992	-001.9073
Discharging:	01800.00	03.8010	-0.9992	-001.9389
Discharging:	01830.00	03.7986	-0.9992	-001.9705
Discharging:	01860.00	03.7963	-0.9992	-002.0021
Discharging:	01890.00	03.7940	-0.9992	-002.0337
Discharging:	01920.00	03.7917	-0.9992	-002.0653
Discharging:	01950.00	03.7894	-0.9992	-002.0969
Discharging:	01980.00	03.7870	-0.9992	-002.1284
Discharging:	02010.00	03.7848	-0.9991	-002.1599
Discharging:	02040.00	03.7824	-0.9992	-002.1914
Discharging:	02070.00	03.7801	-0.9992	-002.2229
Discharging:	02100.00	03.7778	-0.9991	-002.2543
Discharging:	02130.00	03.7755	-0.9992	-002.2858
Discharging:	02160.00	03.7731	-0.9992	-002.3172
Discharging:	02190.00	03.7709	-0.9992	-002.3486
Discharging:	02220.00	03.7686	-0.9992	-002.3800
Discharging:	02250.00	03.7665	-0.9992	-002.4113
Discharging:	02280.00	03.7642	-0.9992	-002.4427
Discharging:	02310.00	03.7619	-0.9992	-002.4740
Discharging:	02340.00	03.7597	-0.9992	-002.5053
Discharging:	02370.00	03.7574	-0.9992	-002.5366
Discharging:	02400.00	03.7551	-0.9992	-002.5678
Discharging:	02430.00	03.7529	-0.9992	-002.5991
Discharging:	02460.00	03.7506	-0.9992	-002.6303
Discharging:	02490.00	03.7483	-0.9992	-002.6615
Discharging:	02520.00	03.7462	-0.9992	-002.6927
Discharging:	02550.00	03.7439	-0.9992	-002.7239
Discharging:	02580.00	03.7417	-0.9992	-002.7551
Discharging:	02610.00	03.7395	-0.9992	-002.7862
Discharging:	02640.00	03.7373	-0.9992	-002.8173
Discharging:	02670.00	03.7350	-0.9992	-002.8484
Discharging:	02700.00	03.7328	-0.9992	-002.8795
Discharging:	02730.00	03.7306	-0.9992	-002.9105
Discharging:	02760.00	03.7284	-0.9991	-002.9416
Discharging:	02790.00	03.7262	-0.9992	-002.9726
Discharging:	02820.00	03.7241	-0.9992	-003.0036
Discharging:	02850.00	03.7219	-0.9991	-003.0346
Discharging:	02880.00	03.7197	-0.9992	-003.0656
Discharging:	02910.00	03.7176	-0.9992	-003.0965
Discharging:	02940.00	03.7154	-0.9992	-003.1275
Discharging:	02970.00	03.7132	-0.9992	-003.1584
Discharging:	03000.00	03.7111	-0.9992	-003.1893
Discharging:	03030.00	03.7090	-0.9992	-003.2202
Discharging:	03060.00	03.7069	-0.9992	-003.2510
Discharging:	03090.00	03.7047	-0.9992	-003.2819
Discharging:	03120.00	03.7026	-0.9992	-003.3127
Discharging:	03150.00	03.7004	-0.9992	-003.3435
Discharging:	03180.00	03.6984	-0.9992	-003.3743
Discharging:	03210.00	03.6962	-0.9992	-003.4051
Discharging:	03240.00	03.6941	-0.9992	-003.4359
Discharging:	03270.00	03.6920	-0.9992	-003.4666
Discharging:	03300.00	03.6899	-0.9992	-003.4973
Discharging:	03330.00	03.6879	-0.9992	-003.5280
Discharging:	03360.00	03.6858	-0.9992	-003.5587
Discharging:	03390.00	03.6838	-0.9992	-003.5894
Discharging:	03420.00	03.6817	-0.9992	-003.6201
Discharging:	03450.00	03.6795	-0.9992	-003.6507
Discharging:	03480.00	03.6775	-0.9992	-003.6813
Discharging:	03510.00	03.6754	-0.9992	-003.7119
Discharging:	03540.00	03.6734	-0.9992	-003.7425
Discharging:	03570.00	03.6714	-0.9992	-003.7731
Discharging:	03600.00	03.6693	-0.9992	-003.8036
Discharging:	03630.00	03.6673	-0.9992	-003.8342
Discharging:	03660.00	03.6653	-0.9992	-003.8647
Discharging:	03690.00	03.6634	-0.9992	-003.8952
Discharging:	03720.00	03.6614	-0.9992	-003.9257
Discharging:	03750.00	03.6594	-0.9992	-003.9561
Discharging:	03780.00	03.6575	-0.9992	-003.9866
Discharging:	03810.00	03.6556	-0.9992	-004.0170
Discharging:	03840.00	03.6536	-0.9992	-004.0475
Discharging:	03870.00	03.6517	-0.9992	-004.0779
Discharging:	03900.00	03.6498	-0.9992	-004.1083
Discharging:	03930.00	03.6478	-0.9992	-004.1386
Discharging:	03960.00	03.6459	-0.9992	-004.1690
Discharging:	03990.00	03.6441	-0.9992	-004.1993
Discharging:	04020.00	03.6423	-0.9992	-004.2297
Discharging:	04050.00	03.6405	-0.9992	-004.2600
Discharging:	04080.00	03.6386	-0.9992	-004.2903
Discharging:	04110.00	03.6368	-0.9992	-004.3205
Discharging:	04140.00	03.6349	-0.9992	-004.3508
Discharging:	04170.00	03.6330	-0.9992	-004.3811
Discharging:	04200.00	03.6312	-0.9992	-004.4113
Discharging:	04230.00	03.6294	-0.9992	-004.4415
Discharging:	04260.00	03.6275	-0.9992	-004.4717
Discharging:	04290.00	03.6258	-0.9992	-004.5019
Discharging:	04320.00	03.6239	-0.9992	-004.5321
Discharging:	04350.00	03.6221	-0.9992	-004.5622
Discharging:	04380.00	03.6204	-0.9992	-004.5924
Discharging:	04410.00	03.6185	-0.9992	-004.6225
Discharging:	04440.00	03.6168	-0.9992	-004.6526
Discharging:	04470.00	03.6150	-0.9992	-004.6827
Discharging:	04500.00	03.6132	-0.9992	-004.7128
Discharging:	04530.00	03.6115	-0.9992	-004.7429
Discharging:	04560.00	03.6097	-0.9992	-004.7729
Discharging:	04590.00	03.6078	-0.9992	-004.8030
Discharging:	04620.00	03.6061	-0.9992	-004.8330
Discharging:	04650.00	03.6044	-0.9991	-004.8630
Discharging:	04680.00	03.6025	-0.9992	-004.8930
Discharging:	04710.00	03.6009	-0.9991	-004.9230
Discharging:	04740.00	03.5991	-0.9992	-004.9530
Discharging:	04770.00	03.5974	-0.9992	-004.9829
Discharging:	04800.00	03.5956	-0.9992	-005.0129
Discharging:	04830.00	03.5937	-0.9992	-005.0428
Discharging:	04860.00	03.5920	-0.9992	-005.0727
Discharging:	04890.00	03.5901	-0.9992	-005.1026
Discharging:	04920.00	03.5883	-0.9992	-005.1325
Discharging:	04950.00	03.5865	-0.9992	-005.1623
Discharging:	04980.00	03.5847	-0.9992	-005.1922
Discharging:	05010.00	03.5829	-0.9992	-005.2220
Discharging:	05040.00	03.5810	-0.9992	-005.2518
Discharging:	05070.00	03.5793	-0.9992	-005.2816
Discharging:	05100.00	03.5775	-0.9992	-005.3114
Discharging:	05130.00	03.5756	-0.9992	-005.3412
Discharging:	05160.00	03.5738	-0.9992	-005.3710
Discharging:	05190.00	03.5720	-0.9992	-005.4007
Discharging:	05220.00	03.5701	-0.9992	-005.4304
Discharging:	05250.00	03.5683	-0.9992	-005.4601
Discharging:	05280.00	03.5665	-0.9992	-005.4898
Discharging:	05310.00	03.5647	-0.9992	-005.5195
Discharging:	05340.00	03.5629	-0.9992	-005.5492
Discharging:	05370.00	03.5611	-0.9992	-005.5788
Discharging:	05400.00	03.5594	-0.9992	-005.6085
Discharging:	05430.00	03.5576	-0.9992	-005.6381
Discharging:	05460.00	03.5559	-0.9992	-005.6677
Discharging:	05490.00	03.5542	-0.9992	-005.6973
Discharging:	05520.00	03.5525	-0.9992	-005.7269
Discharging:	05550.00	03.5509	-0.9992	-005.7564
Discharging:	05580.00	03.5493	-0.9992	-005.7860
Discharging:	05610.00	03.5477	-0.9992	-005.8155
Discharging:	05640.00	03.5461	-0.9992	-005.8451
Discharging:	05670.00	03.5445	-0.9992	-005.8746
Discharging:	05700.00	03.5431	-0.9992	-005.9041
Discharging:	05730.00	03.5416	-0.9992	-005.9336
Discharging:	05760.00	03.5401	-0.9992	-005.9630
Discharging:	05790.00	03.5387	-0.9992	-005.9925
Discharging:	05820.00	03.5373	-0.9992	-006.0220
Discharging:	05850.00	03.5359	-0.9992	-006.0514
Discharging:	05880.00	03.5346	-0.9992	-006.0808
Discharging:	05910.00	03.5332	-0.9992	-006.1103
Discharging:	05940.00	03.5319	-0.9992	-006.1397
Discharging:	05970.00	03.5305	-0.9992	-006.1691
Discharging:	06000.00	03.5293	-0.9992	-006.1984
Discharging:	06030.00	03.5280	-0.9992	-006.2278
Discharging:	06060.00	03.5267	-0.9992	-006.2572
Discharging:	06090.00	03.5255	-0.9992	-006.2865
Discharging:	06120.00	03.5242	-0.9992	-006.3159
Discharging:	06150.00	03.5230	-0.9992	-006.3452
Discharging:	06180.00	03.5218	-0.9992	-006.3745
Discharging:	06210.00	03.5206	-0.9992	-006.4039
Discharging:	06240.00	03.5194	-0.9992	-006.4332
Discharging:	06270.00	03.5184	-0.9992	-006.4625
Discharging:	06300.00	03.5172	-0.9992	-006.4917
Discharging:	06330.00	03.5160	-0.9992	-006.5210
Discharging:	06360.00	03.5148	-0.9992	-006.5503
Discharging:	06390.00	03.5137	-0.9992	-006.5795
Discharging:	06420.00	03.5126	-0.9992	-006.6088
Discharging:	06450.00	03.5116	-0.9992	-006.6380
Discharging:	06480.00	03.5105	-0.9992	-006.6673
Discharging:	06510.00	03.5094	-0.9992	-006.6965
Discharging:	06540.00	03.5084	-0.9992	-006.7257
Discharging:	06570.00	03.5073	-0.9992	-006.7549
Discharging:	06600.00	03.5062	-0.9992	-006.7841
Discharging:	06630.00	03.5052	-0.9992	-006.8133
Discharging:	06660.00	03.5042	-0.9992	-006.8425
Discharging:	06690.00	03.5032	-0.9992	-006.8716
Discharging:	06720.00	03.5021	-0.9992	-006.9008
Discharging:	06750.00	03.5012	-0.9992	-006.9299
Discharging:	06780.00	03.5001	-0.9992	-006.9591
Discharging:	06810.00	03.4991	-0.9992	-006.9882
Discharging:	06840.00	03.4981	-0.9992	-007.0173
Discharging:	06870.00	03.4972	-0.9992	-007.0465
Discharging:	06900.00	03.4962	-0.9992	-007.0756
Discharging:	06930.00	03.4953	-0.9992	-007.1047
Discharging:	06960.00	03.4942	-0.9992	-007.1338
Discharging:	06990.00	03.4933	-0.9992	-007.1629
Discharging:	07020.00	03.4923	-0.9992	-007.1919
Discharging:	07050.00	03.4914	-0.9992	-007.2210
Discharging:	07080.00	03.4904	-0.9992	-007.2501
Discharging:	07110.00	03.4894	-0.9992	-007.2791
Discharging:	07140.00	03.4885	-0.9992	-007.3082
Discharging:	07170.00	03.4876	-0.9992	-007.3372
Discharging:	07200.00	03.4865	-0.9992	-007.3662
Discharging:	07230.00	03.4856	-0.9992	-007.3953
Discharging:	07260.00	03.4846	-0.9992	-007.4243
Discharging:	07290.00	03.4836	-0.9992	-007.4533
Discharging:	07320.00	03.4827	-0.9992	-007.4823
Discharging:	07350.00	03.4817	-0.9992	-007.5113
Discharging:	07380.00	03.4808	-0.9992	-007.5403
Discharging:	07410.00	03.4798	-0.9992	-007.5692
Discharging:	07440.00	03.4789	-0.9992	-007.5982
Discharging:	07470.00	03.4779	-0.9992	-007.6272
Discharging:	07500.00	03.4771	-0.9992	-007.6561
Discharging:	07530.00	03.4762	-0.9992	-007.6851
Discharging:	07560.00	03.4753	-0.9992	-007.7140
Discharging:	07590.00	03.4743	-0.9992	-007.7429
Discharging:	07620.00	03.4734	-0.9992	-007.7719
Discharging:	07650.00	03.4724	-0.9992	-007.8008
Discharging:	07680.00	03.4715	-0.9992	-007.8297
Discharging:	07710.00	03.4705	-0.9992	-007.8586
Discharging:	07740.00	03.4695	-0.9992	-007.8875
Discharging:	07770.00	03.4685	-0.9992	-007.9163
Discharging:	07800.00	03.4676	-0.9992	-007.9452
Discharging:	07830.00	03.4666	-0.9992	-007.9741
Discharging:	07860.00	03.4656	-0.9992	-008.0029
Discharging:	07890.00	03.4647	-0.9992	-008.0318
Discharging:	07920.00	03.4637	-0.9992	-008.0606
Discharging:	07950.00	03.4627	-0.9992	-008.0895
Discharging:	07980.00	03.4618	-0.9992	-008.1183
Discharging:	08010.00	03.4609	-0.9992	-008.1471
Discharging:	08040.00	03.4599	-0.9992	-008.1759
Discharging:	08070.00	03.4590	-0.9992	-008.2047
Discharging:	08100.00	03.4579	-0.9992	-008.2335
Discharging:	08130.00	03.4569	-0.9992	-008.2623
Discharging:	08160.00	03.4560	-0.9992	-008.2911
Discharging:	08190.00	03.4551	-0.9992	-008.3198
Discharging:	08220.00	03.4541	-0.9992	-008.3486
Discharging:	08250.00	03.4531	-0.9992	-008.3773
Discharging:	08280.00	03.4521	-0.9992	-008.4061
Discharging:	08310.00	03.4512	-0.9992	-008.4348
Discharging:	08340.00	03.4502	-0.9992	-008.4636
Discharging:	08370.00	03.4492	-0.9992	-008.4923
Discharging:	08400.00	03.4482	-0.9992	-008.5210
Discharging:	08430.00	03.4471	-0.9992	-008.5497
Discharging:	08460.00	03.4461	-0.9992	-008.5784
Discharging:	08490.00	03.4451	-0.9992	-008.6071
Discharging:	08520.00	03.4441	-0.9992	-008.6357
Discharging:	08550.00	03.4431	-0.9992	-008.6644
Discharging:	08580.00	03.4421	-0.9992	-008.6931
Discharging:	08610.00	03.4411	-0.9992	-008.7217
Discharging:	08640.00	03.4401	-0.9992	-008.7504
Discharging:	08670.00	03.4390	-0.9992	-008.7790
Discharging:	08700.00	03.4380	-0.9992	-008.8076
Discharging:	08730.00	03.4369	-0.9992	-008.8363
Discharging:	08760.00	03.4360	-0.9992	-008.8649
Discharging:	08790.00	03.4350	-0.9992	-008.8935
Discharging:	08820.00	03.4339	-0.9992	-008.9221
Discharging:	08850.00	03.4328	-0.9992	-008.9506
Discharging:	08880.00	03.4318	-0.9992	-008.9792
Discharging:	08910.00	03.4307	-0.9992	-009.0078
Discharging:	08940.00	03.4297	-0.9992	-009.0363
Discharging:	08970.00	03.4286	-0.9992	-009.0649
Discharging:	09000.00	03.4274	-0.9992	-009.0934
Discharging:	09030.00	03.4263	-0.9992	-009.1220
Discharging:	09060.00	03.4253	-0.9992	-009.1505
Discharging:	09090.00	03.4242	-0.9992	-009.1790
Discharging:	09120.00	03.4230	-0.9992	-009.2075
Discharging:	09150.00	03.4219	-0.9992	-009.2360
Discharging:	09180.00	03.4207	-0.9992	-009.2645
Discharging:	09210.00	03.4196	-0.9992	-009.2929
Discharging:	09240.00	03.4184	-0.9992	-009.3214
Discharging:	09270.00	03.4173	-0.9992	-009.3499
Discharging:	09300.00	03.4161	-0.9992	-009.3783
Discharging:	09330.00	03.4150	-0.9992	-009.4067
Discharging:	09360.00	03.4137	-0.9992	-009.4352
Discharging:	09390.00	03.4124	-0.9992	-009.4636
Discharging:	09420.00	03.4112	-0.9992	-009.4920
Discharging:	09450.00	03.4100	-0.9992	-009.5204
Discharging:	09480.00	03.4087	-0.9992	-009.5488
Discharging:	09510.00	03.4075	-0.9992	-009.5771
Discharging:	09540.00	03.4062	-0.9992	-009.6055
Discharging:	09570.00	03.4049	-0.9992	-009.6338
Discharging:	09600.00	03.4036	-0.9992	-009.6622
Discharging:	09630.00	03.4023	-0.9992	-009.6905
Discharging:	09660.00	03.4009	-0.9992	-009.7188
Discharging:	09690.00	03.3996	-0.9992	-009.7471
Discharging:	09720.00	03.3982	-0.9992	-009.7754
Discharging:	09750.00	03.3969	-0.9992	-009.8037
Discharging:	09780.00	03.3955	-0.9992	-009.8320
Discharging:	09810.00	03.3941	-0.9992	-009.8603
Discharging:	09840.00	03.3926	-0.9992	-009.8885
Discharging:	09870.00	03.3912	-0.9992	-009.9167
Discharging:	09900.00	03.3897	-0.9992	-009.9450
Discharging:	09930.00	03.3882	-0.9992	-009.9732
Discharging:	09960.00	03.3867	-0.9992	-010.0014
Discharging:	09990.00	03.3851	-0.9992	-010.0296
Discharging:	10020.00	03.3836	-0.9992	-010.0577
Discharging:	10050.00	03.3819	-0.9992	-010.0859
Discharging:	10080.00	03.3803	-0.9992	-010.1140
Discharging:	10110.00	03.3786	-0.9992	-010.1422
Discharging:	10140.00	03.3770	-0.9992	-010.1703
Discharging:	10170.00	03.3753	-0.9992	-010.1984
Discharging:	10200.00	03.3736	-0.9992	-010.2265
Discharging:	10230.00	03.3718	-0.9992	-010.2546
Discharging:	10260.00	03.3700	-0.9992	-010.2826
Discharging:	10290.00	03.3682	-0.9992	-010.3107
Discharging:	10320.00	03.3663	-0.9992	-010.3387
Discharging:	10350.00	03.3644	-0.9992	-010.3667
Discharging:	10380.00	03.3625	-0.9992	-010.3947
Discharging:	10410.00	03.3605	-0.9992	-010.4227
Discharging:	10440.00	03.3584	-0.9992	-010.4507
Discharging:	10470.00	03.3565	-0.9992	-010.4786
Discharging:	10500.00	03.3543	-0.9992	-010.5065
Discharging:	10530.00	03.3523	-0.9992	-010.5345
Discharging:	10560.00	03.3501	-0.9992	-010.5623
Discharging:	10590.00	03.3480	-0.9992	-010.5902
Discharging:	10620.00	03.3458	-0.9992	-010.6181
Discharging:	10650.00	03.3434	-0.9992	-010.6459
Discharging:	10680.00	03.3411	-0.9992	-010.6737
Discharging:	10710.00	03.3387	-0.9992	-010.7015
Discharging:	10740.00	03.3363	-0.9992	-010.7293
Discharging:	10770.00	03.3338	-0.9992	-010.7571
Discharging:	10800.00	03.3312	-0.9992	-010.7848
Discharging:	10830.00	03.3286	-0.9992	-010.8125
Discharging:	10860.00	03.3260	-0.9992	-010.8402
Discharging:	10890.00	03.3234	-0.9992	-010.8679
Discharging:	10920.00	03.3207	-0.9992	-010.8956
Discharging:	10950.00	03.3179	-0.9992	-010.9232
Discharging:	10980.00	03.3151	-0.9992	-010.9508
Discharging:	11010.00	03.3123	-0.9992	-010.9784
Discharging:	11040.00	03.3094	-0.9992	-011.0059
Discharging:	11070.00	03.3064	-0.9992	-011.0334
Discharging:	11100.00	03.3033	-0.9992	-011.0610
Discharging:	11130.00	03.3003	-0.9992	-011.0884
Discharging:	11160.00	03.2971	-0.9992	-011.1159
Discharging:	11190.00	03.2939	-0.9992	-011.1433
Discharging:	11220.00	03.2908	-0.9992	-011.1707
Discharging:	11250.00	03.2874	-0.9992	-011.1981
Discharging:	11280.00	03.2840	-0.9992	-011.2254
Discharging:	11310.00	03.2806	-0.9992	-011.2528
Discharging:	11340.00	03.2771	-0.9992	-011.2800
Discharging:	11370.00	03.2736	-0.9992	-011.3073
Discharging:	11400.00	03.2700	-0.9992	-011.3345
Discharging:	11430.00	03.2664	-0.9992	-011.3617
Discharging:	11460.00	03.2626	-0.9992	-011.3889
Discharging:	11490.00	03.2589	-0.9992	-011.4160
Discharging:	11520.00	03.2551	-0.9992	-011.4431
Discharging:	11550.00	03.2512	-0.9992	-011.4702
Discharging:	11580.00	03.2473	-0.9992	-011.4972
Discharging:	11610.00	03.2434	-0.9992	-011.5242
Discharging:	11640.00	03.2394	-0.9992	-011.5512
Discharging:	11670.00	03.2353	-0.9992	-011.5782
Discharging:	11700.00	03.2311	-0.9992	-011.6051
Discharging:	11730.00	03.2270	-0.9992	-011.6319
Discharging:	11760.00	03.2228	-0.9992	-011.6588
Discharging:	11790.00	03.2185	-0.9992	-011.6856
Discharging:	11820.00	03.2141	-0.9992	-011.7123
Discharging:	11850.00	03.2098	-0.9992	-011.7391
Discharging:	11880.00	03.2054	-0.9992	-011.7657
Discharging:	11910.00	03.2008	-0.9992	-011.7924
Discharging:	11940.00	03.1963	-0.9992	-011.8190
Discharging:	11970.00	03.1916	-0.9992	-011.8456
Discharging:	12000.00	03.1869	-0.9992	-011.8721
Discharging:	12030.00	03.1822	-0.9992	-011.8986
Discharging:	12060.00	03.1774	-0.9992	-011.9251
Discharging:	12090.00	03.1724	-0.9992	-011.9515
Discharging:	12120.00	03.1673	-0.9992	-011.9779
Discharging:	12150.00	03.1623	-0.9992	-012.0042
Discharging:	12180.00	03.1572	-0.9992	-012.0305
Discharging:	12210.00	03.1520	-0.9992	-012.0567
Discharging:	12240.00	03.1466	-0.9992	-012.0829
Discharging:	12270.00	03.1414	-0.9992	-012.1091
Discharging:	12300.00	03.1359	-0.9992	-012.1352
Discharging:	12330.00	03.1303	-0.9992	-012.1613
Discharging:	12360.00	03.1245	-0.9992	-012.1873
Discharging:	12390.00	03.1187	-0.9992	-012.2132
Discharging:	12420.00	03.1127	-0.9992	-012.2392
Discharging:	12450.00	03.1067	-0.9992	-012.2650
Discharging:	12480.00	03.1006	-0.9992	-012.2909
Discharging:	12510.00	03.0944	-0.9992	-012.3166
Discharging:	12540.00	03.0879	-0.9992	-012.3423
Discharging:	12570.00	03.0814	-0.9992	-012.3680
Discharging:	12600.00	03.0747	-0.9992	-012.3936
Discharging:	12630.00	03.0678	-0.9992	-012.4191
Discharging:	12660.00	03.0608	-0.9992	-012.4446
Discharging:	12690.00	03.0536	-0.9992	-012.4700
Discharging:	12720.00	03.0462	-0.9992	-012.4954
Discharging:	12750.00	03.0387	-0.9992	-012.5207
Discharging:	12780.00	03.0309	-0.9992	-012.5460
Discharging:	12810.00	03.0228	-0.9992	-012.5711
Discharging:	12840.00	03.0146	-0.9992	-012.5962
Discharging:	12870.00	03.0061	-0.9992	-012.6213
Discharging:	12900.00	02.9973	-0.9992	-012.6462
Recharging:	00030.00	03.2336	01.0001	0000.0269
Recharging:	00060.00	03.5412	00.9998	0000.0565
Recharging:	00090.00	03.5581	00.9998	0000.0861
Recharging:	00120.00	03.5682	00.9998	0000.1158
Recharging:	00150.00	03.5748	00.9998	0000.1456
Recharging:	00180.00	03.5792	00.9998	0000.1754
Recharging:	00210.00	03.5823	00.9998	0000.2053
Recharging:	00240.00	03.5847	00.9998	0000.2351
Recharging:	00270.00	03.5867	00.9998	0000.2650
Recharging:	00300.00	03.5884	00.9998	0000.2949
Recharging:	00330.00	03.5899	00.9998	0000.3248
Recharging:	00360.00	03.5914	00.9998	0000.3548
Recharging:	00390.00	03.5928	00.9998	0000.3847
Recharging:	00420.00	03.5942	00.9998	0000.4146
Recharging:	00450.00	03.5957	00.9998	0000.4446
Recharging:	00480.00	03.5970	00.9998	0000.4746
Recharging:	00510.00	03.5984	00.9998	0000.5045
Recharging:	00540.00	03.5998	00.9998	0000.5345
Recharging:	00570.00	03.6011	00.9998	0000.5645
Recharging:	00600.00	03.6023	00.9998	0000.5945
Recharging:	00630.00	03.6038	00.9998	0000.6246
Recharging:	00660.00	03.6052	00.9998	0000.6546
Recharging:	00690.00	03.6066	00.9998	0000.6847
Recharging:	00720.00	03.6080	00.9998	0000.7147
Recharging:	00750.00	03.6095	00.9998	0000.7448
Recharging:	00780.00	03.6109	00.9998	0000.7749
Recharging:	00810.00	03.6124	00.9998	0000.8050
Recharging:	00840.00	03.6140	00.9998	0000.8351
Recharging:	00870.00	03.6155	00.9998	0000.8652
Recharging:	00900.00	03.6172	00.9998	0000.8953
Recharging:	00930.00	03.6188	00.9998	0000.9255
Recharging:	00960.00	03.6206	00.9998	0000.9557
Recharging:	00990.00	03.6223	00.9998	0000.9858
Recharging:	01020.00	03.6241	00.9998	0001.0160
Recharging:	01050.00	03.6260	00.9998	0001.0462
Recharging:	01080.00	03.6279	00.9998	0001.0765
Recharging:	01110.00	03.6298	00.9998	0001.1067
Recharging:	01140.00	03.6319	00.9998	0001.1370
Recharging:	01170.00	03.6339	00.9998	0001.1672
Recharging:	01200.00	03.6360	00.9998	0001.1975
Recharging:	01230.00	03.6380	00.9998	0001.2278
Recharging:	01260.00	03.6401	00.9998	0001.2582
Recharging:	01290.00	03.6421	00.9998	0001.2885
Recharging:	01320.00	03.6441	00.9998	0001.3189
Recharging:	01350.00	03.6462	00.9998	0001.3493
Recharging:	01380.00	03.6482	00.9998	0001.3796
Recharging:	01410.00	03.6503	00.9998	0001.4101
Recharging:	01440.00	03.6524	00.9998	0001.4405
Recharging:	01470.00	03.6545	00.9998	0001.4709
Recharging:	01500.00	03.6566	00.9998	0001.5014
Recharging:	01530.00	03.6587	00.9998	0001.5319
Recharging:	01560.00	03.6607	00.9998	0001.5624
Recharging:	01590.00	03.6627	00.9998	0001.5929
Recharging:	01620.00	03.6646	00.9998	0001.6234
Recharging:	01650.00	03.6666	00.9998	0001.6540
Recharging:	01680.00	03.6684	00.9998	0001.6845
Recharging:	01710.00	03.6704	00.9998	0001.7151
Recharging:	01740.00	03.6722	00.9998	0001.7457
Recharging:	01770.00	03.6741	00.9998	0001.7763
Recharging:	01800.00	03.6760	00.9998	0001.8070
Recharging:	01830.00	03.6778	00.9998	0001.8376
Recharging:	01860.00	03.6797	00.9998	0001.8683
Recharging:	01890.00	03.6816	00.9998	0001.8989
Recharging:	01920.00	03.6834	00.9998	0001.9296
Recharging:	01950.00	03.6851	00.9998	0001.9603
Recharging:	01980.00	03.6869	00.9998	0001.9910
Recharging:	02010.00	03.6886	00.9998	0002.0218
Recharging:	02040.00	03.6902	00.9998	0002.0525
Recharging:	02070.00	03.6919	00.9998	0002.0833
Recharging:	02100.00	03.6935	00.9998	0002.1141
Recharging:	02130.00	03.6950	00.9998	0002.1448
Recharging:	02160.00	03.6965	00.9998	0002.1756
Recharging:	02190.00	03.6979	00.9998	0002.2064
Recharging:	02220.00	03.6992	00.9998	0002.2373
Recharging:	02250.00	03.7005	00.9998	0002.2681
Recharging:	02280.00	03.7017	00.9998	0002.2989
Recharging:	02310.00	03.7028	00.9998	0002.3298
Recharging:	02340.00	03.7039	00.9998	0002.3606
Recharging:	02370.00	03.7050	00.9998	0002.3915
Recharging:	02400.00	03.7059	00.9998	0002.4224
Recharging:	02430.00	03.7069	00.9998	0002.4533
Recharging:	02460.00	03.7078	00.9998	0002.4842
Recharging:	02490.00	03.7087	00.9998	0002.5151
Recharging:	02520.00	03.7095	00.9998	0002.5460
Recharging:	02550.00	03.7102	00.9998	0002.5769
Recharging:	02580.00	03.7110	00.9998	0002.6078
Recharging:	02610.00	03.7118	00.9998	0002.6387
Recharging:	02640.00	03.7125	00.9998	0002.6697
Recharging:	02670.00	03.7132	00.9998	0002.7006
Recharging:	02700.00	03.7138	00.9998	0002.7315
Recharging:	02730.00	03.7145	00.9998	0002.7625
Recharging:	02760.00	03.7152	00.9998	0002.7934
Recharging:	02790.00	03.7158	00.9998	0002.8244
Recharging:	02820.00	03.7164	00.9998	0002.8554
Recharging:	02850.00	03.7171	00.9998	0002.8863
Recharging:	02880.00	03.7177	00.9998	0002.9173
Recharging:	02910.00	03.7183	00.9998	0002.9483
Recharging:	02940.00	03.7189	00.9998	0002.9793
Recharging:	02970.00	03.7195	00.9998	0003.0103
Recharging:	03000.00	03.7200	00.9998	0003.0412
Recharging:	03030.00	03.7207	00.9998	0003.0722
Recharging:	03060.00	03.7212	00.9998	0003.1033
Recharging:	03090.00	03.7218	00.9998	0003.1343
Recharging:	03120.00	03.7224	00.9998	0003.1653
Recharging:	03150.00	03.7230	00.9998	0003.1963
Recharging:	03180.00	03.7236	00.9998	0003.2273
Recharging:	03210.00	03.7242	00.9998	0003.2583
Recharging:	03240.00	03.7248	00.9998	0003.2894
Recharging:	03270.00	03.7254	00.9998	0003.3204
Recharging:	03300.00	03.7260	00.9998	0003.3515
Recharging:	03330.00	03.7266	00.9998	0003.3825
Recharging:	03360.00	03.7272	00.9998	0003.4136
Recharging:	03390.00	03.7278	00.9998	0003.4446
Recharging:	03420.00	03.7284	00.9998	0003.4757
Recharging:	03450.00	03.7291	00.9998	0003.5068
Recharging:	03480.00	03.7296	00.9998	0003.5378
Recharging:	03510.00	03.7303	00.9998	0003.5689
Recharging:	03540.00	03.7309	00.9998	0003.6000
Recharging:	03570.00	03.7315	00.9998	0003.6311
Recharging:	03600.00	03.7321	00.9998	0003.6622
Recharging:	03630.00	03.7327	00.9998	0003.6933
Recharging:	03660.00	03.7334	00.9998	0003.7244
Recharging:	03690.00	03.7340	00.9998	0003.7555
Recharging:	03720.00	03.7347	00.9998	0003.7866
Recharging:	03750.00	03.7353	00.9998	0003.8177
Recharging:	03780.00	03.7360	00.9998	0003.8489
Recharging:	03810.00	03.7366	00.9998	0003.8800
Recharging:	03840.00	03.7373	00.9998	0003.9111
Recharging:	03870.00	03.7379	00.9998	0003.9423
Recharging:	03900.00	03.7386	00.9998	0003.9734
Recharging:	03930.00	03.7393	00.9998	0004.0046
Recharging:	03960.00	03.7399	00.9998	0004.0357
Recharging:	03990.00	03.7406	00.9998	0004.0669
Recharging:	04020.00	03.7413	00.9998	0004.0981
Recharging:	04050.00	03.7419	00.9998	0004.1292
Recharging:	04080.00	03.7425	00.9998	0004.1604
Recharging:	04110.00	03.7433	00.9998	0004.1916
Recharging:	04140.00	03.7439	00.9998	0004.2228
Recharging:	04170.00	03.7446	00.9998	0004.2540
Recharging:	04200.00	03.7453	00.9998	0004.2852
Recharging:	04230.00	03.7461	00.9998	0004.3164
Recharging:	04260.00	03.7468	00.9998	0004.3476
Recharging:	04290.00	03.7475	00.9998	0004.3789
Recharging:	04320.00	03.7481	00.9998	0004.4101
Recharging:	04350.00	03.7488	00.9998	0004.4413
Recharging:	04380.00	03.7495	00.9998	0004.4726
Recharging:	04410.00	03.7502	00.9998	0004.5038
Recharging:	04440.00	03.7510	00.9998	0004.5350
Recharging:	04470.00	03.7517	00.9998	0004.5663
Recharging:	04500.00	03.7524	00.9998	0004.5976
Recharging:	04530.00	03.7531	00.9998	0004.6288
Recharging:	04560.00	03.7539	00.9998	0004.6601
Recharging:	04590.00	03.7546	00.9998	0004.6914
Recharging:	04620.00	03.7553	00.9998	0004.7227
Recharging:	04650.00	03.7561	00.9998	0004.7540
Recharging:	04680.00	03.7568	00.9998	0004.7853
Recharging:	04710.00	03.7576	00.9998	0004.8166
Recharging:	04740.00	03.7583	00.9998	0004.8479
Recharging:	04770.00	03.7591	00.9998	0004.8792
Recharging:	04800.00	03.7599	00.9998	0004.9105
Recharging:	04830.00	03.7607	00.9998	0004.9419
Recharging:	04860.00	03.7614	00.9998	0004.9732
Recharging:	04890.00	03.7622	00.9998	0005.0046
Recharging:	04920.00	03.7629	00.9998	0005.0359
Recharging:	04950.00	03.7637	00.9998	0005.0673
Recharging:	04980.00	03.7645	00.9998	0005.0986
Recharging:	05010.00	03.7653	00.9998	0005.1300
Recharging:	05040.00	03.7661	00.9998	0005.1614
Recharging:	05070.00	03.7669	00.9998	0005.1928
Recharging:	05100.00	03.7676	00.9998	0005.2242
Recharging:	05130.00	03.7684	00.9998	0005.2556
Recharging:	05160.00	03.7692	00.9998	0005.2870
Recharging:	05190.00	03.7701	00.9998	0005.3184
Recharging:	05220.00	03.7709	00.9998	0005.3498
Recharging:	05250.00	03.7717	00.9998	0005.3812
Recharging:	05280.00	03.7725	00.9998	0005.4126
Recharging:	05310.00	03.7734	00.9998	0005.4441
Recharging:	05340.00	03.7743	00.9998	0005.4755
Recharging:	05370.00	03.7751	00.9998	0005.5070
Recharging:	05400.00	03.7759	00.9998	0005.5384
Recharging:	05430.00	03.7768	00.9998	0005.5699
Recharging:	05460.00	03.7776	00.9998	0005.6014
Recharging:	05490.00	03.7785	00.9998	0005.6329
Recharging:	05520.00	03.7794	00.9998	0005.6643
Recharging:	05550.00	03.7803	00.9998	0005.6958
Recharging:	05580.00	03.7812	00.9998	0005.7273
Recharging:	05610.00	03.7821	00.9998	0005.7589
Recharging:	05640.00	03.7830	00.9998	0005.7904
Recharging:	05670.00	03.7839	00.9998	0005.8219
Recharging:	05700.00	03.7849	00.9998	0005.8534
Recharging:	05730.00	03.7858	00.9998	0005.8850
Recharging:	05760.00	03.7867	00.9998	0005.9165
Recharging:	05790.00	03.7877	00.9998	0005.9481
Recharging:	05820.00	03.7887	00.9998	0005.9797
Recharging:	05850.00	03.7896	00.9998	0006.0112
Recharging:	05880.00	03.7906	00.9998	0006.0428
Recharging:	05910.00	03.7916	00.9998	0006.0744
Recharging:	05940.00	03.7926	00.9998	0006.1060
Recharging:	05970.00	03.7936	00.9998	0006.1376
Recharging:	06000.00	03.7946	00.9998	0006.1692
Recharging:	06030.00	03.7957	00.9998	0006.2008
Recharging:	06060.00	03.7967	00.9998	0006.2325
Recharging:	06090.00	03.7977	00.9998	0006.2641
Recharging:	06120.00	03.7988	00.9998	0006.2958
Recharging:	06150.00	03.7999	00.9998	0006.3274
Recharging:	06180.00	03.8010	00.9998	0006.3591
Recharging:	06210.00	03.8021	00.9998	0006.3908
Recharging:	06240.00	03.8032	00.9998	0006.4225
Recharging:	06270.00	03.8044	00.9998	0006.4542
Recharging:	06300.00	03.8056	00.9998	0006.4859
Recharging:	06330.00	03.8067	00.9998	0006.5176
Recharging:	06360.00	03.8079	00.9998	0006.5493
Recharging:	06390.00	03.8090	00.9998	0006.5810
Recharging:	06420.00	03.8101	00.9998	0006.6128
Recharging:	06450.00	03.8114	00.9998	0006.6445
Recharging:	06480.00	03.8126	00.9998	0006.6763
Recharging:	06510.00	03.8139	00.9998	0006.7081
Recharging:	06540.00	03.8152	00.9998	0006.7399
Recharging:	06570.00	03.8164	00.9998	0006.7717
Recharging:	06600.00	03.8177	00.9998	0006.8035
Recharging:	06630.00	03.8191	00.9998	0006.8353
Recharging:	06660.00	03.8204	00.9998	0006.8671
Recharging:	06690.00	03.8217	00.9998	0006.8990
Recharging:	06720.00	03.8231	00.9998	0006.9308
Recharging:	06750.00	03.8244	00.9998	0006.9627
Recharging:	06780.00	03.8257	00.9998	0006.9945
Recharging:	06810.00	03.8270	00.9998	0007.0264
Recharging:	06840.00	03.8284	00.9998	0007.0583
Recharging:	06870.00	03.8298	00.9998	0007.0902
Recharging:	06900.00	03.8310	00.9998	0007.1222
Recharging:	06930.00	03.8324	00.9998	0007.1541
Recharging:	06960.00	03.8337	00.9998	0007.1860
Recharging:	06990.00	03.8350	00.9998	0007.2180
Recharging:	07020.00	03.8364	00.9998	0007.2499
Recharging:	07050.00	03.8377	00.9998	0007.2819
Recharging:	07080.00	03.8390	00.9998	0007.3139
Recharging:	07110.00	03.8404	00.9998	0007.3459
Recharging:	07140.00	03.8416	00.9998	0007.3779
Recharging:	07170.00	03.8430	00.9998	0007.4099
Recharging:	07200.00	03.8443	00.9998	0007.4420
Recharging:	07230.00	03.8456	00.9998	0007.4740
Recharging:	07260.00	03.8469	00.9998	0007.5060
Recharging:	07290.00	03.8481	00.9998	0007.5381
Recharging:	07320.00	03.8494	00.9998	0007.5702
Recharging:	07350.00	03.8507	00.9998	0007.6023
Recharging:	07380.00	03.8519	00.9998	0007.6343
Recharging:	07410.00	03.8532	00.9998	0007.6665
Recharging:	07440.00	03.8545	00.9998	0007.6986
Recharging:	07470.00	03.8558	00.9998	0007.7307
Recharging:	07500.00	03.8571	00.9998	0007.7628
Recharging:	07530.00	03.8584	00.9998	0007.7950
Recharging:	07560.00	03.8597	00.9998	0007.8271
Recharging:	07590.00	03.8611	00.9998	0007.8593
Recharging:	07620.00	03.8624	00.9998	0007.8915
Recharging:	07650.00	03.8637	00.9998	0007.9237
Recharging:	07680.00	03.8651	00.9998	0007.9559
Recharging:	07710.00	03.8665	00.9998	0007.9881
Recharging:	07740.00	03.8679	00.9998	0008.0203
Recharging:	07770.00	03.8692	00.9998	0008.0525
Recharging:	07800.00	03.8707	00.9998	0008.0848
Recharging:	07830.00	03.8720	00.9998	0008.1171
Recharging:	07860.00	03.8734	00.9998	0008.1493
Recharging:	07890.00	03.8748	00.9998	0008.1816
Recharging:	07920.00	03.8761	00.9998	0008.2139
Recharging:	07950.00	03.8775	00.9998	0008.2462
Recharging:	07980.00	03.8789	00.9998	0008.2785
Recharging:	08010.00	03.8803	00.9998	0008.3109
Recharging:	08040.00	03.8817	00.9998	0008.3432
Recharging:	08070.00	03.8832	00.9998	0008.3756
Recharging:	08100.00	03.8847	00.9998	0008.4079
Recharging:	08130.00	03.8862	00.9998	0008.4403
Recharging:	08160.00	03.8876	00.9998	0008.4727
Recharging:	08190.00	03.8890	00.9998	0008.5051
Recharging:	08220.00	03.8905	00.9998	0008.5375
Recharging:	08250.00	03.8918	00.9998	0008.5699
Recharging:	08280.00	03.8933	00.9998	0008.6024
Recharging:	08310.00	03.8948	00.9998	0008.6348
Recharging:	08340.00	03.8964	00.9998	0008.6673
Recharging:	08370.00	03.8978	00.9998	0008.6998
Recharging:	08400.00	03.8994	00.9998	0008.7322
Recharging:	08430.00	03.9009	00.9998	0008.7647
Recharging:	08460.00	03.9025	00.9998	0008.7973
Recharging:	08490.00	03.9041	00.9998	0008.8298
Recharging:	08520.00	03.9056	00.9998	0008.8623
Recharging:	08550.00	03.9074	00.9998	0008.8949
Recharging:	08580.00	03.9089	00.9998	0008.9274
Recharging:	08610.00	03.9105	00.9998	0008.9600
Recharging:	08640.00	03.9122	00.9998	0008.9926
Recharging:	08670.00	03.9137	00.9998	0009.0252
Recharging:	08700.00	03.9154	00.9998	0009.0578
Recharging:	08730.00	03.9170	00.9998	0009.0905
Recharging:	08760.00	03.9186	00.9998	0009.1231
Recharging:	08790.00	03.9202	00.9998	0009.1558
Recharging:	08820.00	03.9220	00.9998	0009.1885
Recharging:	08850.00	03.9236	00.9998	0009.2212
Recharging:	08880.00	03.9253	00.9998	0009.2539
Recharging:	08910.00	03.9270	00.9998	0009.2866
Recharging:	08940.00	03.9286	00.9998	0009.3193
Recharging:	08970.00	03.9303	00.9998	0009.3521
Recharging:	09000.00	03.9321	00.9998	0009.3848
Recharging:	09030.00	03.9336	00.9998	0009.4176
Recharging:	09060.00	03.9354	00.9998	0009.4504
Recharging:	09090.00	03.9371	00.9998	0009.4832
Recharging:	09120.00	03.9388	00.9998	0009.5160
Recharging:	09150.00	03.9406	00.9998	0009.5488
Recharging:	09180.00	03.9423	00.9998	0009.5817
Recharging:	09210.00	03.9440	00.9998	0009.6145
Recharging:	09240.00	03.9458	00.9998	0009.6474
Recharging:	09270.00	03.9476	00.9998	0009.6803
Recharging:	09300.00	03.9493	00.9998	0009.7132
Recharging:	09330.00	03.9511	00.9998	0009.7461
Recharging:	09360.00	03.9529	00.9998	0009.7791
Recharging:	09390.00	03.9547	00.9998	0009.8120
Recharging:	09420.00	03.9565	00.9998	0009.8450
Recharging:	09450.00	03.9583	00.9998	0009.8779
Recharging:	09480.00	03.9600	00.9998	0009.9109
Recharging:	09510.00	03.9618	00.9998	0009.9439
Recharging:	09540.00	03.9637	00.9998	0009.9770
Recharging:	09570.00	03.9655	00.9998	0010.0100
Recharging:	09600.00	03.9673	00.9998	0010.0431
Recharging:	09630.00	03.9691	00.9998	0010.0761
Recharging:	09660.00	03.9710	00.9998	0010.1092
Recharging:	09690.00	03.9728	00.9998	0010.1423
Recharging:	09720.00	03.9745	00.9998	0010.1754
Recharging:	09750.00	03.9764	00.9998	0010.2086
Recharging:	09780.00	03.9782	00.9998	0010.2417
Recharging:	09810.00	03.9800	00.9998	0010.2749
Recharging:	09840.00	03.9819	00.9998	0010.3080
Recharging:	09870.00	03.9838	00.9998	0010.3412
Recharging:	09900.00	03.9856	00.9998	0010.3744
Recharging:	09930.00	03.9875	00.9998	0010.4077
Recharging:	09960.00	03.9894	00.9998	0010.4409
Recharging:	09990.00	03.9912	00.9998	0010.4741
Recharging:	10020.00	03.9932	00.9998	0010.5074
Recharging:	10050.00	03.9951	00.9998	0010.5407
Recharging:	10080.00	03.9970	00.9998	0010.5740
Recharging:	10110.00	03.9989	00.9998	0010.6073
Recharging:	10140.00	04.0007	00.9998	0010.6407
Recharging:	10170.00	04.0027	00.9998	0010.6740
Recharging:	10200.00	04.0046	00.9998	0010.7074
Recharging:	10230.00	04.0065	00.9998	0010.7407
Recharging:	10260.00	04.0085	00.9998	0010.7741
Recharging:	10290.00	04.0104	00.9998	0010.8076
Recharging:	10320.00	04.0124	00.9998	0010.8410
Recharging:	10350.00	04.0143	00.9998	0010.8744
Recharging:	10380.00	04.0162	00.9998	0010.9079
Recharging:	10410.00	04.0181	00.9998	0010.9414
Recharging:	10440.00	04.0201	00.9998	0010.9749
Recharging:	10470.00	04.0220	00.9998	0011.0084
Recharging:	10500.00	04.0240	00.9998	0011.0419
Recharging:	10530.00	04.0259	00.9998	0011.0754
Recharging:	10560.00	04.0279	00.9998	0011.1090
Recharging:	10590.00	04.0298	00.9998	0011.1426
Recharging:	10620.00	04.0318	00.9998	0011.1762
Recharging:	10650.00	04.0338	00.9998	0011.2098
Recharging:	10680.00	04.0357	00.9998	0011.2434
Recharging:	10710.00	04.0377	00.9998	0011.2770
Recharging:	10740.00	04.0397	00.9998	0011.3107
Recharging:	10770.00	04.0416	00.9998	0011.3444
Recharging:	10800.00	04.0437	00.9998	0011.3781
Recharging:	10830.00	04.0457	00.9998	0011.4118
Recharging:	10860.00	04.0476	00.9998	0011.4455
Recharging:	10890.00	04.0497	00.9998	0011.4792
Recharging:	10920.00	04.0518	00.9998	0011.5130
Recharging:	10950.00	04.0538	00.9998	0011.5468
Recharging:	10980.00	04.0558	00.9998	0011.5805
Recharging:	11010.00	04.0577	00.9998	0011.6144
Recharging:	11040.00	04.0597	00.9998	0011.6482
Recharging:	11070.00	04.0617	00.9998	0011.6820
Recharging:	11100.00	04.0637	00.9998	0011.7159
Recharging:	11130.00	04.0658	00.9998	0011.7498
Recharging:	11160.00	04.0678	00.9998	0011.7836
Recharging:	11190.00	04.0698	00.9998	0011.8176
Recharging:	11220.00	04.0719	00.9998	0011.8515
Recharging:	11250.00	04.0739	00.9998	0011.8854
Recharging:	11280.00	04.0759	00.9998	0011.9194
Recharging:	11310.00	04.0780	00.9998	0011.9534
Recharging:	11340.00	04.0801	00.9998	0011.9873
Recharging:	11370.00	04.0821	00.9998	0012.0214
Recharging:	11400.00	04.0842	00.9998	0012.0554
Recharging:	11430.00	04.0862	00.9998	0012.0894
Recharging:	11460.00	04.0884	00.9998	0012.1235
Recharging:	11490.00	04.0904	00.9998	0012.1576
Recharging:	11520.00	04.0927	00.9998	0012.1917
Recharging:	11550.00	04.0948	00.9998	0012.2258
Recharging:	11580.00	04.0969	00.9998	0012.2599
Recharging:	11610.00	04.0989	00.9998	0012.2941
Recharging:	11640.00	04.1011	00.9998	0012.3282
Recharging:	11670.00	04.1032	00.9998	0012.3624
Recharging:	11700.00	04.1052	00.9998	0012.3966
Recharging:	11730.00	04.1074	00.9998	0012.4308
Recharging:	11760.00	04.1094	00.9998	0012.4651
Recharging:	11790.00	04.1116	00.9998	0012.4993
Recharging:	11820.00	04.1138	00.9998	0012.5336
Recharging:	11850.00	04.1159	00.9998	0012.5679
Recharging:	11880.00	04.1180	00.9998	0012.6022
Recharging:	11910.00	04.1201	00.9998	0012.6365
Recharging:	11940.00	04.1223	00.9998	0012.6709
Recharging:	11970.00	04.1244	00.9998	0012.7052
Recharging:	12000.00	04.1266	00.9998	0012.7396
Recharging:	12030.00	04.1287	00.9998	0012.7740
Recharging:	12060.00	04.1309	00.9998	0012.8084
Recharging:	12090.00	04.1331	00.9998	0012.8429
Recharging:	12120.00	04.1352	00.9998	0012.8773
Recharging:	12150.00	04.1375	00.9998	0012.9118
Recharging:	12180.00	04.1396	00.9998	0012.9463
Recharging:	12210.00	04.1417	00.9998	0012.9808
Recharging:	12240.00	04.1439	00.9998	0013.0153
Recharging:	12270.00	04.1461	00.9998	0013.0499
Recharging:	12300.00	04.1483	00.9998	0013.0844
Recharging:	12330.00	04.1506	00.9998	0013.1190
Recharging:	12360.00	04.1527	00.9998	0013.1536
Recharging:	12390.00	04.1549	00.9998	0013.1882
Recharging:	12420.00	04.1571	00.9998	0013.2229
Recharging:	12450.00	04.1593	00.9998	0013.2575
Recharging:	12480.00	04.1616	00.9998	0013.2922
Recharging:	12510.00	04.1638	00.9998	0013.3269
Recharging:	12540.00	04.1661	00.9998	0013.3616
Recharging:	12570.00	04.1683	00.9998	0013.3963
Recharging:	12600.00	04.1706	00.9998	0013.4311
Recharging:	12630.00	04.1728	00.9998	0013.4658
Recharging:	12660.00	04.1751	00.9998	0013.5006
Recharging:	12690.00	04.1773	00.9998	0013.5354
Recharging:	12720.00	04.1796	00.9998	0013.5702
Recharging:	12750.00	04.1818	00.9998	0013.6051
Recharging:	12780.00	04.1841	00.9998	0013.6399
Recharging:	12810.00	04.1864	00.9998	0013.6748
Recharging:	12840.00	04.1886	00.9998	0013.7097
Recharging:	12870.00	04.1910	00.9998	0013.7446
Recharging:	12900.00	04.1932	00.9998	0013.7796
Recharging:	12930.00	04.1955	00.9998	0013.8145
Recharging:	12960.00	04.1977	00.9998	0013.8495
Recharging:	12990.00	04.2001	00.9998	0013.8845
