Charging:	00030.00	03.8934	01.0005	0000.0325
Charging:	00060.00	03.9006	00.9997	0000.0650
Charging:	00090.00	03.9036	00.9997	0000.0975
Charging:	00120.00	03.9059	00.9997	0000.1300
Charging:	00150.00	03.9081	00.9997	0000.1626
Charging:	00180.00	03.9100	00.9997	0000.1951
Charging:	00210.00	03.9119	00.9997	0000.2277
Charging:	00240.00	03.9137	00.9997	0000.2603
Charging:	00270.00	03.9155	00.9997	0000.2930
Charging:	00300.00	03.9173	00.9997	0000.3256
Charging:	00330.00	03.9190	00.9997	0000.3582
Charging:	00360.00	03.9207	00.9997	0000.3909
Charging:	00390.00	03.9225	00.9997	0000.4236
Charging:	00420.00	03.9241	00.9997	0000.4563
Charging:	00450.00	03.9258	00.9997	0000.4890
Charging:	00480.00	03.9275	00.9997	0000.5217
Charging:	00510.00	03.9291	00.9997	0000.5544
Charging:	00540.00	03.9308	00.9997	0000.5872
Charging:	00570.00	03.9324	00.9997	0000.6199
Charging:	00600.00	03.9340	00.9997	0000.6527
Charging:	00630.00	03.9357	00.9997	0000.6855
Charging:	00660.00	03.9373	00.9997	0000.7183
Charging:	00690.00	03.9389	00.9997	0000.7511
Charging:	00720.00	03.9405	00.9997	0000.7839
Charging:	00750.00	03.9421	00.9997	0000.8168
Charging:	00780.00	03.9437	00.9997	0000.8496
Charging:	00810.00	03.9453	00.9997	0000.8825
Charging:	00840.00	03.9468	00.9997	0000.9154
Charging:	00870.00	03.9483	00.9997	0000.9483
Charging:	00900.00	03.9497	00.9997	0000.9812
Charging:	00930.00	03.9512	00.9997	0001.0141
Charging:	00960.00	03.9526	00.9997	0001.0470
Charging:	00990.00	03.9539	00.9997	0001.0800
Charging:	01020.00	03.9552	00.9997	0001.1129
Charging:	01050.00	03.9564	00.9997	0001.1459
Charging:	01080.00	03.9577	00.9997	0001.1788
Charging:	01110.00	03.9589	00.9997	0001.2118
Charging:	01140.00	03.9600	00.9997	0001.2448
Charging:	01170.00	03.9612	00.9997	0001.2778
Charging:	01200.00	03.9622	00.9997	0001.3108
Charging:	01230.00	03.9633	00.9997	0001.3438
Charging:	01260.00	03.9643	00.9997	0001.3769
Charging:	01290.00	03.9654	00.9997	0001.4099
Charging:	01320.00	03.9664	00.9997	0001.4429
Charging:	01350.00	03.9674	00.9997	0001.4760
Charging:	01380.00	03.9684	00.9997	0001.5090
Charging:	01410.00	03.9693	00.9997	0001.5421
Charging:	01440.00	03.9703	00.9997	0001.5752
Charging:	01470.00	03.9712	00.9997	0001.6083
Charging:	01500.00	03.9721	00.9997	0001.6414
Charging:	01530.00	03.9730	00.9997	0001.6745
Charging:	01560.00	03.9739	00.9997	0001.7076
Charging:	01590.00	03.9747	00.9997	0001.7407
Charging:	01620.00	03.9756	00.9997	0001.7738
Charging:	01650.00	03.9765	00.9997	0001.8069
Charging:	01680.00	03.9774	00.9997	0001.8401
Charging:	01710.00	03.9783	00.9997	0001.8732
Charging:	01740.00	03.9791	00.9997	0001.9063
Charging:	01770.00	03.9800	00.9997	0001.9395
Charging:	01800.00	03.9809	00.9997	0001.9727
Charging:	01830.00	03.9818	00.9997	0002.0058
Charging:	01860.00	03.9826	00.9997	0002.0390
Charging:	01890.00	03.9834	00.9997	0002.0722
Charging:	01920.00	03.9843	00.9997	0002.1054
Charging:	01950.00	03.9851	00.9997	0002.1386
Charging:	01980.00	03.9860	00.9997	0002.1718
Charging:	02010.00	03.9868	00.9997	0002.2050
Charging:	02040.00	03.9876	00.9997	0002.2382
Charging:	02070.00	03.9884	00.9997	0002.2715
Charging:	02100.00	03.9892	00.9997	0002.3047
Charging:	02130.00	03.9900	00.9997	0002.3379
Charging:	02160.00	03.9907	00.9997	0002.3712
Charging:	02190.00	03.9915	00.9997	0002.4044
Charging:	02220.00	03.9922	00.9997	0002.4377
Charging:	02250.00	03.9930	00.9997	0002.4709
Charging:	02280.00	03.9937	00.9997	0002.5042
Charging:	02310.00	03.9944	00.9997	0002.5375
Charging:	02340.00	03.9951	00.9997	0002.5708
Charging:	02370.00	03.9958	00.9997	0002.6041
Charging:	02400.00	03.9965	00.9997	0002.6374
Charging:	02430.00	03.9971	00.9997	0002.6707
Charging:	02460.00	03.9978	00.9997	0002.7040
Charging:	02490.00	03.9985	00.9997	0002.7373
Charging:	02520.00	03.9992	00.9997	0002.7706
Charging:	02550.00	03.9997	00.9997	0002.8039
Charging:	02580.00	04.0004	00.9997	0002.8372
Charging:	02610.00	04.0010	00.9997	0002.8706
Charging:	02640.00	04.0017	00.9997	0002.9039
Charging:	02670.00	04.0023	00.9997	0002.9372
Charging:	02700.00	04.0030	00.9997	0002.9706
Charging:	02730.00	04.0035	00.9997	0003.0039
Charging:	02760.00	04.0042	00.9997	0003.0373
Charging:	02790.00	04.0049	00.9997	0003.0707
Charging:	02820.00	04.0055	00.9997	0003.1040
Charging:	02850.00	04.0061	00.9997	0003.1374
Charging:	02880.00	04.0068	00.9997	0003.1708
Charging:	02910.00	04.0075	00.9997	0003.2042
Charging:	02940.00	04.0082	00.9997	0003.2376
Charging:	02970.00	04.0090	00.9997	0003.2710
Charging:	03000.00	04.0096	00.9997	0003.3044
Charging:	03030.00	04.0103	00.9997	0003.3378
Charging:	03060.00	04.0110	00.9997	0003.3712
Charging:	03090.00	04.0118	00.9997	0003.4046
Charging:	03120.00	04.0126	00.9997	0003.4380
Charging:	03150.00	04.0133	00.9997	0003.4715
Charging:	03180.00	04.0142	00.9997	0003.5049
Charging:	03210.00	04.0150	00.9997	0003.5384
Charging:	03240.00	04.0158	00.9997	0003.5718
Charging:	03270.00	04.0166	00.9997	0003.6053
Charging:	03300.00	04.0175	00.9997	0003.6387
Charging:	03330.00	04.0184	00.9997	0003.6722
Charging:	03360.00	04.0194	00.9997	0003.7057
Charging:	03390.00	04.0204	00.9997	0003.7392
Charging:	03420.00	04.0213	00.9997	0003.7727
Charging:	03450.00	04.0223	00.9997	0003.8062
Charging:	03480.00	04.0234	00.9997	0003.8397
Charging:	03510.00	04.0244	00.9997	0003.8732
Charging:	03540.00	04.0255	00.9997	0003.9068
Charging:	03570.00	04.0267	00.9997	0003.9403
Charging:	03600.00	04.0278	00.9997	0003.9739
Charging:	03630.00	04.0290	00.9997	0004.0074
Charging:	03660.00	04.0303	00.9997	0004.0410
Charging:	03690.00	04.0315	00.9997	0004.0746
Charging:	03720.00	04.0328	00.9997	0004.1082
Charging:	03750.00	04.0342	00.9997	0004.1418
Charging:	03780.00	04.0356	00.9997	0004.1754
Charging:	03810.00	04.0370	00.9997	0004.2091
Charging:	03840.00	04.0384	00.9997	0004.2427
Charging:	03870.00	04.0400	00.9997	0004.2764
Charging:	03900.00	04.0415	00.9997	0004.3100
Charging:	03930.00	04.0431	00.9997	0004.3437
Charging:	03960.00	04.0447	00.9997	0004.3774
Charging:	03990.00	04.0470	00.9997	0004.4111
Charging:	04020.00	04.0488	00.9997	0004.4448
Charging:	04050.00	04.0506	00.9997	0004.4786
Charging:	04080.00	04.0525	00.9997	0004.5124
Charging:	04110.00	04.0544	00.9997	0004.5461
Charging:	04140.00	04.0564	00.9997	0004.5799
Charging:	04170.00	04.0582	00.9997	0004.6137
Charging:	04200.00	04.0602	00.9997	0004.6476
Charging:	04230.00	04.0623	00.9997	0004.6814
Charging:	04260.00	04.0643	00.9997	0004.7153
Charging:	04290.00	04.0664	00.9997	0004.7491
Charging:	04320.00	04.0685	00.9997	0004.7830
Charging:	04350.00	04.0708	00.9997	0004.8169
Charging:	04380.00	04.0729	00.9997	0004.8509
Charging:	04410.00	04.0751	00.9997	0004.8848
Charging:	04440.00	04.0772	00.9997	0004.9188
Charging:	04470.00	04.0793	00.9997	0004.9528
Charging:	04500.00	04.0814	00.9997	0004.9868
Charging:	04530.00	04.0836	00.9997	0005.0208
Charging:	04560.00	04.0857	00.9997	0005.0548
Charging:	04590.00	04.0877	00.9997	0005.0889
Charging:	04620.00	04.0897	00.9997	0005.1229
Charging:	04650.00	04.0917	00.9997	0005.1570
Charging:	04680.00	04.0937	00.9997	0005.1911
Charging:	04710.00	04.0955	00.9997	0005.2253
Charging:	04740.00	04.0973	00.9997	0005.2594
Charging:	04770.00	04.0989	00.9997	0005.2935
Charging:	04800.00	04.1005	00.9997	0005.3277
Charging:	04830.00	04.1021	00.9997	0005.3619
Charging:	04860.00	04.1035	00.9997	0005.3961
Charging:	04890.00	04.1047	00.9997	0005.4303
Charging:	04920.00	04.1060	00.9997	0005.4645
Charging:	04950.00	04.1072	00.9997	0005.4987
Charging:	04980.00	04.1083	00.9997	0005.5329
Charging:	05010.00	04.1093	00.9997	0005.5671
Charging:	05040.00	04.1102	00.9997	0005.6014
Charging:	05070.00	04.1112	00.9997	0005.6356
Charging:	05100.00	04.1120	00.9997	0005.6699
Charging:	05130.00	04.1128	00.9997	0005.7041
Charging:	05160.00	04.1136	00.9997	0005.7384
Charging:	05190.00	04.1143	00.9997	0005.7727
Charging:	05220.00	04.1151	00.9997	0005.8070
Charging:	05250.00	04.1159	00.9997	0005.8413
Charging:	05280.00	04.1167	00.9997	0005.8756
Charging:	05310.00	04.1174	00.9997	0005.9099
Charging:	05340.00	04.1183	00.9997	0005.9442
Charging:	05370.00	04.1191	00.9997	0005.9785
Charging:	05400.00	04.1199	00.9997	0006.0128
Charging:	05430.00	04.1208	00.9997	0006.0471
Charging:	05460.00	04.1218	00.9997	0006.0815
Charging:	05490.00	04.1227	00.9997	0006.1158
Charging:	05520.00	04.1237	00.9997	0006.1502
Charging:	05550.00	04.1247	00.9997	0006.1845
Charging:	05580.00	04.1257	00.9997	0006.2189
Charging:	05610.00	04.1268	00.9997	0006.2533
Charging:	05640.00	04.1279	00.9997	0006.2877
Charging:	05670.00	04.1290	00.9997	0006.3221
Charging:	05700.00	04.1302	00.9997	0006.3565
Charging:	05730.00	04.1314	00.9997	0006.3909
Charging:	05760.00	04.1326	00.9997	0006.4253
Charging:	05790.00	04.1338	00.9997	0006.4598
Charging:	05820.00	04.1349	00.9997	0006.4942
Charging:	05850.00	04.1362	00.9997	0006.5287
Charging:	05880.00	04.1375	00.9997	0006.5631
Charging:	05910.00	04.1387	00.9997	0006.5976
Charging:	05940.00	04.1399	00.9997	0006.6321
Charging:	05970.00	04.1411	00.9997	0006.6666
Charging:	06000.00	04.1425	00.9997	0006.7011
Charging:	06030.00	04.1437	00.9997	0006.7356
Charging:	06060.00	04.1450	00.9997	0006.7702
Charging:	06090.00	04.1463	00.9997	0006.8047
Charging:	06120.00	04.1476	00.9997	0006.8393
Charging:	06150.00	04.1490	00.9997	0006.8738
Charging:	06180.00	04.1503	00.9997	0006.9084
Charging:	06210.00	04.1516	00.9997	0006.9430
Charging:	06240.00	04.1529	00.9997	0006.9776
Charging:	06270.00	04.1543	00.9997	0007.0122
Charging:	06300.00	04.1556	00.9997	0007.0468
Charging:	06330.00	04.1569	00.9997	0007.0814
Charging:	06360.00	04.1583	00.9997	0007.1161
Charging:	06390.00	04.1596	00.9997	0007.1507
Charging:	06420.00	04.1609	00.9997	0007.1854
Charging:	06450.00	04.1623	00.9997	0007.2201
Charging:	06480.00	04.1637	00.9997	0007.2548
Charging:	06510.00	04.1650	00.9997	0007.2895
Charging:	06540.00	04.1664	00.9997	0007.3242
Charging:	06570.00	04.1678	00.9997	0007.3589
Charging:	06600.00	04.1692	00.9997	0007.3936
Charging:	06630.00	04.1706	00.9997	0007.4284
Charging:	06660.00	04.1719	00.9997	0007.4631
Charging:	06690.00	04.1733	00.9997	0007.4979
Charging:	06720.00	04.1747	00.9997	0007.5327
Charging:	06750.00	04.1761	00.9997	0007.5674
Charging:	06780.00	04.1775	00.9997	0007.6022
Charging:	06810.00	04.1788	00.9997	0007.6371
Charging:	06840.00	04.1802	00.9997	0007.6719
Charging:	06870.00	04.1816	00.9997	0007.7067
Charging:	06900.00	04.1830	00.9997	0007.7416
Charging:	06930.00	04.1843	00.9997	0007.7764
Charging:	06960.00	04.1857	00.9997	0007.8113
Charging:	06990.00	04.1872	00.9997	0007.8462
Charging:	07020.00	04.1886	00.9997	0007.8811
Charging:	07050.00	04.1900	00.9997	0007.9160
Charging:	07080.00	04.1914	00.9997	0007.9509
Charging:	07110.00	04.1928	00.9997	0007.9858
Charging:	07140.00	04.1942	00.9997	0008.0208
Charging:	07170.00	04.1956	00.9997	0008.0557
Charging:	07200.00	04.1970	00.9997	0008.0907
Charging:	07230.00	04.1985	00.9997	0008.1257
Charging:	07260.00	04.1999	00.9997	0008.1606
Charging:	07290.00	04.2013	00.9997	0008.1957
---------------------------
TESTING INTERNAL RESISTANCE
voltage while ON =  4.1796
current=-0.9993
OUTPUT OFF
voltage while OFF =  4.1887
Internal resistance =  0.0091 [Ohm]
OUTPUT ON
---------------------------
Discharging:	00030.00	04.1775	-0.9994	-000.0348
Discharging:	00060.00	04.1665	-0.9992	-000.0695
Discharging:	00090.00	04.1620	-0.9992	-000.1041
Discharging:	00120.00	04.1587	-0.9992	-000.1388
Discharging:	00150.00	04.1559	-0.9991	-000.1734
Discharging:	00180.00	04.1534	-0.9991	-000.2079
Discharging:	00210.00	04.1510	-0.9991	-000.2425
Discharging:	00240.00	04.1488	-0.9992	-000.2771
Discharging:	00270.00	04.1467	-0.9991	-000.3116
Discharging:	00300.00	04.1447	-0.9991	-000.3461
Discharging:	00330.00	04.1427	-0.9991	-000.3806
Discharging:	00360.00	04.1408	-0.9991	-000.4151
Discharging:	00390.00	04.1390	-0.9991	-000.4495
Discharging:	00420.00	04.1372	-0.9991	-000.4840
Discharging:	00450.00	04.1354	-0.9991	-000.5184
Discharging:	00480.00	04.1337	-0.9991	-000.5528
Discharging:	00510.00	04.1320	-0.9991	-000.5872
Discharging:	00540.00	04.1303	-0.9991	-000.6216
Discharging:	00570.00	04.1287	-0.9991	-000.6560
Discharging:	00600.00	04.1270	-0.9991	-000.6903
Discharging:	00630.00	04.1254	-0.9991	-000.7247
Discharging:	00660.00	04.1239	-0.9991	-000.7590
Discharging:	00690.00	04.1223	-0.9991	-000.7934
Discharging:	00720.00	04.1206	-0.9991	-000.8277
Discharging:	00750.00	04.1191	-0.9991	-000.8620
Discharging:	00780.00	04.1176	-0.9991	-000.8962
Discharging:	00810.00	04.1161	-0.9991	-000.9305
Discharging:	00840.00	04.1146	-0.9991	-000.9648
Discharging:	00870.00	04.1131	-0.9991	-000.9990
Discharging:	00900.00	04.1116	-0.9991	-001.0333
Discharging:	00930.00	04.1101	-0.9991	-001.0675
Discharging:	00960.00	04.1086	-0.9991	-001.1017
Discharging:	00990.00	04.1071	-0.9992	-001.1359
Discharging:	01020.00	04.1056	-0.9991	-001.1701
Discharging:	01050.00	04.1042	-0.9991	-001.2042
Discharging:	01080.00	04.1028	-0.9991	-001.2384
Discharging:	01110.00	04.1014	-0.9991	-001.2725
Discharging:	01140.00	04.0999	-0.9991	-001.3067
Discharging:	01170.00	04.0985	-0.9991	-001.3408
Discharging:	01200.00	04.0972	-0.9991	-001.3749
Discharging:	01230.00	04.0957	-0.9991	-001.4090
Discharging:	01260.00	04.0943	-0.9991	-001.4431
Discharging:	01290.00	04.0930	-0.9992	-001.4772
Discharging:	01320.00	04.0914	-0.9991	-001.5113
Discharging:	01350.00	04.0900	-0.9991	-001.5453
Discharging:	01380.00	04.0886	-0.9991	-001.5793
Discharging:	01410.00	04.0872	-0.9991	-001.6134
Discharging:	01440.00	04.0858	-0.9991	-001.6474
Discharging:	01470.00	04.0845	-0.9991	-001.6814
Discharging:	01500.00	04.0831	-0.9991	-001.7154
Discharging:	01530.00	04.0818	-0.9991	-001.7494
Discharging:	01560.00	04.0805	-0.9991	-001.7834
Discharging:	01590.00	04.0791	-0.9991	-001.8173
Discharging:	01620.00	04.0778	-0.9991	-001.8513
Discharging:	01650.00	04.0766	-0.9991	-001.8852
Discharging:	01680.00	04.0753	-0.9991	-001.9192
Discharging:	01710.00	04.0740	-0.9991	-001.9531
Discharging:	01740.00	04.0728	-0.9991	-001.9870
Discharging:	01770.00	04.0716	-0.9991	-002.0209
Discharging:	01800.00	04.0704	-0.9991	-002.0548
Discharging:	01830.00	04.0693	-0.9992	-002.0887
Discharging:	01860.00	04.0681	-0.9991	-002.1225
Discharging:	01890.00	04.0671	-0.9991	-002.1564
Discharging:	01920.00	04.0660	-0.9991	-002.1902
Discharging:	01950.00	04.0650	-0.9991	-002.2241
Discharging:	01980.00	04.0639	-0.9991	-002.2579
Discharging:	02010.00	04.0631	-0.9992	-002.2918
Discharging:	02040.00	04.0622	-0.9991	-002.3256
Discharging:	02070.00	04.0614	-0.9991	-002.3594
Discharging:	02100.00	04.0606	-0.9991	-002.3932
Discharging:	02130.00	04.0598	-0.9991	-002.4270
Discharging:	02160.00	04.0589	-0.9992	-002.4608
Discharging:	02190.00	04.0581	-0.9991	-002.4946
Discharging:	02220.00	04.0572	-0.9991	-002.5284
Discharging:	02250.00	04.0565	-0.9991	-002.5621
Discharging:	02280.00	04.0556	-0.9991	-002.5959
Discharging:	02310.00	04.0547	-0.9991	-002.6297
Discharging:	02340.00	04.0538	-0.9991	-002.6634
Discharging:	02370.00	04.0528	-0.9991	-002.6972
Discharging:	02400.00	04.0518	-0.9991	-002.7309
Discharging:	02430.00	04.0508	-0.9991	-002.7646
Discharging:	02460.00	04.0496	-0.9991	-002.7984
Discharging:	02490.00	04.0484	-0.9991	-002.8321
Discharging:	02520.00	04.0472	-0.9991	-002.8658
Discharging:	02550.00	04.0460	-0.9991	-002.8994
Discharging:	02580.00	04.0446	-0.9991	-002.9331
Discharging:	02610.00	04.0432	-0.9991	-002.9668
Discharging:	02640.00	04.0416	-0.9991	-003.0004
Discharging:	02670.00	04.0400	-0.9991	-003.0341
Discharging:	02700.00	04.0384	-0.9991	-003.0677
Discharging:	02730.00	04.0365	-0.9991	-003.1013
Discharging:	02760.00	04.0347	-0.9991	-003.1349
Discharging:	02790.00	04.0327	-0.9991	-003.1685
Discharging:	02820.00	04.0306	-0.9991	-003.2020
Discharging:	02850.00	04.0286	-0.9991	-003.2356
Discharging:	02880.00	04.0264	-0.9991	-003.2691
Discharging:	02910.00	04.0243	-0.9991	-003.3026
Discharging:	02940.00	04.0221	-0.9991	-003.3361
Discharging:	02970.00	04.0200	-0.9991	-003.3696
Discharging:	03000.00	04.0179	-0.9991	-003.4030
Discharging:	03030.00	04.0157	-0.9991	-003.4365
Discharging:	03060.00	04.0137	-0.9991	-003.4699
Discharging:	03090.00	04.0116	-0.9991	-003.5033
Discharging:	03120.00	04.0096	-0.9991	-003.5367
Discharging:	03150.00	04.0075	-0.9991	-003.5700
Discharging:	03180.00	04.0055	-0.9991	-003.6034
Discharging:	03210.00	04.0036	-0.9991	-003.6367
Discharging:	03240.00	04.0016	-0.9991	-003.6700
Discharging:	03270.00	03.9998	-0.9991	-003.7033
Discharging:	03300.00	03.9980	-0.9991	-003.7366
Discharging:	03330.00	03.9962	-0.9991	-003.7699
Discharging:	03360.00	03.9945	-0.9991	-003.8031
Discharging:	03390.00	03.9929	-0.9991	-003.8364
Discharging:	03420.00	03.9912	-0.9991	-003.8696
Discharging:	03450.00	03.9897	-0.9991	-003.9028
Discharging:	03480.00	03.9881	-0.9991	-003.9360
Discharging:	03510.00	03.9866	-0.9991	-003.9692
Discharging:	03540.00	03.9851	-0.9991	-004.0024
Discharging:	03570.00	03.9836	-0.9991	-004.0356
Discharging:	03600.00	03.9822	-0.9992	-004.0687
Discharging:	03630.00	03.9808	-0.9991	-004.1019
Discharging:	03660.00	03.9795	-0.9991	-004.1350
Discharging:	03690.00	03.9782	-0.9991	-004.1681
Discharging:	03720.00	03.9769	-0.9992	-004.2013
Discharging:	03750.00	03.9757	-0.9991	-004.2344
Discharging:	03780.00	03.9745	-0.9991	-004.2674
Discharging:	03810.00	03.9734	-0.9991	-004.3005
Discharging:	03840.00	03.9722	-0.9991	-004.3336
Discharging:	03870.00	03.9711	-0.9991	-004.3667
Discharging:	03900.00	03.9700	-0.9991	-004.3997
Discharging:	03930.00	03.9690	-0.9991	-004.4328
Discharging:	03960.00	03.9679	-0.9991	-004.4658
Discharging:	03990.00	03.9668	-0.9991	-004.4988
Discharging:	04020.00	03.9658	-0.9991	-004.5319
Discharging:	04050.00	03.9648	-0.9991	-004.5649
Discharging:	04080.00	03.9638	-0.9991	-004.5979
Discharging:	04110.00	03.9628	-0.9991	-004.6309
Discharging:	04140.00	03.9619	-0.9991	-004.6638
Discharging:	04170.00	03.9609	-0.9991	-004.6968
Discharging:	04200.00	03.9600	-0.9991	-004.7298
Discharging:	04230.00	03.9592	-0.9991	-004.7628
Discharging:	04260.00	03.9583	-0.9991	-004.7957
Discharging:	04290.00	03.9574	-0.9991	-004.8287
Discharging:	04320.00	03.9565	-0.9991	-004.8616
Discharging:	04350.00	03.9557	-0.9991	-004.8945
Discharging:	04380.00	03.9548	-0.9991	-004.9275
Discharging:	04410.00	03.9541	-0.9991	-004.9604
Discharging:	04440.00	03.9532	-0.9991	-004.9933
Discharging:	04470.00	03.9524	-0.9991	-005.0262
Discharging:	04500.00	03.9515	-0.9991	-005.0591
Discharging:	04530.00	03.9507	-0.9991	-005.0920
Discharging:	04560.00	03.9499	-0.9991	-005.1249
Discharging:	04590.00	03.9491	-0.9991	-005.1578
Discharging:	04620.00	03.9484	-0.9991	-005.1907
Discharging:	04650.00	03.9475	-0.9991	-005.2235
Discharging:	04680.00	03.9467	-0.9991	-005.2564
Discharging:	04710.00	03.9459	-0.9991	-005.2892
Discharging:	04740.00	03.9451	-0.9991	-005.3221
Discharging:	04770.00	03.9443	-0.9991	-005.3549
Discharging:	04800.00	03.9435	-0.9991	-005.3878
Discharging:	04830.00	03.9426	-0.9991	-005.4206
Discharging:	04860.00	03.9418	-0.9991	-005.4534
Discharging:	04890.00	03.9410	-0.9991	-005.4862
Discharging:	04920.00	03.9402	-0.9991	-005.5190
Discharging:	04950.00	03.9393	-0.9991	-005.5518
Discharging:	04980.00	03.9384	-0.9991	-005.5846
Discharging:	05010.00	03.9376	-0.9991	-005.6174
Discharging:	05040.00	03.9367	-0.9991	-005.6502
Discharging:	05070.00	03.9358	-0.9991	-005.6829
Discharging:	05100.00	03.9349	-0.9991	-005.7157
Discharging:	05130.00	03.9340	-0.9992	-005.7485
Discharging:	05160.00	03.9331	-0.9991	-005.7812
Discharging:	05190.00	03.9323	-0.9991	-005.8139
Discharging:	05220.00	03.9313	-0.9991	-005.8467
Discharging:	05250.00	03.9304	-0.9991	-005.8794
Discharging:	05280.00	03.9294	-0.9991	-005.9121
Discharging:	05310.00	03.9285	-0.9991	-005.9448
Discharging:	05340.00	03.9275	-0.9991	-005.9775
Discharging:	05370.00	03.9265	-0.9991	-006.0102
Discharging:	05400.00	03.9255	-0.9991	-006.0429
Discharging:	05430.00	03.9245	-0.9991	-006.0756
Discharging:	05460.00	03.9235	-0.9991	-006.1083
Discharging:	05490.00	03.9225	-0.9991	-006.1409
Discharging:	05520.00	03.9214	-0.9991	-006.1736
Discharging:	05550.00	03.9203	-0.9991	-006.2062
Discharging:	05580.00	03.9193	-0.9991	-006.2388
Discharging:	05610.00	03.9183	-0.9991	-006.2715
Discharging:	05640.00	03.9172	-0.9991	-006.3041
Discharging:	05670.00	03.9161	-0.9991	-006.3367
Discharging:	05700.00	03.9150	-0.9991	-006.3693
Discharging:	05730.00	03.9139	-0.9991	-006.4019
Discharging:	05760.00	03.9129	-0.9991	-006.4344
Discharging:	05790.00	03.9118	-0.9991	-006.4670
Discharging:	05820.00	03.9106	-0.9991	-006.4996
Discharging:	05850.00	03.9095	-0.9991	-006.5321
Discharging:	05880.00	03.9084	-0.9991	-006.5647
Discharging:	05910.00	03.9073	-0.9991	-006.5972
Discharging:	05940.00	03.9061	-0.9991	-006.6297
Discharging:	05970.00	03.9049	-0.9991	-006.6622
Discharging:	06000.00	03.9038	-0.9991	-006.6947
Discharging:	06030.00	03.9027	-0.9991	-006.7272
Discharging:	06060.00	03.9015	-0.9991	-006.7597
Discharging:	06090.00	03.9004	-0.9992	-006.7922
Discharging:	06120.00	03.8992	-0.9991	-006.8247
Discharging:	06150.00	03.8980	-0.9991	-006.8571
Discharging:	06180.00	03.8969	-0.9991	-006.8896
Discharging:	06210.00	03.8958	-0.9991	-006.9220
Discharging:	06240.00	03.8946	-0.9991	-006.9544
Discharging:	06270.00	03.8935	-0.9991	-006.9868
Discharging:	06300.00	03.8923	-0.9991	-007.0192
Discharging:	06330.00	03.8912	-0.9991	-007.0516
Discharging:	06360.00	03.8901	-0.9991	-007.0840
Discharging:	06390.00	03.8890	-0.9991	-007.1164
Discharging:	06420.00	03.8878	-0.9991	-007.1488
Discharging:	06450.00	03.8866	-0.9991	-007.1811
Discharging:	06480.00	03.8854	-0.9991	-007.2135
Discharging:	06510.00	03.8843	-0.9991	-007.2458
Discharging:	06540.00	03.8831	-0.9991	-007.2782
Discharging:	06570.00	03.8820	-0.9991	-007.3105
Discharging:	06600.00	03.8808	-0.9991	-007.3428
Discharging:	06630.00	03.8796	-0.9991	-007.3751
Discharging:	06660.00	03.8785	-0.9991	-007.4074
Discharging:	06690.00	03.8774	-0.9991	-007.4397
Discharging:	06720.00	03.8762	-0.9991	-007.4720
Discharging:	06750.00	03.8751	-0.9991	-007.5042
Discharging:	06780.00	03.8740	-0.9991	-007.5365
Discharging:	06810.00	03.8729	-0.9991	-007.5687
Discharging:	06840.00	03.8718	-0.9992	-007.6010
Discharging:	06870.00	03.8707	-0.9991	-007.6332
Discharging:	06900.00	03.8696	-0.9991	-007.6654
Discharging:	06930.00	03.8685	-0.9991	-007.6976
Discharging:	06960.00	03.8674	-0.9991	-007.7298
Discharging:	06990.00	03.8664	-0.9992	-007.7620
Discharging:	07020.00	03.8653	-0.9991	-007.7942
Discharging:	07050.00	03.8641	-0.9991	-007.8264
Discharging:	07080.00	03.8631	-0.9991	-007.8585
Discharging:	07110.00	03.8621	-0.9991	-007.8907
Discharging:	07140.00	03.8611	-0.9991	-007.9228
Discharging:	07170.00	03.8602	-0.9991	-007.9550
Discharging:	07200.00	03.8591	-0.9991	-007.9871
Discharging:	07230.00	03.8582	-0.9991	-008.0192
Discharging:	07260.00	03.8572	-0.9991	-008.0513
Discharging:	07290.00	03.8562	-0.9991	-008.0834
Discharging:	07320.00	03.8553	-0.9991	-008.1155
Discharging:	07350.00	03.8544	-0.9991	-008.1476
Discharging:	07380.00	03.8535	-0.9991	-008.1797
Discharging:	07410.00	03.8526	-0.9991	-008.2118
Discharging:	07440.00	03.8517	-0.9991	-008.2439
Discharging:	07470.00	03.8508	-0.9991	-008.2759
Discharging:	07500.00	03.8499	-0.9991	-008.3080
Discharging:	07530.00	03.8492	-0.9991	-008.3400
Discharging:	07560.00	03.8483	-0.9991	-008.3721
Discharging:	07590.00	03.8474	-0.9991	-008.4041
Discharging:	07620.00	03.8466	-0.9991	-008.4361
Discharging:	07650.00	03.8457	-0.9991	-008.4682
Discharging:	07680.00	03.8449	-0.9991	-008.5002
Discharging:	07710.00	03.8441	-0.9991	-008.5322
Discharging:	07740.00	03.8433	-0.9991	-008.5642
Discharging:	07770.00	03.8424	-0.9991	-008.5962
Discharging:	07800.00	03.8416	-0.9991	-008.6281
Discharging:	07830.00	03.8409	-0.9991	-008.6601
Discharging:	07860.00	03.8401	-0.9991	-008.6921
Discharging:	07890.00	03.8393	-0.9991	-008.7241
Discharging:	07920.00	03.8385	-0.9991	-008.7560
Discharging:	07950.00	03.8377	-0.9991	-008.7880
Discharging:	07980.00	03.8369	-0.9991	-008.8199
Discharging:	08010.00	03.8362	-0.9991	-008.8519
Discharging:	08040.00	03.8354	-0.9991	-008.8838
Discharging:	08070.00	03.8346	-0.9991	-008.9157
Discharging:	08100.00	03.8339	-0.9991	-008.9476
Discharging:	08130.00	03.8331	-0.9991	-008.9796
Discharging:	08160.00	03.8324	-0.9991	-009.0115
Discharging:	08190.00	03.8317	-0.9991	-009.0434
Discharging:	08220.00	03.8309	-0.9991	-009.0753
Discharging:	08250.00	03.8302	-0.9991	-009.1072
Discharging:	08280.00	03.8295	-0.9991	-009.1390
Discharging:	08310.00	03.8288	-0.9991	-009.1709
Discharging:	08340.00	03.8280	-0.9991	-009.2028
Discharging:	08370.00	03.8273	-0.9991	-009.2347
Discharging:	08400.00	03.8266	-0.9991	-009.2665
Discharging:	08430.00	03.8259	-0.9991	-009.2984
Discharging:	08460.00	03.8253	-0.9991	-009.3302
Discharging:	08490.00	03.8246	-0.9991	-009.3621
Discharging:	08520.00	03.8239	-0.9991	-009.3939
Discharging:	08550.00	03.8232	-0.9991	-009.4257
Discharging:	08580.00	03.8225	-0.9991	-009.4576
Discharging:	08610.00	03.8218	-0.9991	-009.4894
Discharging:	08640.00	03.8211	-0.9991	-009.5212
Discharging:	08670.00	03.8205	-0.9991	-009.5530
Discharging:	08700.00	03.8198	-0.9991	-009.5848
Discharging:	08730.00	03.8192	-0.9991	-009.6166
Discharging:	08760.00	03.8185	-0.9991	-009.6484
Discharging:	08790.00	03.8178	-0.9991	-009.6802
Discharging:	08820.00	03.8172	-0.9991	-009.7120
Discharging:	08850.00	03.8165	-0.9991	-009.7438
Discharging:	08880.00	03.8159	-0.9991	-009.7755
Discharging:	08910.00	03.8152	-0.9991	-009.8073
Discharging:	08940.00	03.8146	-0.9991	-009.8391
Discharging:	08970.00	03.8140	-0.9991	-009.8708
Discharging:	09000.00	03.8133	-0.9991	-009.9026
Discharging:	09030.00	03.8127	-0.9991	-009.9343
Discharging:	09060.00	03.8121	-0.9991	-009.9660
Discharging:	09090.00	03.8115	-0.9991	-009.9978
Discharging:	09120.00	03.8108	-0.9992	-010.0295
Discharging:	09150.00	03.8102	-0.9991	-010.0612
Discharging:	09180.00	03.8096	-0.9991	-010.0929
Discharging:	09210.00	03.8090	-0.9991	-010.1247
Discharging:	09240.00	03.8084	-0.9991	-010.1564
Discharging:	09270.00	03.8079	-0.9991	-010.1881
Discharging:	09300.00	03.8072	-0.9991	-010.2198
Discharging:	09330.00	03.8067	-0.9991	-010.2515
Discharging:	09360.00	03.8061	-0.9991	-010.2832
Discharging:	09390.00	03.8055	-0.9991	-010.3148
Discharging:	09420.00	03.8049	-0.9991	-010.3465
Discharging:	09450.00	03.8042	-0.9991	-010.3782
Discharging:	09480.00	03.8037	-0.9991	-010.4099
Discharging:	09510.00	03.8031	-0.9991	-010.4415
Discharging:	09540.00	03.8025	-0.9991	-010.4732
Discharging:	09570.00	03.8019	-0.9991	-010.5048
Discharging:	09600.00	03.8013	-0.9991	-010.5365
Discharging:	09630.00	03.8008	-0.9991	-010.5681
Discharging:	09660.00	03.8001	-0.9991	-010.5998
Discharging:	09690.00	03.7996	-0.9991	-010.6314
Discharging:	09720.00	03.7990	-0.9992	-010.6630
Discharging:	09750.00	03.7984	-0.9991	-010.6947
Discharging:	09780.00	03.7978	-0.9991	-010.7263
Discharging:	09810.00	03.7972	-0.9991	-010.7579
Discharging:	09840.00	03.7967	-0.9991	-010.7895
Discharging:	09870.00	03.7961	-0.9991	-010.8211
Discharging:	09900.00	03.7955	-0.9991	-010.8527
Discharging:	09930.00	03.7950	-0.9991	-010.8843
Discharging:	09960.00	03.7944	-0.9991	-010.9159
Discharging:	09990.00	03.7938	-0.9991	-010.9475
Discharging:	10020.00	03.7933	-0.9991	-010.9791
Discharging:	10050.00	03.7927	-0.9991	-011.0107
Discharging:	10080.00	03.7922	-0.9991	-011.0422
Discharging:	10110.00	03.7916	-0.9991	-011.0738
Discharging:	10140.00	03.7910	-0.9991	-011.1054
Discharging:	10170.00	03.7905	-0.9991	-011.1369
Discharging:	10200.00	03.7899	-0.9991	-011.1685
Discharging:	10230.00	03.7893	-0.9991	-011.2000
Discharging:	10260.00	03.7888	-0.9991	-011.2316
Discharging:	10290.00	03.7882	-0.9991	-011.2631
Discharging:	10320.00	03.7878	-0.9991	-011.2947
Discharging:	10350.00	03.7872	-0.9991	-011.3262
Discharging:	10380.00	03.7866	-0.9991	-011.3577
Discharging:	10410.00	03.7861	-0.9991	-011.3892
Discharging:	10440.00	03.7855	-0.9991	-011.4208
Discharging:	10470.00	03.7850	-0.9991	-011.4523
Discharging:	10500.00	03.7845	-0.9991	-011.4838
Discharging:	10530.00	03.7839	-0.9991	-011.5153
Discharging:	10560.00	03.7833	-0.9991	-011.5468
Discharging:	10590.00	03.7828	-0.9991	-011.5783
Discharging:	10620.00	03.7823	-0.9991	-011.6098
Discharging:	10650.00	03.7818	-0.9991	-011.6413
Discharging:	10680.00	03.7812	-0.9991	-011.6727
Discharging:	10710.00	03.7807	-0.9991	-011.7042
Discharging:	10740.00	03.7801	-0.9991	-011.7357
Discharging:	10770.00	03.7796	-0.9991	-011.7672
Discharging:	10800.00	03.7791	-0.9991	-011.7986
Discharging:	10830.00	03.7786	-0.9991	-011.8301
Discharging:	10860.00	03.7780	-0.9991	-011.8615
Discharging:	10890.00	03.7775	-0.9991	-011.8930
Discharging:	10920.00	03.7770	-0.9991	-011.9244
Discharging:	10950.00	03.7765	-0.9991	-011.9559
Discharging:	10980.00	03.7759	-0.9991	-011.9873
Discharging:	11010.00	03.7754	-0.9991	-012.0188
Discharging:	11040.00	03.7750	-0.9991	-012.0502
Discharging:	11070.00	03.7744	-0.9991	-012.0816
Discharging:	11100.00	03.7739	-0.9991	-012.1130
Discharging:	11130.00	03.7734	-0.9991	-012.1445
Discharging:	11160.00	03.7728	-0.9991	-012.1759
Discharging:	11190.00	03.7723	-0.9991	-012.2073
Discharging:	11220.00	03.7719	-0.9991	-012.2387
Discharging:	11250.00	03.7713	-0.9991	-012.2701
Discharging:	11280.00	03.7708	-0.9991	-012.3015
Discharging:	11310.00	03.7703	-0.9991	-012.3329
Discharging:	11340.00	03.7698	-0.9991	-012.3643
Discharging:	11370.00	03.7693	-0.9991	-012.3956
Discharging:	11400.00	03.7688	-0.9991	-012.4270
Discharging:	11430.00	03.7683	-0.9991	-012.4584
Discharging:	11460.00	03.7678	-0.9991	-012.4898
Discharging:	11490.00	03.7673	-0.9991	-012.5211
Discharging:	11520.00	03.7669	-0.9991	-012.5525
Discharging:	11550.00	03.7664	-0.9991	-012.5839
Discharging:	11580.00	03.7660	-0.9991	-012.6152
Discharging:	11610.00	03.7654	-0.9991	-012.6466
Discharging:	11640.00	03.7649	-0.9991	-012.6779
Discharging:	11670.00	03.7645	-0.9991	-012.7093
Discharging:	11700.00	03.7640	-0.9991	-012.7406
Discharging:	11730.00	03.7635	-0.9991	-012.7719
Discharging:	11760.00	03.7630	-0.9991	-012.8033
Discharging:	11790.00	03.7625	-0.9991	-012.8346
Discharging:	11820.00	03.7620	-0.9991	-012.8659
Discharging:	11850.00	03.7616	-0.9991	-012.8972
Discharging:	11880.00	03.7611	-0.9991	-012.9285
Discharging:	11910.00	03.7606	-0.9991	-012.9599
Discharging:	11940.00	03.7601	-0.9991	-012.9912
Discharging:	11970.00	03.7596	-0.9991	-013.0225
Discharging:	12000.00	03.7591	-0.9991	-013.0538
Discharging:	12030.00	03.7586	-0.9991	-013.0851
Discharging:	12060.00	03.7581	-0.9991	-013.1163
Discharging:	12090.00	03.7577	-0.9991	-013.1476
Discharging:	12120.00	03.7572	-0.9991	-013.1789
Discharging:	12150.00	03.7567	-0.9991	-013.2102
Discharging:	12180.00	03.7562	-0.9991	-013.2415
Discharging:	12210.00	03.7557	-0.9991	-013.2727
Discharging:	12240.00	03.7553	-0.9991	-013.3040
Discharging:	12270.00	03.7548	-0.9991	-013.3353
Discharging:	12300.00	03.7543	-0.9991	-013.3665
Discharging:	12330.00	03.7538	-0.9991	-013.3978
Discharging:	12360.00	03.7533	-0.9991	-013.4290
Discharging:	12390.00	03.7528	-0.9991	-013.4603
Discharging:	12420.00	03.7523	-0.9991	-013.4915
Discharging:	12450.00	03.7518	-0.9991	-013.5228
Discharging:	12480.00	03.7513	-0.9991	-013.5540
Discharging:	12510.00	03.7508	-0.9991	-013.5852
Discharging:	12540.00	03.7504	-0.9991	-013.6164
Discharging:	12570.00	03.7499	-0.9991	-013.6477
Discharging:	12600.00	03.7494	-0.9991	-013.6789
Discharging:	12630.00	03.7489	-0.9991	-013.7101
Discharging:	12660.00	03.7484	-0.9991	-013.7413
Discharging:	12690.00	03.7479	-0.9991	-013.7725
Discharging:	12720.00	03.7474	-0.9991	-013.8037
Discharging:	12750.00	03.7469	-0.9991	-013.8349
Discharging:	12780.00	03.7465	-0.9991	-013.8661
Discharging:	12810.00	03.7459	-0.9991	-013.8973
Discharging:	12840.00	03.7454	-0.9991	-013.9285
Discharging:	12870.00	03.7450	-0.9991	-013.9596
Discharging:	12900.00	03.7445	-0.9991	-013.9908
Discharging:	12930.00	03.7440	-0.9991	-014.0220
Discharging:	12960.00	03.7435	-0.9991	-014.0532
Discharging:	12990.00	03.7431	-0.9991	-014.0843
Discharging:	13020.00	03.7426	-0.9991	-014.1155
Discharging:	13050.00	03.7421	-0.9991	-014.1466
Discharging:	13080.00	03.7416	-0.9991	-014.1778
Discharging:	13110.00	03.7412	-0.9991	-014.2090
Discharging:	13140.00	03.7408	-0.9991	-014.2401
Discharging:	13170.00	03.7403	-0.9991	-014.2712
Discharging:	13200.00	03.7398	-0.9991	-014.3024
Discharging:	13230.00	03.7394	-0.9991	-014.3335
Discharging:	13260.00	03.7390	-0.9991	-014.3646
Discharging:	13290.00	03.7385	-0.9991	-014.3958
Discharging:	13320.00	03.7381	-0.9991	-014.4269
Discharging:	13350.00	03.7376	-0.9991	-014.4580
Discharging:	13380.00	03.7371	-0.9991	-014.4891
Discharging:	13410.00	03.7367	-0.9991	-014.5202
Discharging:	13440.00	03.7363	-0.9991	-014.5513
Discharging:	13470.00	03.7359	-0.9991	-014.5824
Discharging:	13500.00	03.7355	-0.9991	-014.6135
Discharging:	13530.00	03.7350	-0.9991	-014.6446
Discharging:	13560.00	03.7346	-0.9991	-014.6757
Discharging:	13590.00	03.7342	-0.9991	-014.7068
Discharging:	13620.00	03.7338	-0.9991	-014.7379
Discharging:	13650.00	03.7334	-0.9991	-014.7690
Discharging:	13680.00	03.7329	-0.9991	-014.8001
Discharging:	13710.00	03.7325	-0.9991	-014.8312
Discharging:	13740.00	03.7321	-0.9991	-014.8622
Discharging:	13770.00	03.7317	-0.9991	-014.8933
Discharging:	13800.00	03.7313	-0.9991	-014.9244
Discharging:	13830.00	03.7310	-0.9991	-014.9554
Discharging:	13860.00	03.7306	-0.9991	-014.9865
Discharging:	13890.00	03.7302	-0.9991	-015.0176
Discharging:	13920.00	03.7298	-0.9991	-015.0486
Discharging:	13950.00	03.7294	-0.9991	-015.0797
Discharging:	13980.00	03.7290	-0.9991	-015.1107
Discharging:	14010.00	03.7286	-0.9991	-015.1418
Discharging:	14040.00	03.7283	-0.9991	-015.1728
Discharging:	14070.00	03.7279	-0.9991	-015.2038
Discharging:	14100.00	03.7275	-0.9991	-015.2349
Discharging:	14130.00	03.7271	-0.9991	-015.2659
Discharging:	14160.00	03.7267	-0.9991	-015.2969
Discharging:	14190.00	03.7263	-0.9991	-015.3279
Discharging:	14220.00	03.7259	-0.9991	-015.3590
Discharging:	14250.00	03.7255	-0.9991	-015.3900
Discharging:	14280.00	03.7251	-0.9991	-015.4210
Discharging:	14310.00	03.7247	-0.9991	-015.4520
Discharging:	14340.00	03.7243	-0.9991	-015.4830
Discharging:	14370.00	03.7239	-0.9991	-015.5140
Discharging:	14400.00	03.7235	-0.9991	-015.5450
Discharging:	14430.00	03.7231	-0.9991	-015.5760
Discharging:	14460.00	03.7227	-0.9991	-015.6070
Discharging:	14490.00	03.7222	-0.9991	-015.6380
Discharging:	14520.00	03.7218	-0.9991	-015.6690
Discharging:	14550.00	03.7214	-0.9991	-015.7000
Discharging:	14580.00	03.7209	-0.9991	-015.7310
Discharging:	14610.00	03.7205	-0.9991	-015.7619
Discharging:	14640.00	03.7200	-0.9991	-015.7929
Discharging:	14670.00	03.7196	-0.9991	-015.8239
Discharging:	14700.00	03.7191	-0.9991	-015.8549
Discharging:	14730.00	03.7187	-0.9991	-015.8858
Discharging:	14760.00	03.7182	-0.9991	-015.9168
Discharging:	14790.00	03.7177	-0.9991	-015.9477
Discharging:	14820.00	03.7172	-0.9991	-015.9787
Discharging:	14850.00	03.7167	-0.9991	-016.0096
Discharging:	14880.00	03.7162	-0.9991	-016.0406
Discharging:	14910.00	03.7157	-0.9991	-016.0715
Discharging:	14940.00	03.7152	-0.9991	-016.1024
Discharging:	14970.00	03.7147	-0.9991	-016.1334
Discharging:	15000.00	03.7142	-0.9991	-016.1643
Discharging:	15030.00	03.7137	-0.9991	-016.1952
Discharging:	15060.00	03.7131	-0.9991	-016.2261
Discharging:	15090.00	03.7126	-0.9991	-016.2570
Discharging:	15120.00	03.7120	-0.9991	-016.2879
Discharging:	15150.00	03.7115	-0.9991	-016.3188
Discharging:	15180.00	03.7109	-0.9991	-016.3497
Discharging:	15210.00	03.7104	-0.9991	-016.3806
Discharging:	15240.00	03.7098	-0.9991	-016.4115
Discharging:	15270.00	03.7092	-0.9991	-016.4424
Discharging:	15300.00	03.7087	-0.9991	-016.4733
Discharging:	15330.00	03.7081	-0.9991	-016.5042
Discharging:	15360.00	03.7075	-0.9991	-016.5350
Discharging:	15390.00	03.7069	-0.9991	-016.5659
Discharging:	15420.00	03.7064	-0.9991	-016.5967
Discharging:	15450.00	03.7058	-0.9991	-016.6276
Discharging:	15480.00	03.7052	-0.9991	-016.6585
Discharging:	15510.00	03.7046	-0.9992	-016.6893
Discharging:	15540.00	03.7040	-0.9991	-016.7201
Discharging:	15570.00	03.7034	-0.9991	-016.7510
Discharging:	15600.00	03.7028	-0.9991	-016.7818
Discharging:	15630.00	03.7022	-0.9991	-016.8126
Discharging:	15660.00	03.7016	-0.9991	-016.8434
Discharging:	15690.00	03.7010	-0.9991	-016.8743
Discharging:	15720.00	03.7004	-0.9991	-016.9051
Discharging:	15750.00	03.6998	-0.9991	-016.9359
Discharging:	15780.00	03.6993	-0.9991	-016.9667
Discharging:	15810.00	03.6987	-0.9991	-016.9975
Discharging:	15840.00	03.6981	-0.9991	-017.0283
Discharging:	15870.00	03.6975	-0.9991	-017.0590
Discharging:	15900.00	03.6969	-0.9991	-017.0898
Discharging:	15930.00	03.6962	-0.9991	-017.1206
Discharging:	15960.00	03.6956	-0.9991	-017.1514
Discharging:	15990.00	03.6950	-0.9991	-017.1821
Discharging:	16020.00	03.6944	-0.9991	-017.2129
Discharging:	16050.00	03.6938	-0.9991	-017.2436
Discharging:	16080.00	03.6931	-0.9991	-017.2744
Discharging:	16110.00	03.6925	-0.9991	-017.3051
Discharging:	16140.00	03.6919	-0.9991	-017.3359
Discharging:	16170.00	03.6912	-0.9991	-017.3666
Discharging:	16200.00	03.6904	-0.9991	-017.3973
Discharging:	16230.00	03.6898	-0.9991	-017.4281
Discharging:	16260.00	03.6890	-0.9991	-017.4588
Discharging:	16290.00	03.6884	-0.9991	-017.4895
Discharging:	16320.00	03.6876	-0.9991	-017.5202
Discharging:	16350.00	03.6869	-0.9991	-017.5509
Discharging:	16380.00	03.6861	-0.9991	-017.5816
Discharging:	16410.00	03.6852	-0.9991	-017.6123
Discharging:	16440.00	03.6845	-0.9991	-017.6429
Discharging:	16470.00	03.6837	-0.9991	-017.6736
Discharging:	16500.00	03.6828	-0.9991	-017.7043
Discharging:	16530.00	03.6819	-0.9991	-017.7349
Discharging:	16560.00	03.6809	-0.9991	-017.7656
Discharging:	16590.00	03.6799	-0.9991	-017.7962
Discharging:	16620.00	03.6789	-0.9991	-017.8268
Discharging:	16650.00	03.6780	-0.9991	-017.8575
Discharging:	16680.00	03.6770	-0.9991	-017.8881
Discharging:	16710.00	03.6760	-0.9991	-017.9187
Discharging:	16740.00	03.6751	-0.9991	-017.9493
Discharging:	16770.00	03.6742	-0.9991	-017.9799
Discharging:	16800.00	03.6734	-0.9991	-018.0105
Discharging:	16830.00	03.6727	-0.9991	-018.0410
Discharging:	16860.00	03.6719	-0.9991	-018.0716
Discharging:	16890.00	03.6713	-0.9991	-018.1022
Discharging:	16920.00	03.6706	-0.9991	-018.1327
Discharging:	16950.00	03.6700	-0.9991	-018.1633
Discharging:	16980.00	03.6694	-0.9991	-018.1939
Discharging:	17010.00	03.6688	-0.9991	-018.2244
Discharging:	17040.00	03.6683	-0.9991	-018.2549
Discharging:	17070.00	03.6679	-0.9991	-018.2855
Discharging:	17100.00	03.6674	-0.9991	-018.3160
Discharging:	17130.00	03.6668	-0.9991	-018.3465
Discharging:	17160.00	03.6664	-0.9991	-018.3771
Discharging:	17190.00	03.6659	-0.9991	-018.4076
Discharging:	17220.00	03.6654	-0.9991	-018.4381
Discharging:	17250.00	03.6649	-0.9991	-018.4686
Discharging:	17280.00	03.6644	-0.9991	-018.4991
Discharging:	17310.00	03.6640	-0.9991	-018.5296
Discharging:	17340.00	03.6635	-0.9991	-018.5601
Discharging:	17370.00	03.6630	-0.9991	-018.5906
Discharging:	17400.00	03.6624	-0.9991	-018.6211
Discharging:	17430.00	03.6618	-0.9991	-018.6516
Discharging:	17460.00	03.6613	-0.9991	-018.6821
Discharging:	17490.00	03.6607	-0.9991	-018.7126
Discharging:	17520.00	03.6601	-0.9991	-018.7431
Discharging:	17550.00	03.6594	-0.9991	-018.7735
Discharging:	17580.00	03.6587	-0.9991	-018.8040
Discharging:	17610.00	03.6581	-0.9991	-018.8344
Discharging:	17640.00	03.6573	-0.9991	-018.8649
Discharging:	17670.00	03.6565	-0.9991	-018.8953
Discharging:	17700.00	03.6556	-0.9991	-018.9258
Discharging:	17730.00	03.6547	-0.9991	-018.9562
Discharging:	17760.00	03.6536	-0.9991	-018.9866
Discharging:	17790.00	03.6526	-0.9991	-019.0170
Discharging:	17820.00	03.6515	-0.9991	-019.0474
Discharging:	17850.00	03.6502	-0.9991	-019.0778
Discharging:	17880.00	03.6488	-0.9991	-019.1082
Discharging:	17910.00	03.6473	-0.9991	-019.1386
Discharging:	17940.00	03.6457	-0.9991	-019.1689
Discharging:	17970.00	03.6439	-0.9991	-019.1993
Discharging:	18000.00	03.6421	-0.9991	-019.2296
Discharging:	18030.00	03.6400	-0.9991	-019.2599
Discharging:	18060.00	03.6376	-0.9991	-019.2902
Discharging:	18090.00	03.6350	-0.9991	-019.3205
Discharging:	18120.00	03.6322	-0.9991	-019.3507
Discharging:	18150.00	03.6291	-0.9991	-019.3809
Discharging:	18180.00	03.6258	-0.9991	-019.4111
Discharging:	18210.00	03.6224	-0.9991	-019.4413
Discharging:	18240.00	03.6187	-0.9991	-019.4714
Discharging:	18270.00	03.6147	-0.9991	-019.5015
Discharging:	18300.00	03.6106	-0.9991	-019.5315
Discharging:	18330.00	03.6063	-0.9991	-019.5616
Discharging:	18360.00	03.6017	-0.9991	-019.5916
Discharging:	18390.00	03.5970	-0.9991	-019.6215
Discharging:	18420.00	03.5922	-0.9991	-019.6514
Discharging:	18450.00	03.5871	-0.9991	-019.6813
Discharging:	18480.00	03.5818	-0.9991	-019.7111
Discharging:	18510.00	03.5763	-0.9991	-019.7409
Discharging:	18540.00	03.5707	-0.9991	-019.7706
Discharging:	18570.00	03.5649	-0.9991	-019.8003
Discharging:	18600.00	03.5588	-0.9991	-019.8299
Discharging:	18630.00	03.5526	-0.9991	-019.8595
Discharging:	18660.00	03.5463	-0.9991	-019.8890
Discharging:	18690.00	03.5397	-0.9991	-019.9185
Discharging:	18720.00	03.5329	-0.9991	-019.9479
Discharging:	18750.00	03.5259	-0.9991	-019.9773
Discharging:	18780.00	03.5186	-0.9991	-020.0066
Discharging:	18810.00	03.5109	-0.9991	-020.0358
Discharging:	18840.00	03.5032	-0.9991	-020.0650
Discharging:	18870.00	03.4952	-0.9991	-020.0941
Discharging:	18900.00	03.4869	-0.9991	-020.1231
Discharging:	18930.00	03.4783	-0.9991	-020.1521
Discharging:	18960.00	03.4696	-0.9991	-020.1809
Discharging:	18990.00	03.4604	-0.9991	-020.2098
Discharging:	19020.00	03.4510	-0.9991	-020.2385
Discharging:	19050.00	03.4410	-0.9991	-020.2671
Discharging:	19080.00	03.4307	-0.9991	-020.2957
Discharging:	19110.00	03.4198	-0.9991	-020.3242
Discharging:	19140.00	03.4087	-0.9991	-020.3526
Discharging:	19170.00	03.3969	-0.9991	-020.3808
Discharging:	19200.00	03.3846	-0.9991	-020.4090
Discharging:	19230.00	03.3717	-0.9991	-020.4371
Discharging:	19260.00	03.3579	-0.9991	-020.4650
Discharging:	19290.00	03.3436	-0.9991	-020.4929
Discharging:	19320.00	03.3281	-0.9991	-020.5206
Discharging:	19350.00	03.3118	-0.9991	-020.5482
Discharging:	19380.00	03.2946	-0.9991	-020.5756
Discharging:	19410.00	03.2760	-0.9991	-020.6029
Discharging:	19440.00	03.2561	-0.9991	-020.6300
Discharging:	19470.00	03.2347	-0.9991	-020.6569
Discharging:	19500.00	03.2113	-0.9991	-020.6837
Discharging:	19530.00	03.1858	-0.9991	-020.7102
Discharging:	19560.00	03.1574	-0.9991	-020.7365
Discharging:	19590.00	03.1255	-0.9991	-020.7625
Discharging:	19620.00	03.0890	-0.9991	-020.7882
Discharging:	19650.00	03.0479	-0.9991	-020.8136
Discharging:	19680.00	03.0004	-0.9991	-020.8386
Discharging:	19710.00	02.9502	-0.8087	-020.8584
Recharging:	00030.00	02.9813	01.0000	0000.0248
Recharging:	00060.00	03.0882	00.9997	0000.0506
Recharging:	00090.00	03.1493	00.9997	0000.0768
Recharging:	00120.00	03.1969	00.9997	0000.1034
Recharging:	00150.00	03.2355	00.9997	0000.1304
Recharging:	00180.00	03.2679	00.9997	0000.1576
Recharging:	00210.00	03.2960	00.9997	0000.1851
Recharging:	00240.00	03.3210	00.9996	0000.2127
Recharging:	00270.00	03.3439	00.9997	0000.2406
Recharging:	00300.00	03.3645	00.9997	0000.2686
Recharging:	00330.00	03.3834	00.9996	0000.2968
Recharging:	00360.00	03.4008	00.9997	0000.3251
Recharging:	00390.00	03.4170	00.9997	0000.3536
Recharging:	00420.00	03.4322	00.9996	0000.3822
Recharging:	00450.00	03.4463	00.9997	0000.4109
Recharging:	00480.00	03.4597	00.9996	0000.4397
Recharging:	00510.00	03.4723	00.9997	0000.4686
Recharging:	00540.00	03.4840	00.9997	0000.4977
Recharging:	00570.00	03.4954	00.9996	0000.5268
Recharging:	00600.00	03.5063	00.9996	0000.5560
Recharging:	00630.00	03.5167	00.9997	0000.5853
Recharging:	00660.00	03.5267	00.9997	0000.6147
Recharging:	00690.00	03.5363	00.9997	0000.6441
Recharging:	00720.00	03.5453	00.9996	0000.6737
Recharging:	00750.00	03.5541	00.9996	0000.7033
Recharging:	00780.00	03.5625	00.9997	0000.7330
Recharging:	00810.00	03.5707	00.9997	0000.7627
Recharging:	00840.00	03.5785	00.9997	0000.7925
Recharging:	00870.00	03.5861	00.9997	0000.8224
Recharging:	00900.00	03.5934	00.9997	0000.8523
Recharging:	00930.00	03.6006	00.9996	0000.8823
Recharging:	00960.00	03.6073	00.9996	0000.9124
Recharging:	00990.00	03.6141	00.9997	0000.9425
Recharging:	01020.00	03.6205	00.9997	0000.9726
Recharging:	01050.00	03.6267	00.9997	0001.0028
Recharging:	01080.00	03.6328	00.9997	0001.0331
Recharging:	01110.00	03.6387	00.9996	0001.0634
Recharging:	01140.00	03.6442	00.9997	0001.0938
Recharging:	01170.00	03.6498	00.9996	0001.1242
Recharging:	01200.00	03.6553	00.9996	0001.1546
Recharging:	01230.00	03.6606	00.9997	0001.1851
Recharging:	01260.00	03.6656	00.9996	0001.2157
Recharging:	01290.00	03.6707	00.9996	0001.2462
Recharging:	01320.00	03.6756	00.9997	0001.2769
Recharging:	01350.00	03.6804	00.9997	0001.3075
Recharging:	01380.00	03.6849	00.9997	0001.3382
Recharging:	01410.00	03.6894	00.9997	0001.3690
Recharging:	01440.00	03.6937	00.9997	0001.3997
Recharging:	01470.00	03.6979	00.9997	0001.4305
Recharging:	01500.00	03.7019	00.9996	0001.4614
Recharging:	01530.00	03.7057	00.9997	0001.4922
Recharging:	01560.00	03.7092	00.9997	0001.5231
Recharging:	01590.00	03.7125	00.9997	0001.5541
Recharging:	01620.00	03.7153	00.9997	0001.5850
Recharging:	01650.00	03.7178	00.9997	0001.6160
Recharging:	01680.00	03.7197	00.9997	0001.6470
Recharging:	01710.00	03.7212	00.9996	0001.6780
Recharging:	01740.00	03.7225	00.9997	0001.7090
Recharging:	01770.00	03.7235	00.9997	0001.7400
Recharging:	01800.00	03.7243	00.9997	0001.7710
Recharging:	01830.00	03.7252	00.9996	0001.8021
Recharging:	01860.00	03.7258	00.9997	0001.8331
Recharging:	01890.00	03.7264	00.9997	0001.8641
Recharging:	01920.00	03.7270	00.9997	0001.8952
Recharging:	01950.00	03.7276	00.9997	0001.9262
Recharging:	01980.00	03.7282	00.9997	0001.9573
Recharging:	02010.00	03.7287	00.9997	0001.9884
Recharging:	02040.00	03.7292	00.9997	0002.0194
Recharging:	02070.00	03.7298	00.9997	0002.0505
Recharging:	02100.00	03.7304	00.9997	0002.0816
Recharging:	02130.00	03.7309	00.9997	0002.1127
Recharging:	02160.00	03.7314	00.9997	0002.1437
Recharging:	02190.00	03.7320	00.9997	0002.1748
Recharging:	02220.00	03.7326	00.9997	0002.2059
Recharging:	02250.00	03.7332	00.9997	0002.2370
Recharging:	02280.00	03.7338	00.9997	0002.2681
Recharging:	02310.00	03.7344	00.9997	0002.2992
Recharging:	02340.00	03.7351	00.9996	0002.3303
Recharging:	02370.00	03.7357	00.9997	0002.3615
Recharging:	02400.00	03.7364	00.9997	0002.3926
Recharging:	02430.00	03.7371	00.9997	0002.4237
Recharging:	02460.00	03.7378	00.9997	0002.4549
Recharging:	02490.00	03.7385	00.9997	0002.4860
Recharging:	02520.00	03.7393	00.9997	0002.5172
Recharging:	02550.00	03.7401	00.9997	0002.5483
Recharging:	02580.00	03.7409	00.9997	0002.5795
Recharging:	02610.00	03.7417	00.9997	0002.6107
Recharging:	02640.00	03.7425	00.9997	0002.6418
Recharging:	02670.00	03.7433	00.9996	0002.6730
Recharging:	02700.00	03.7442	00.9997	0002.7042
Recharging:	02730.00	03.7451	00.9997	0002.7354
Recharging:	02760.00	03.7460	00.9997	0002.7666
Recharging:	02790.00	03.7469	00.9997	0002.7978
Recharging:	02820.00	03.7478	00.9996	0002.8290
Recharging:	02850.00	03.7487	00.9997	0002.8603
Recharging:	02880.00	03.7497	00.9996	0002.8915
Recharging:	02910.00	03.7508	00.9997	0002.9228
Recharging:	02940.00	03.7517	00.9997	0002.9540
Recharging:	02970.00	03.7527	00.9997	0002.9853
Recharging:	03000.00	03.7537	00.9997	0003.0165
Recharging:	03030.00	03.7547	00.9997	0003.0478
Recharging:	03060.00	03.7557	00.9997	0003.0791
Recharging:	03090.00	03.7568	00.9997	0003.1104
Recharging:	03120.00	03.7578	00.9997	0003.1417
Recharging:	03150.00	03.7588	00.9996	0003.1730
Recharging:	03180.00	03.7598	00.9997	0003.2043
Recharging:	03210.00	03.7609	00.9997	0003.2357
Recharging:	03240.00	03.7619	00.9997	0003.2670
Recharging:	03270.00	03.7629	00.9997	0003.2984
Recharging:	03300.00	03.7640	00.9997	0003.3297
Recharging:	03330.00	03.7650	00.9997	0003.3611
Recharging:	03360.00	03.7660	00.9997	0003.3925
Recharging:	03390.00	03.7670	00.9997	0003.4238
Recharging:	03420.00	03.7680	00.9997	0003.4552
Recharging:	03450.00	03.7690	00.9997	0003.4866
Recharging:	03480.00	03.7700	00.9997	0003.5180
Recharging:	03510.00	03.7710	00.9997	0003.5494
Recharging:	03540.00	03.7720	00.9997	0003.5809
Recharging:	03570.00	03.7729	00.9997	0003.6123
Recharging:	03600.00	03.7739	00.9997	0003.6437
Recharging:	03630.00	03.7749	00.9997	0003.6752
Recharging:	03660.00	03.7759	00.9996	0003.7066
Recharging:	03690.00	03.7768	00.9997	0003.7381
Recharging:	03720.00	03.7777	00.9997	0003.7696
Recharging:	03750.00	03.7786	00.9997	0003.8010
Recharging:	03780.00	03.7795	00.9997	0003.8325
Recharging:	03810.00	03.7804	00.9997	0003.8640
Recharging:	03840.00	03.7812	00.9997	0003.8955
Recharging:	03870.00	03.7821	00.9997	0003.9270
Recharging:	03900.00	03.7830	00.9997	0003.9585
Recharging:	03930.00	03.7838	00.9997	0003.9901
Recharging:	03960.00	03.7846	00.9997	0004.0216
Recharging:	03990.00	03.7854	00.9997	0004.0531
Recharging:	04020.00	03.7862	00.9997	0004.0847
Recharging:	04050.00	03.7870	00.9997	0004.1162
Recharging:	04080.00	03.7878	00.9997	0004.1478
Recharging:	04110.00	03.7885	00.9997	0004.1793
Recharging:	04140.00	03.7892	00.9997	0004.2109
Recharging:	04170.00	03.7900	00.9997	0004.2425
Recharging:	04200.00	03.7907	00.9997	0004.2740
Recharging:	04230.00	03.7915	00.9997	0004.3056
Recharging:	04260.00	03.7922	00.9997	0004.3372
Recharging:	04290.00	03.7929	00.9997	0004.3688
Recharging:	04320.00	03.7936	00.9997	0004.4004
Recharging:	04350.00	03.7943	00.9997	0004.4320
Recharging:	04380.00	03.7950	00.9997	0004.4636
Recharging:	04410.00	03.7957	00.9997	0004.4953
Recharging:	04440.00	03.7965	00.9997	0004.5269
Recharging:	04470.00	03.7972	00.9997	0004.5585
Recharging:	04500.00	03.7979	00.9997	0004.5902
Recharging:	04530.00	03.7987	00.9997	0004.6218
Recharging:	04560.00	03.7994	00.9997	0004.6535
Recharging:	04590.00	03.8002	00.9997	0004.6851
Recharging:	04620.00	03.8009	00.9997	0004.7168
Recharging:	04650.00	03.8016	00.9997	0004.7485
Recharging:	04680.00	03.8024	00.9997	0004.7801
Recharging:	04710.00	03.8031	00.9997	0004.8118
Recharging:	04740.00	03.8038	00.9997	0004.8435
Recharging:	04770.00	03.8045	00.9996	0004.8752
Recharging:	04800.00	03.8053	00.9997	0004.9069
Recharging:	04830.00	03.8059	00.9997	0004.9386
Recharging:	04860.00	03.8067	00.9997	0004.9703
Recharging:	04890.00	03.8074	00.9997	0005.0020
Recharging:	04920.00	03.8080	00.9997	0005.0338
Recharging:	04950.00	03.8086	00.9997	0005.0655
Recharging:	04980.00	03.8092	00.9997	0005.0972
Recharging:	05010.00	03.8099	00.9997	0005.1290
Recharging:	05040.00	03.8105	00.9997	0005.1607
Recharging:	05070.00	03.8112	00.9997	0005.1924
Recharging:	05100.00	03.8117	00.9997	0005.2242
Recharging:	05130.00	03.8123	00.9997	0005.2560
Recharging:	05160.00	03.8129	00.9997	0005.2877
Recharging:	05190.00	03.8135	00.9997	0005.3195
Recharging:	05220.00	03.8140	00.9997	0005.3513
Recharging:	05250.00	03.8146	00.9997	0005.3830
Recharging:	05280.00	03.8150	00.9997	0005.4148
Recharging:	05310.00	03.8156	00.9997	0005.4466
Recharging:	05340.00	03.8161	00.9997	0005.4784
Recharging:	05370.00	03.8166	00.9997	0005.5102
Recharging:	05400.00	03.8170	00.9997	0005.5420
Recharging:	05430.00	03.8175	00.9997	0005.5738
Recharging:	05460.00	03.8180	00.9997	0005.6056
Recharging:	05490.00	03.8184	00.9997	0005.6374
Recharging:	05520.00	03.8189	00.9997	0005.6692
Recharging:	05550.00	03.8193	00.9996	0005.7010
Recharging:	05580.00	03.8197	00.9997	0005.7329
Recharging:	05610.00	03.8201	00.9997	0005.7647
Recharging:	05640.00	03.8205	00.9997	0005.7965
Recharging:	05670.00	03.8209	00.9997	0005.8283
Recharging:	05700.00	03.8213	00.9997	0005.8602
Recharging:	05730.00	03.8216	00.9997	0005.8920
Recharging:	05760.00	03.8220	00.9997	0005.9238
Recharging:	05790.00	03.8223	00.9997	0005.9557
Recharging:	05820.00	03.8226	00.9996	0005.9875
Recharging:	05850.00	03.8229	00.9997	0006.0194
Recharging:	05880.00	03.8232	00.9997	0006.0512
Recharging:	05910.00	03.8235	00.9997	0006.0831
Recharging:	05940.00	03.8237	00.9997	0006.1149
Recharging:	05970.00	03.8240	00.9996	0006.1468
Recharging:	06000.00	03.8242	00.9997	0006.1786
Recharging:	06030.00	03.8245	00.9997	0006.2105
Recharging:	06060.00	03.8247	00.9997	0006.2424
Recharging:	06090.00	03.8249	00.9997	0006.2742
Recharging:	06120.00	03.8251	00.9997	0006.3061
Recharging:	06150.00	03.8254	00.9997	0006.3380
Recharging:	06180.00	03.8256	00.9997	0006.3698
Recharging:	06210.00	03.8258	00.9997	0006.4017
Recharging:	06240.00	03.8260	00.9997	0006.4336
Recharging:	06270.00	03.8262	00.9997	0006.4655
Recharging:	06300.00	03.8264	00.9997	0006.4973
Recharging:	06330.00	03.8266	00.9997	0006.5292
Recharging:	06360.00	03.8268	00.9997	0006.5611
Recharging:	06390.00	03.8270	00.9997	0006.5930
Recharging:	06420.00	03.8272	00.9997	0006.6249
Recharging:	06450.00	03.8274	00.9997	0006.6567
Recharging:	06480.00	03.8276	00.9997	0006.6886
Recharging:	06510.00	03.8279	00.9997	0006.7205
Recharging:	06540.00	03.8280	00.9997	0006.7524
Recharging:	06570.00	03.8283	00.9996	0006.7843
Recharging:	06600.00	03.8285	00.9997	0006.8162
Recharging:	06630.00	03.8287	00.9997	0006.8481
Recharging:	06660.00	03.8289	00.9997	0006.8800
Recharging:	06690.00	03.8291	00.9997	0006.9119
Recharging:	06720.00	03.8293	00.9997	0006.9438
Recharging:	06750.00	03.8295	00.9997	0006.9757
Recharging:	06780.00	03.8297	00.9997	0007.0076
Recharging:	06810.00	03.8299	00.9997	0007.0395
Recharging:	06840.00	03.8301	00.9997	0007.0714
Recharging:	06870.00	03.8304	00.9997	0007.1033
Recharging:	06900.00	03.8306	00.9997	0007.1352
Recharging:	06930.00	03.8308	00.9996	0007.1671
Recharging:	06960.00	03.8310	00.9997	0007.1990
Recharging:	06990.00	03.8312	00.9997	0007.2310
Recharging:	07020.00	03.8314	00.9997	0007.2629
Recharging:	07050.00	03.8317	00.9997	0007.2948
Recharging:	07080.00	03.8319	00.9997	0007.3267
Recharging:	07110.00	03.8321	00.9997	0007.3586
Recharging:	07140.00	03.8324	00.9997	0007.3906
Recharging:	07170.00	03.8326	00.9997	0007.4225
Recharging:	07200.00	03.8329	00.9997	0007.4544
Recharging:	07230.00	03.8331	00.9997	0007.4864
Recharging:	07260.00	03.8334	00.9997	0007.5183
Recharging:	07290.00	03.8336	00.9997	0007.5502
Recharging:	07320.00	03.8338	00.9997	0007.5822
Recharging:	07350.00	03.8341	00.9997	0007.6141
Recharging:	07380.00	03.8343	00.9997	0007.6460
Recharging:	07410.00	03.8346	00.9997	0007.6780
Recharging:	07440.00	03.8349	00.9997	0007.7099
Recharging:	07470.00	03.8352	00.9997	0007.7419
Recharging:	07500.00	03.8354	00.9996	0007.7738
Recharging:	07530.00	03.8357	00.9997	0007.8058
Recharging:	07560.00	03.8359	00.9997	0007.8377
Recharging:	07590.00	03.8363	00.9996	0007.8697
Recharging:	07620.00	03.8365	00.9997	0007.9017
Recharging:	07650.00	03.8368	00.9997	0007.9336
Recharging:	07680.00	03.8371	00.9997	0007.9656
Recharging:	07710.00	03.8374	00.9997	0007.9976
Recharging:	07740.00	03.8377	00.9997	0008.0295
Recharging:	07770.00	03.8380	00.9997	0008.0615
Recharging:	07800.00	03.8383	00.9997	0008.0935
Recharging:	07830.00	03.8387	00.9997	0008.1255
Recharging:	07860.00	03.8390	00.9997	0008.1574
Recharging:	07890.00	03.8393	00.9997	0008.1894
Recharging:	07920.00	03.8396	00.9997	0008.2214
Recharging:	07950.00	03.8399	00.9997	0008.2534
Recharging:	07980.00	03.8403	00.9997	0008.2854
Recharging:	08010.00	03.8406	00.9997	0008.3174
Recharging:	08040.00	03.8410	00.9997	0008.3494
Recharging:	08070.00	03.8413	00.9997	0008.3814
Recharging:	08100.00	03.8416	00.9997	0008.4134
Recharging:	08130.00	03.8419	00.9997	0008.4454
Recharging:	08160.00	03.8423	00.9997	0008.4774
Recharging:	08190.00	03.8426	00.9997	0008.5094
Recharging:	08220.00	03.8430	00.9996	0008.5414
Recharging:	08250.00	03.8434	00.9997	0008.5734
Recharging:	08280.00	03.8437	00.9997	0008.6055
Recharging:	08310.00	03.8441	00.9997	0008.6375
Recharging:	08340.00	03.8445	00.9997	0008.6695
Recharging:	08370.00	03.8449	00.9997	0008.7015
Recharging:	08400.00	03.8452	00.9997	0008.7336
Recharging:	08430.00	03.8456	00.9996	0008.7656
Recharging:	08460.00	03.8460	00.9997	0008.7976
Recharging:	08490.00	03.8464	00.9997	0008.8297
Recharging:	08520.00	03.8468	00.9997	0008.8617
Recharging:	08550.00	03.8472	00.9997	0008.8938
Recharging:	08580.00	03.8476	00.9997	0008.9258
Recharging:	08610.00	03.8480	00.9997	0008.9579
Recharging:	08640.00	03.8485	00.9997	0008.9900
Recharging:	08670.00	03.8489	00.9997	0009.0220
Recharging:	08700.00	03.8493	00.9997	0009.0541
Recharging:	08730.00	03.8497	00.9997	0009.0862
Recharging:	08760.00	03.8501	00.9997	0009.1182
Recharging:	08790.00	03.8505	00.9997	0009.1503
Recharging:	08820.00	03.8510	00.9997	0009.1824
Recharging:	08850.00	03.8514	00.9996	0009.2145
Recharging:	08880.00	03.8519	00.9997	0009.2466
Recharging:	08910.00	03.8523	00.9997	0009.2787
Recharging:	08940.00	03.8528	00.9997	0009.3107
Recharging:	08970.00	03.8533	00.9997	0009.3428
Recharging:	09000.00	03.8537	00.9997	0009.3750
Recharging:	09030.00	03.8542	00.9997	0009.4071
Recharging:	09060.00	03.8547	00.9997	0009.4392
Recharging:	09090.00	03.8551	00.9997	0009.4713
Recharging:	09120.00	03.8556	00.9997	0009.5034
Recharging:	09150.00	03.8561	00.9997	0009.5355
Recharging:	09180.00	03.8566	00.9997	0009.5677
Recharging:	09210.00	03.8571	00.9997	0009.5998
Recharging:	09240.00	03.8577	00.9997	0009.6319
Recharging:	09270.00	03.8581	00.9997	0009.6641
Recharging:	09300.00	03.8587	00.9997	0009.6962
Recharging:	09330.00	03.8592	00.9997	0009.7284
Recharging:	09360.00	03.8598	00.9997	0009.7605
Recharging:	09390.00	03.8603	00.9997	0009.7927
Recharging:	09420.00	03.8608	00.9997	0009.8248
Recharging:	09450.00	03.8613	00.9997	0009.8570
Recharging:	09480.00	03.8619	00.9996	0009.8892
Recharging:	09510.00	03.8625	00.9997	0009.9213
Recharging:	09540.00	03.8630	00.9997	0009.9535
Recharging:	09570.00	03.8636	00.9997	0009.9857
Recharging:	09600.00	03.8641	00.9996	0010.0179
Recharging:	09630.00	03.8647	00.9997	0010.0501
Recharging:	09660.00	03.8653	00.9997	0010.0823
Recharging:	09690.00	03.8660	00.9997	0010.1145
Recharging:	09720.00	03.8666	00.9997	0010.1467
Recharging:	09750.00	03.8672	00.9996	0010.1789
Recharging:	09780.00	03.8677	00.9997	0010.2112
Recharging:	09810.00	03.8684	00.9997	0010.2434
Recharging:	09840.00	03.8690	00.9997	0010.2756
Recharging:	09870.00	03.8696	00.9997	0010.3078
Recharging:	09900.00	03.8702	00.9997	0010.3401
Recharging:	09930.00	03.8709	00.9997	0010.3723
Recharging:	09960.00	03.8714	00.9997	0010.4046
Recharging:	09990.00	03.8721	00.9997	0010.4368
Recharging:	10020.00	03.8727	00.9997	0010.4691
Recharging:	10050.00	03.8734	00.9997	0010.5014
Recharging:	10080.00	03.8740	00.9997	0010.5336
Recharging:	10110.00	03.8746	00.9997	0010.5659
Recharging:	10140.00	03.8753	00.9997	0010.5982
Recharging:	10170.00	03.8759	00.9997	0010.6305
Recharging:	10200.00	03.8766	00.9997	0010.6628
Recharging:	10230.00	03.8773	00.9997	0010.6951
Recharging:	10260.00	03.8779	00.9997	0010.7274
Recharging:	10290.00	03.8786	00.9997	0010.7597
Recharging:	10320.00	03.8793	00.9997	0010.7920
Recharging:	10350.00	03.8800	00.9997	0010.8243
Recharging:	10380.00	03.8807	00.9997	0010.8567
Recharging:	10410.00	03.8814	00.9997	0010.8890
Recharging:	10440.00	03.8821	00.9997	0010.9213
Recharging:	10470.00	03.8828	00.9997	0010.9537
Recharging:	10500.00	03.8835	00.9997	0010.9860
Recharging:	10530.00	03.8843	00.9997	0011.0184
Recharging:	10560.00	03.8850	00.9997	0011.0508
Recharging:	10590.00	03.8857	00.9997	0011.0831
Recharging:	10620.00	03.8864	00.9997	0011.1155
Recharging:	10650.00	03.8872	00.9997	0011.1479
Recharging:	10680.00	03.8880	00.9997	0011.1803
Recharging:	10710.00	03.8887	00.9997	0011.2127
Recharging:	10740.00	03.8894	00.9997	0011.2451
Recharging:	10770.00	03.8902	00.9997	0011.2775
Recharging:	10800.00	03.8909	00.9997	0011.3099
Recharging:	10830.00	03.8916	00.9997	0011.3423
Recharging:	10860.00	03.8924	00.9997	0011.3747
Recharging:	10890.00	03.8932	00.9997	0011.4072
Recharging:	10920.00	03.8940	00.9997	0011.4396
Recharging:	10950.00	03.8948	00.9997	0011.4721
Recharging:	10980.00	03.8955	00.9997	0011.5045
Recharging:	11010.00	03.8964	00.9997	0011.5370
Recharging:	11040.00	03.8972	00.9997	0011.5694
Recharging:	11070.00	03.8980	00.9997	0011.6019
Recharging:	11100.00	03.8989	00.9997	0011.6344
Recharging:	11130.00	03.8997	00.9997	0011.6669
Recharging:	11160.00	03.9005	00.9997	0011.6994
Recharging:	11190.00	03.9015	00.9997	0011.7319
Recharging:	11220.00	03.9023	00.9996	0011.7644
Recharging:	11250.00	03.9031	00.9997	0011.7969
Recharging:	11280.00	03.9040	00.9997	0011.8294
Recharging:	11310.00	03.9049	00.9996	0011.8619
Recharging:	11340.00	03.9058	00.9997	0011.8945
Recharging:	11370.00	03.9068	00.9997	0011.9270
Recharging:	11400.00	03.9077	00.9997	0011.9596
Recharging:	11430.00	03.9086	00.9997	0011.9921
Recharging:	11460.00	03.9095	00.9997	0012.0247
Recharging:	11490.00	03.9104	00.9997	0012.0573
Recharging:	11520.00	03.9114	00.9997	0012.0899
Recharging:	11550.00	03.9123	00.9997	0012.1225
Recharging:	11580.00	03.9132	00.9997	0012.1551
Recharging:	11610.00	03.9141	00.9997	0012.1877
Recharging:	11640.00	03.9151	00.9997	0012.2203
Recharging:	11670.00	03.9161	00.9997	0012.2529
Recharging:	11700.00	03.9170	00.9997	0012.2855
Recharging:	11730.00	03.9180	00.9997	0012.3182
Recharging:	11760.00	03.9189	00.9997	0012.3508
Recharging:	11790.00	03.9199	00.9997	0012.3835
Recharging:	11820.00	03.9209	00.9997	0012.4161
Recharging:	11850.00	03.9219	00.9997	0012.4488
Recharging:	11880.00	03.9229	00.9997	0012.4815
Recharging:	11910.00	03.9238	00.9997	0012.5142
Recharging:	11940.00	03.9249	00.9997	0012.5469
Recharging:	11970.00	03.9259	00.9997	0012.5796
Recharging:	12000.00	03.9269	00.9997	0012.6123
Recharging:	12030.00	03.9279	00.9996	0012.6450
Recharging:	12060.00	03.9289	00.9997	0012.6777
Recharging:	12090.00	03.9299	00.9997	0012.7105
Recharging:	12120.00	03.9309	00.9997	0012.7432
Recharging:	12150.00	03.9319	00.9997	0012.7760
Recharging:	12180.00	03.9328	00.9997	0012.8087
Recharging:	12210.00	03.9338	00.9997	0012.8415
Recharging:	12240.00	03.9349	00.9997	0012.8743
Recharging:	12270.00	03.9359	00.9996	0012.9071
Recharging:	12300.00	03.9369	00.9997	0012.9399
Recharging:	12330.00	03.9379	00.9997	0012.9727
Recharging:	12360.00	03.9389	00.9997	0013.0055
Recharging:	12390.00	03.9399	00.9996	0013.0383
Recharging:	12420.00	03.9409	00.9997	0013.0711
Recharging:	12450.00	03.9418	00.9997	0013.1040
Recharging:	12480.00	03.9428	00.9996	0013.1368
Recharging:	12510.00	03.9438	00.9997	0013.1697
Recharging:	12540.00	03.9448	00.9997	0013.2025
Recharging:	12570.00	03.9458	00.9997	0013.2354
Recharging:	12600.00	03.9468	00.9997	0013.2683
Recharging:	12630.00	03.9477	00.9996	0013.3012
Recharging:	12660.00	03.9487	00.9997	0013.3341
Recharging:	12690.00	03.9496	00.9996	0013.3670
Recharging:	12720.00	03.9505	00.9997	0013.3999
Recharging:	12750.00	03.9515	00.9997	0013.4328
Recharging:	12780.00	03.9524	00.9997	0013.4657
Recharging:	12810.00	03.9533	00.9996	0013.4987
Recharging:	12840.00	03.9543	00.9997	0013.5316
Recharging:	12870.00	03.9552	00.9997	0013.5646
Recharging:	12900.00	03.9561	00.9997	0013.5975
Recharging:	12930.00	03.9570	00.9996	0013.6305
Recharging:	12960.00	03.9579	00.9997	0013.6634
Recharging:	12990.00	03.9588	00.9996	0013.6964
Recharging:	13020.00	03.9597	00.9997	0013.7294
Recharging:	13050.00	03.9606	00.9997	0013.7624
Recharging:	13080.00	03.9615	00.9997	0013.7954
Recharging:	13110.00	03.9623	00.9997	0013.8284
Recharging:	13140.00	03.9632	00.9997	0013.8614
Recharging:	13170.00	03.9642	00.9997	0013.8945
Recharging:	13200.00	03.9650	00.9997	0013.9275
Recharging:	13230.00	03.9659	00.9997	0013.9605
Recharging:	13260.00	03.9668	00.9997	0013.9936
Recharging:	13290.00	03.9677	00.9997	0014.0266
Recharging:	13320.00	03.9686	00.9997	0014.0597
Recharging:	13350.00	03.9694	00.9997	0014.0927
Recharging:	13380.00	03.9703	00.9997	0014.1258
Recharging:	13410.00	03.9712	00.9997	0014.1589
Recharging:	13440.00	03.9721	00.9996	0014.1920
Recharging:	13470.00	03.9730	00.9997	0014.2251
Recharging:	13500.00	03.9738	00.9997	0014.2582
Recharging:	13530.00	03.9746	00.9997	0014.2913
Recharging:	13560.00	03.9755	00.9997	0014.3244
Recharging:	13590.00	03.9763	00.9997	0014.3575
Recharging:	13620.00	03.9772	00.9996	0014.3907
Recharging:	13650.00	03.9780	00.9997	0014.4238
Recharging:	13680.00	03.9789	00.9997	0014.4570
Recharging:	13710.00	03.9797	00.9997	0014.4901
Recharging:	13740.00	03.9806	00.9997	0014.5233
Recharging:	13770.00	03.9815	00.9997	0014.5564
Recharging:	13800.00	03.9823	00.9996	0014.5896
Recharging:	13830.00	03.9832	00.9996	0014.6228
Recharging:	13860.00	03.9840	00.9997	0014.6560
Recharging:	13890.00	03.9848	00.9997	0014.6892
Recharging:	13920.00	03.9856	00.9996	0014.7224
Recharging:	13950.00	03.9865	00.9997	0014.7556
Recharging:	13980.00	03.9873	00.9997	0014.7888
Recharging:	14010.00	03.9880	00.9997	0014.8220
Recharging:	14040.00	03.9889	00.9997	0014.8553
Recharging:	14070.00	03.9896	00.9997	0014.8885
Recharging:	14100.00	03.9903	00.9997	0014.9217
Recharging:	14130.00	03.9911	00.9997	0014.9550
Recharging:	14160.00	03.9919	00.9997	0014.9882
Recharging:	14190.00	03.9927	00.9997	0015.0215
Recharging:	14220.00	03.9933	00.9997	0015.0548
Recharging:	14250.00	03.9941	00.9997	0015.0880
Recharging:	14280.00	03.9948	00.9997	0015.1213
Recharging:	14310.00	03.9954	00.9997	0015.1546
Recharging:	14340.00	03.9962	00.9997	0015.1879
Recharging:	14370.00	03.9968	00.9997	0015.2212
Recharging:	14400.00	03.9975	00.9997	0015.2545
Recharging:	14430.00	03.9982	00.9997	0015.2878
Recharging:	14460.00	03.9989	00.9997	0015.3211
Recharging:	14490.00	03.9995	00.9997	0015.3544
Recharging:	14520.00	04.0001	00.9997	0015.3878
Recharging:	14550.00	04.0007	00.9997	0015.4211
Recharging:	14580.00	04.0014	00.9997	0015.4544
Recharging:	14610.00	04.0020	00.9997	0015.4878
Recharging:	14640.00	04.0027	00.9997	0015.5211
Recharging:	14670.00	04.0033	00.9997	0015.5545
Recharging:	14700.00	04.0040	00.9997	0015.5878
Recharging:	14730.00	04.0046	00.9997	0015.6212
Recharging:	14760.00	04.0053	00.9997	0015.6545
Recharging:	14790.00	04.0060	00.9997	0015.6879
Recharging:	14820.00	04.0067	00.9997	0015.7213
Recharging:	14850.00	04.0074	00.9997	0015.7547
Recharging:	14880.00	04.0081	00.9997	0015.7881
Recharging:	14910.00	04.0089	00.9997	0015.8215
Recharging:	14940.00	04.0096	00.9997	0015.8549
Recharging:	14970.00	04.0103	00.9997	0015.8883
Recharging:	15000.00	04.0111	00.9997	0015.9217
Recharging:	15030.00	04.0119	00.9996	0015.9551
Recharging:	15060.00	04.0127	00.9997	0015.9885
Recharging:	15090.00	04.0135	00.9997	0016.0220
Recharging:	15120.00	04.0144	00.9997	0016.0554
Recharging:	15150.00	04.0152	00.9997	0016.0889
Recharging:	15180.00	04.0160	00.9997	0016.1223
Recharging:	15210.00	04.0169	00.9997	0016.1558
Recharging:	15240.00	04.0179	00.9997	0016.1892
Recharging:	15270.00	04.0188	00.9996	0016.2227
Recharging:	15300.00	04.0198	00.9997	0016.2562
Recharging:	15330.00	04.0208	00.9997	0016.2897
Recharging:	15360.00	04.0218	00.9997	0016.3232
Recharging:	15390.00	04.0229	00.9996	0016.3567
Recharging:	15420.00	04.0240	00.9996	0016.3902
Recharging:	15450.00	04.0251	00.9997	0016.4238
Recharging:	15480.00	04.0263	00.9997	0016.4573
Recharging:	15510.00	04.0275	00.9997	0016.4909
Recharging:	15540.00	04.0287	00.9997	0016.5244
Recharging:	15570.00	04.0300	00.9997	0016.5580
Recharging:	15600.00	04.0312	00.9997	0016.5916
Recharging:	15630.00	04.0325	00.9997	0016.6252
Recharging:	15660.00	04.0339	00.9997	0016.6588
Recharging:	15690.00	04.0353	00.9997	0016.6924
Recharging:	15720.00	04.0367	00.9997	0016.7260
Recharging:	15750.00	04.0383	00.9997	0016.7597
Recharging:	15780.00	04.0399	00.9997	0016.7933
Recharging:	15810.00	04.0414	00.9997	0016.8270
Recharging:	15840.00	04.0430	00.9997	0016.8607
Recharging:	15870.00	04.0447	00.9996	0016.8944
Recharging:	15900.00	04.0465	00.9997	0016.9281
Recharging:	15930.00	04.0482	00.9997	0016.9618
Recharging:	15960.00	04.0501	00.9997	0016.9955
Recharging:	15990.00	04.0521	00.9997	0017.0293
Recharging:	16020.00	04.0541	00.9997	0017.0631
Recharging:	16050.00	04.0561	00.9997	0017.0969
Recharging:	16080.00	04.0580	00.9997	0017.1307
Recharging:	16110.00	04.0601	00.9997	0017.1645
Recharging:	16140.00	04.0622	00.9997	0017.1983
Recharging:	16170.00	04.0643	00.9997	0017.2322
Recharging:	16200.00	04.0665	00.9997	0017.2661
Recharging:	16230.00	04.0692	00.9997	0017.3000
Recharging:	16260.00	04.0715	00.9996	0017.3339
Recharging:	16290.00	04.0737	00.9997	0017.3678
Recharging:	16320.00	04.0759	00.9996	0017.4018
Recharging:	16350.00	04.0782	00.9997	0017.4357
Recharging:	16380.00	04.0804	00.9997	0017.4697
Recharging:	16410.00	04.0827	00.9997	0017.5037
Recharging:	16440.00	04.0848	00.9997	0017.5378
Recharging:	16470.00	04.0871	00.9997	0017.5718
Recharging:	16500.00	04.0892	00.9997	0017.6059
Recharging:	16530.00	04.0912	00.9997	0017.6400
Recharging:	16560.00	04.0899	00.9997	0017.6740
Recharging:	16590.00	04.0913	00.9997	0017.7081
Recharging:	16620.00	04.0930	00.9997	0017.7422
Recharging:	16650.00	04.0945	00.9997	0017.7763
Recharging:	16680.00	04.0961	00.9997	0017.8104
Recharging:	16710.00	04.0977	00.9997	0017.8446
Recharging:	16740.00	04.0990	00.9997	0017.8787
Recharging:	16770.00	04.1006	00.9997	0017.9129
Recharging:	16800.00	04.1019	00.9997	0017.9471
Recharging:	16830.00	04.1033	00.9997	0017.9812
Recharging:	16860.00	04.1045	00.9997	0018.0154
Recharging:	16890.00	04.1058	00.9997	0018.0496
Recharging:	16920.00	04.1069	00.9997	0018.0839
Recharging:	16950.00	04.1080	00.9996	0018.1181
Recharging:	16980.00	04.1090	00.9997	0018.1523
Recharging:	17010.00	04.1100	00.9997	0018.1865
Recharging:	17040.00	04.1110	00.9997	0018.2208
Recharging:	17070.00	04.1118	00.9997	0018.2550
Recharging:	17100.00	04.1127	00.9997	0018.2893
Recharging:	17130.00	04.1135	00.9997	0018.3236
Recharging:	17160.00	04.1143	00.9997	0018.3578
Recharging:	17190.00	04.1150	00.9997	0018.3921
Recharging:	17220.00	04.1159	00.9997	0018.4264
Recharging:	17250.00	04.1167	00.9997	0018.4607
Recharging:	17280.00	04.1175	00.9997	0018.4950
Recharging:	17310.00	04.1184	00.9997	0018.5293
Recharging:	17340.00	04.1192	00.9997	0018.5636
Recharging:	17370.00	04.1201	00.9997	0018.5980
Recharging:	17400.00	04.1210	00.9996	0018.6323
Recharging:	17430.00	04.1220	00.9997	0018.6666
Recharging:	17460.00	04.1229	00.9997	0018.7010
Recharging:	17490.00	04.1239	00.9997	0018.7353
Recharging:	17520.00	04.1249	00.9997	0018.7697
Recharging:	17550.00	04.1260	00.9997	0018.8041
Recharging:	17580.00	04.1272	00.9997	0018.8384
Recharging:	17610.00	04.1282	00.9997	0018.8728
Recharging:	17640.00	04.1293	00.9997	0018.9072
Recharging:	17670.00	04.1306	00.9997	0018.9416
Recharging:	17700.00	04.1318	00.9997	0018.9761
Recharging:	17730.00	04.1330	00.9997	0019.0105
Recharging:	17760.00	04.1342	00.9997	0019.0449
Recharging:	17790.00	04.1354	00.9996	0019.0794
Recharging:	17820.00	04.1367	00.9997	0019.1138
Recharging:	17850.00	04.1380	00.9997	0019.1483
Recharging:	17880.00	04.1392	00.9997	0019.1828
Recharging:	17910.00	04.1405	00.9997	0019.2173
Recharging:	17940.00	04.1418	00.9997	0019.2518
Recharging:	17970.00	04.1431	00.9997	0019.2863
Recharging:	18000.00	04.1444	00.9997	0019.3208
Recharging:	18030.00	04.1458	00.9997	0019.3554
Recharging:	18060.00	04.1471	00.9997	0019.3899
Recharging:	18090.00	04.1485	00.9997	0019.4245
Recharging:	18120.00	04.1499	00.9997	0019.4590
Recharging:	18150.00	04.1512	00.9997	0019.4936
Recharging:	18180.00	04.1526	00.9996	0019.5282
Recharging:	18210.00	04.1539	00.9997	0019.5628
Recharging:	18240.00	04.1553	00.9997	0019.5974
Recharging:	18270.00	04.1566	00.9997	0019.6321
Recharging:	18300.00	04.1581	00.9996	0019.6667
Recharging:	18330.00	04.1595	00.9996	0019.7014
Recharging:	18360.00	04.1608	00.9997	0019.7360
Recharging:	18390.00	04.1622	00.9997	0019.7707
Recharging:	18420.00	04.1636	00.9997	0019.8054
Recharging:	18450.00	04.1650	00.9997	0019.8401
Recharging:	18480.00	04.1665	00.9997	0019.8748
Recharging:	18510.00	04.1678	00.9997	0019.9095
Recharging:	18540.00	04.1693	00.9997	0019.9442
Recharging:	18570.00	04.1707	00.9997	0019.9790
Recharging:	18600.00	04.1721	00.9997	0020.0137
Recharging:	18630.00	04.1735	00.9997	0020.0485
Recharging:	18660.00	04.1749	00.9997	0020.0833
Recharging:	18690.00	04.1764	00.9997	0020.1181
Recharging:	18720.00	04.1778	00.9997	0020.1529
Recharging:	18750.00	04.1792	00.9997	0020.1877
Recharging:	18780.00	04.1807	00.9997	0020.2225
Recharging:	18810.00	04.1820	00.9997	0020.2574
Recharging:	18840.00	04.1835	00.9997	0020.2922
Recharging:	18870.00	04.1849	00.9997	0020.3271
Recharging:	18900.00	04.1864	00.9996	0020.3619
Recharging:	18930.00	04.1878	00.9997	0020.3968
Recharging:	18960.00	04.1893	00.9997	0020.4317
Recharging:	18990.00	04.1908	00.9997	0020.4666
Recharging:	19020.00	04.1923	00.9997	0020.5016
Recharging:	19050.00	04.1937	00.9997	0020.5365
Recharging:	19080.00	04.1952	00.9997	0020.5715
Recharging:	19110.00	04.1967	00.9997	0020.6064
Recharging:	19140.00	04.1981	00.9997	0020.6414
Recharging:	19170.00	04.1996	00.9996	0020.6764
Recharging:	19200.00	04.2011	00.9997	0020.7114
