Charging:	00030.00	03.7557	00.5013	0000.0157
Charging:	00060.00	03.7744	00.5004	0000.0314
Charging:	00090.00	03.7827	00.5004	0000.0472
Charging:	00120.00	03.7890	00.5004	0000.0630
Charging:	00150.00	03.7942	00.5004	0000.0788
Charging:	00180.00	03.7988	00.5004	0000.0947
Charging:	00210.00	03.8030	00.5005	0000.1105
Charging:	00240.00	03.8067	00.5004	0000.1264
Charging:	00270.00	03.8103	00.5004	0000.1423
Charging:	00300.00	03.8136	00.5004	0000.1582
Charging:	00330.00	03.8167	00.5004	0000.1741
Charging:	00360.00	03.8197	00.5004	0000.1900
Charging:	00390.00	03.8226	00.5004	0000.2060
Charging:	00420.00	03.8252	00.5004	0000.2219
Charging:	00450.00	03.8279	00.5004	0000.2379
Charging:	00480.00	03.8305	00.5004	0000.2539
Charging:	00510.00	03.8331	00.5004	0000.2699
Charging:	00540.00	03.8355	00.5004	0000.2859
Charging:	00570.00	03.8378	00.5004	0000.3019
Charging:	00600.00	03.8402	00.5004	0000.3179
Charging:	00630.00	03.8425	00.5005	0000.3339
Charging:	00660.00	03.8447	00.5004	0000.3499
Charging:	00690.00	03.8469	00.5004	0000.3660
Charging:	00720.00	03.8490	00.5004	0000.3820
Charging:	00750.00	03.8510	00.5004	0000.3981
Charging:	00780.00	03.8531	00.5004	0000.4142
Charging:	00810.00	03.8551	00.5005	0000.4302
Charging:	00840.00	03.8571	00.5004	0000.4463
Charging:	00870.00	03.8591	00.5004	0000.4624
Charging:	00900.00	03.8611	00.5004	0000.4785
Charging:	00930.00	03.8630	00.5004	0000.4946
Charging:	00960.00	03.8649	00.5004	0000.5107
Charging:	00990.00	03.8668	00.5004	0000.5269
Charging:	01020.00	03.8687	00.5004	0000.5430
Charging:	01050.00	03.8706	00.5004	0000.5591
Charging:	01080.00	03.8724	00.5004	0000.5753
Charging:	01110.00	03.8741	00.5004	0000.5914
Charging:	01140.00	03.8759	00.5004	0000.6076
Charging:	01170.00	03.8777	00.5004	0000.6238
Charging:	01200.00	03.8794	00.5004	0000.6400
Charging:	01230.00	03.8812	00.5004	0000.6561
Charging:	01260.00	03.8829	00.5004	0000.6723
Charging:	01290.00	03.8847	00.5004	0000.6885
Charging:	01320.00	03.8864	00.5004	0000.7047
Charging:	01350.00	03.8880	00.5004	0000.7210
Charging:	01380.00	03.8898	00.5004	0000.7372
Charging:	01410.00	03.8915	00.5004	0000.7534
Charging:	01440.00	03.8931	00.5004	0000.7696
Charging:	01470.00	03.8948	00.5004	0000.7859
Charging:	01500.00	03.8965	00.5004	0000.8021
Charging:	01530.00	03.8981	00.5004	0000.8184
Charging:	01560.00	03.8997	00.5004	0000.8347
Charging:	01590.00	03.9014	00.5004	0000.8509
Charging:	01620.00	03.9031	00.5004	0000.8672
Charging:	01650.00	03.9047	00.5004	0000.8835
Charging:	01680.00	03.9064	00.5004	0000.8998
Charging:	01710.00	03.9079	00.5005	0000.9161
Charging:	01740.00	03.9095	00.5004	0000.9324
Charging:	01770.00	03.9112	00.5004	0000.9487
Charging:	01800.00	03.9129	00.5004	0000.9650
Charging:	01830.00	03.9145	00.5004	0000.9813
Charging:	01860.00	03.9162	00.5004	0000.9977
Charging:	01890.00	03.9178	00.5004	0001.0140
Charging:	01920.00	03.9194	00.5005	0001.0303
Charging:	01950.00	03.9211	00.5004	0001.0467
Charging:	01980.00	03.9227	00.5004	0001.0631
Charging:	02010.00	03.9244	00.5004	0001.0794
Charging:	02040.00	03.9260	00.5004	0001.0958
Charging:	02070.00	03.9277	00.5004	0001.1122
Charging:	02100.00	03.9293	00.5004	0001.1286
Charging:	02130.00	03.9310	00.5004	0001.1450
Charging:	02160.00	03.9326	00.5004	0001.1614
Charging:	02190.00	03.9342	00.5004	0001.1778
Charging:	02220.00	03.9359	00.5004	0001.1942
Charging:	02250.00	03.9376	00.5004	0001.2106
Charging:	02280.00	03.9392	00.5004	0001.2270
Charging:	02310.00	03.9409	00.5004	0001.2435
Charging:	02340.00	03.9427	00.5004	0001.2599
Charging:	02370.00	03.9443	00.5004	0001.2764
Charging:	02400.00	03.9461	00.5004	0001.2928
Charging:	02430.00	03.9478	00.5004	0001.3093
Charging:	02460.00	03.9495	00.5005	0001.3257
Charging:	02490.00	03.9512	00.5004	0001.3422
Charging:	02520.00	03.9531	00.5004	0001.3587
Charging:	02550.00	03.9547	00.5004	0001.3752
Charging:	02580.00	03.9565	00.5004	0001.3917
Charging:	02610.00	03.9583	00.5004	0001.4082
Charging:	02640.00	03.9600	00.5004	0001.4247
Charging:	02670.00	03.9618	00.5004	0001.4412
Charging:	02700.00	03.9636	00.5004	0001.4578
Charging:	02730.00	03.9654	00.5004	0001.4743
Charging:	02760.00	03.9672	00.5004	0001.4908
Charging:	02790.00	03.9690	00.5004	0001.5074
Charging:	02820.00	03.9708	00.5004	0001.5240
Charging:	02850.00	03.9727	00.5004	0001.5405
Charging:	02880.00	03.9746	00.5004	0001.5571
Charging:	02910.00	03.9765	00.5004	0001.5737
Charging:	02940.00	03.9783	00.5004	0001.5903
Charging:	02970.00	03.9802	00.5004	0001.6069
Charging:	03000.00	03.9821	00.5004	0001.6235
Charging:	03030.00	03.9840	00.5004	0001.6401
Charging:	03060.00	03.9860	00.5005	0001.6567
Charging:	03090.00	03.9879	00.5004	0001.6734
Charging:	03120.00	03.9898	00.5004	0001.6900
Charging:	03150.00	03.9918	00.5004	0001.7066
Charging:	03180.00	03.9937	00.5004	0001.7233
Charging:	03210.00	03.9957	00.5004	0001.7400
Charging:	03240.00	03.9977	00.5004	0001.7566
Charging:	03270.00	03.9997	00.5004	0001.7733
Charging:	03300.00	04.0018	00.5004	0001.7900
Charging:	03330.00	04.0038	00.5004	0001.8067
Charging:	03360.00	04.0059	00.5004	0001.8234
Charging:	03390.00	04.0080	00.5004	0001.8401
Charging:	03420.00	04.0100	00.5004	0001.8568
Charging:	03450.00	04.0122	00.5004	0001.8736
Charging:	03480.00	04.0143	00.5004	0001.8903
Charging:	03510.00	04.0164	00.5005	0001.9071
Charging:	03540.00	04.0185	00.5004	0001.9238
Charging:	03570.00	04.0207	00.5004	0001.9406
Charging:	03600.00	04.0229	00.5004	0001.9574
Charging:	03630.00	04.0251	00.5004	0001.9741
Charging:	03660.00	04.0273	00.5004	0001.9909
Charging:	03690.00	04.0295	00.5004	0002.0077
Charging:	03720.00	04.0318	00.5004	0002.0246
Charging:	03750.00	04.0342	00.5004	0002.0414
Charging:	03780.00	04.0364	00.5004	0002.0582
Charging:	03810.00	04.0387	00.5004	0002.0751
Charging:	03840.00	04.0410	00.5004	0002.0919
Charging:	03870.00	04.0433	00.5004	0002.1088
Charging:	03900.00	04.0456	00.5004	0002.1256
Charging:	03930.00	04.0480	00.5005	0002.1425
Charging:	03960.00	04.0503	00.5004	0002.1594
Charging:	03990.00	04.0526	00.5004	0002.1763
Charging:	04020.00	04.0550	00.5004	0002.1932
Charging:	04050.00	04.0574	00.5004	0002.2101
Charging:	04080.00	04.0598	00.5004	0002.2271
Charging:	04110.00	04.0621	00.5004	0002.2440
Charging:	04140.00	04.0645	00.5004	0002.2610
Charging:	04170.00	04.0669	00.5004	0002.2779
Charging:	04200.00	04.0692	00.5005	0002.2949
Charging:	04230.00	04.0716	00.5004	0002.3119
Charging:	04260.00	04.0739	00.5004	0002.3289
Charging:	04290.00	04.0762	00.5004	0002.3459
Charging:	04320.00	04.0786	00.5004	0002.3629
Charging:	04350.00	04.0809	00.5004	0002.3799
Charging:	04380.00	04.0833	00.5004	0002.3969
Charging:	04410.00	04.0856	00.5005	0002.4140
Charging:	04440.00	04.0879	00.5004	0002.4310
Charging:	04470.00	04.0902	00.5004	0002.4481
Charging:	04500.00	04.0926	00.5004	0002.4651
Charging:	04530.00	04.0948	00.5004	0002.4822
Charging:	04560.00	04.0972	00.5004	0002.4993
Charging:	04590.00	04.0993	00.5004	0002.5164
Charging:	04620.00	04.1016	00.5004	0002.5335
Charging:	04650.00	04.1039	00.5004	0002.5506
Charging:	04680.00	04.1062	00.5005	0002.5677
Charging:	04710.00	04.1083	00.5004	0002.5849
Charging:	04740.00	04.1106	00.5004	0002.6020
Charging:	04770.00	04.1128	00.5004	0002.6192
Charging:	04800.00	04.1150	00.5004	0002.6363
Charging:	04830.00	04.1172	00.5004	0002.6535
Charging:	04860.00	04.1194	00.5004	0002.6707
Charging:	04890.00	04.1215	00.5004	0002.6879
Charging:	04920.00	04.1237	00.5004	0002.7051
Charging:	04950.00	04.1258	00.5004	0002.7223
Charging:	04980.00	04.1280	00.5004	0002.7395
Charging:	05010.00	04.1301	00.5004	0002.7567
Charging:	05040.00	04.1322	00.5004	0002.7739
Charging:	05070.00	04.1344	00.5005	0002.7912
Charging:	05100.00	04.1365	00.5004	0002.8084
Charging:	05130.00	04.1386	00.5004	0002.8257
Charging:	05160.00	04.1407	00.5004	0002.8430
Charging:	05190.00	04.1428	00.5004	0002.8602
Charging:	05220.00	04.1450	00.5004	0002.8775
Charging:	05250.00	04.1471	00.5004	0002.8948
Charging:	05280.00	04.1492	00.5005	0002.9121
Charging:	05310.00	04.1513	00.5004	0002.9294
Charging:	05340.00	04.1535	00.5004	0002.9467
Charging:	05370.00	04.1556	00.5004	0002.9641
Charging:	05400.00	04.1578	00.5005	0002.9814
Charging:	05430.00	04.1599	00.5004	0002.9988
Charging:	05460.00	04.1621	00.5004	0003.0161
Charging:	05490.00	04.1643	00.5004	0003.0335
Charging:	05520.00	04.1665	00.5004	0003.0509
Charging:	05550.00	04.1687	00.5004	0003.0683
Charging:	05580.00	04.1710	00.5004	0003.0856
Charging:	05610.00	04.1732	00.5005	0003.1030
Charging:	05640.00	04.1755	00.5004	0003.1205
Charging:	05670.00	04.1778	00.5004	0003.1379
Charging:	05700.00	04.1801	00.5004	0003.1553
Charging:	05730.00	04.1823	00.5004	0003.1728
Charging:	05760.00	04.1847	00.5004	0003.1902
Charging:	05790.00	04.1870	00.5004	0003.2077
Charging:	05820.00	04.1895	00.5004	0003.2251
Charging:	05850.00	04.1919	00.5004	0003.2426
Charging:	05880.00	04.1943	00.5004	0003.2601
Charging:	05910.00	04.1968	00.5004	0003.2776
Charging:	05940.00	04.1993	00.5004	0003.2951
Charging:	05970.00	04.2018	00.5004	0003.3127
---------------------------
TESTING INTERNAL RESISTANCE
voltage while ON =  4.1403
current=-0.5003
OUTPUT OFF
voltage while OFF =  4.1471
Internal resistance =  0.0137 [Ohm]
OUTPUT ON
---------------------------
Discharging:	00030.00	04.1248	-0.5004	-000.0172
Discharging:	00060.00	04.0755	-0.5002	-000.0342
Discharging:	00090.00	04.0655	-0.5002	-000.0511
Discharging:	00120.00	04.0584	-0.5002	-000.0681
Discharging:	00150.00	04.0528	-0.5002	-000.0849
Discharging:	00180.00	04.0481	-0.5002	-000.1018
Discharging:	00210.00	04.0440	-0.5002	-000.1187
Discharging:	00240.00	04.0402	-0.5002	-000.1355
Discharging:	00270.00	04.0367	-0.5002	-000.1523
Discharging:	00300.00	04.0335	-0.5002	-000.1691
Discharging:	00330.00	04.0303	-0.5002	-000.1859
Discharging:	00360.00	04.0273	-0.5002	-000.2027
Discharging:	00390.00	04.0244	-0.5002	-000.2195
Discharging:	00420.00	04.0216	-0.5002	-000.2363
Discharging:	00450.00	04.0188	-0.5001	-000.2530
Discharging:	00480.00	04.0161	-0.5002	-000.2698
Discharging:	00510.00	04.0136	-0.5002	-000.2865
Discharging:	00540.00	04.0109	-0.5001	-000.3032
Discharging:	00570.00	04.0083	-0.5002	-000.3199
Discharging:	00600.00	04.0058	-0.5002	-000.3366
Discharging:	00630.00	04.0032	-0.5002	-000.3533
Discharging:	00660.00	04.0007	-0.5001	-000.3700
Discharging:	00690.00	03.9981	-0.5002	-000.3866
Discharging:	00720.00	03.9957	-0.5001	-000.4033
Discharging:	00750.00	03.9932	-0.5001	-000.4199
Discharging:	00780.00	03.9907	-0.5002	-000.4366
Discharging:	00810.00	03.9883	-0.5001	-000.4532
Discharging:	00840.00	03.9859	-0.5001	-000.4698
Discharging:	00870.00	03.9835	-0.5001	-000.4864
Discharging:	00900.00	03.9811	-0.5001	-000.5030
Discharging:	00930.00	03.9786	-0.5001	-000.5196
Discharging:	00960.00	03.9762	-0.5001	-000.5361
Discharging:	00990.00	03.9738	-0.5002	-000.5527
Discharging:	01020.00	03.9714	-0.5002	-000.5693
Discharging:	01050.00	03.9690	-0.5001	-000.5858
Discharging:	01080.00	03.9666	-0.5001	-000.6023
Discharging:	01110.00	03.9642	-0.5001	-000.6189
Discharging:	01140.00	03.9618	-0.5002	-000.6354
Discharging:	01170.00	03.9594	-0.5002	-000.6519
Discharging:	01200.00	03.9571	-0.5002	-000.6684
Discharging:	01230.00	03.9547	-0.5001	-000.6848
Discharging:	01260.00	03.9522	-0.5002	-000.7013
Discharging:	01290.00	03.9498	-0.5002	-000.7178
Discharging:	01320.00	03.9474	-0.5001	-000.7342
Discharging:	01350.00	03.9451	-0.5001	-000.7507
Discharging:	01380.00	03.9427	-0.5002	-000.7671
Discharging:	01410.00	03.9403	-0.5001	-000.7835
Discharging:	01440.00	03.9379	-0.5002	-000.7999
Discharging:	01470.00	03.9355	-0.5001	-000.8163
Discharging:	01500.00	03.9332	-0.5001	-000.8327
Discharging:	01530.00	03.9309	-0.5001	-000.8491
Discharging:	01560.00	03.9286	-0.5002	-000.8655
Discharging:	01590.00	03.9263	-0.5002	-000.8819
Discharging:	01620.00	03.9240	-0.5002	-000.8982
Discharging:	01650.00	03.9217	-0.5001	-000.9146
Discharging:	01680.00	03.9195	-0.5001	-000.9309
Discharging:	01710.00	03.9173	-0.5001	-000.9472
Discharging:	01740.00	03.9151	-0.5001	-000.9635
Discharging:	01770.00	03.9130	-0.5002	-000.9799
Discharging:	01800.00	03.9108	-0.5002	-000.9962
Discharging:	01830.00	03.9087	-0.5002	-001.0124
Discharging:	01860.00	03.9067	-0.5001	-001.0287
Discharging:	01890.00	03.9047	-0.5002	-001.0450
Discharging:	01920.00	03.9027	-0.5001	-001.0613
Discharging:	01950.00	03.9008	-0.5001	-001.0775
Discharging:	01980.00	03.8988	-0.5001	-001.0938
Discharging:	02010.00	03.8969	-0.5001	-001.1100
Discharging:	02040.00	03.8950	-0.5001	-001.1262
Discharging:	02070.00	03.8932	-0.5001	-001.1425
Discharging:	02100.00	03.8914	-0.5001	-001.1587
Discharging:	02130.00	03.8895	-0.5002	-001.1749
Discharging:	02160.00	03.8877	-0.5002	-001.1911
Discharging:	02190.00	03.8859	-0.5001	-001.2073
Discharging:	02220.00	03.8843	-0.5002	-001.2235
Discharging:	02250.00	03.8825	-0.5001	-001.2397
Discharging:	02280.00	03.8808	-0.5002	-001.2559
Discharging:	02310.00	03.8791	-0.5002	-001.2720
Discharging:	02340.00	03.8774	-0.5001	-001.2882
Discharging:	02370.00	03.8757	-0.5002	-001.3043
Discharging:	02400.00	03.8741	-0.5002	-001.3205
Discharging:	02430.00	03.8725	-0.5001	-001.3366
Discharging:	02460.00	03.8709	-0.5001	-001.3528
Discharging:	02490.00	03.8692	-0.5001	-001.3689
Discharging:	02520.00	03.8676	-0.5002	-001.3850
Discharging:	02550.00	03.8660	-0.5002	-001.4011
Discharging:	02580.00	03.8645	-0.5001	-001.4172
Discharging:	02610.00	03.8629	-0.5002	-001.4333
Discharging:	02640.00	03.8613	-0.5001	-001.4494
Discharging:	02670.00	03.8599	-0.5002	-001.4655
Discharging:	02700.00	03.8583	-0.5002	-001.4816
Discharging:	02730.00	03.8568	-0.5002	-001.4977
Discharging:	02760.00	03.8553	-0.5002	-001.5137
Discharging:	02790.00	03.8538	-0.5002	-001.5298
Discharging:	02820.00	03.8523	-0.5002	-001.5458
Discharging:	02850.00	03.8508	-0.5002	-001.5619
Discharging:	02880.00	03.8495	-0.5002	-001.5779
Discharging:	02910.00	03.8480	-0.5002	-001.5940
Discharging:	02940.00	03.8466	-0.5002	-001.6100
Discharging:	02970.00	03.8451	-0.5001	-001.6260
Discharging:	03000.00	03.8437	-0.5002	-001.6421
Discharging:	03030.00	03.8423	-0.5002	-001.6581
Discharging:	03060.00	03.8408	-0.5002	-001.6741
Discharging:	03090.00	03.8395	-0.5002	-001.6901
Discharging:	03120.00	03.8380	-0.5002	-001.7061
Discharging:	03150.00	03.8366	-0.5002	-001.7221
Discharging:	03180.00	03.8352	-0.5002	-001.7381
Discharging:	03210.00	03.8339	-0.5001	-001.7540
Discharging:	03240.00	03.8325	-0.5001	-001.7700
Discharging:	03270.00	03.8311	-0.5001	-001.7860
Discharging:	03300.00	03.8297	-0.5002	-001.8019
Discharging:	03330.00	03.8283	-0.5001	-001.8179
Discharging:	03360.00	03.8270	-0.5001	-001.8339
Discharging:	03390.00	03.8256	-0.5002	-001.8498
Discharging:	03420.00	03.8243	-0.5002	-001.8657
Discharging:	03450.00	03.8230	-0.5002	-001.8817
Discharging:	03480.00	03.8216	-0.5002	-001.8976
Discharging:	03510.00	03.8203	-0.5002	-001.9135
Discharging:	03540.00	03.8190	-0.5002	-001.9294
Discharging:	03570.00	03.8176	-0.5002	-001.9454
Discharging:	03600.00	03.8163	-0.5002	-001.9613
Discharging:	03630.00	03.8150	-0.5002	-001.9772
Discharging:	03660.00	03.8136	-0.5002	-001.9931
Discharging:	03690.00	03.8124	-0.5001	-002.0089
Discharging:	03720.00	03.8111	-0.5002	-002.0248
Discharging:	03750.00	03.8097	-0.5001	-002.0407
Discharging:	03780.00	03.8085	-0.5002	-002.0566
Discharging:	03810.00	03.8071	-0.5001	-002.0724
Discharging:	03840.00	03.8059	-0.5002	-002.0883
Discharging:	03870.00	03.8046	-0.5001	-002.1042
Discharging:	03900.00	03.8033	-0.5002	-002.1200
Discharging:	03930.00	03.8020	-0.5002	-002.1359
Discharging:	03960.00	03.8007	-0.5002	-002.1517
Discharging:	03990.00	03.7994	-0.5002	-002.1675
Discharging:	04020.00	03.7981	-0.5001	-002.1834
Discharging:	04050.00	03.7968	-0.5002	-002.1992
Discharging:	04080.00	03.7955	-0.5002	-002.2150
Discharging:	04110.00	03.7942	-0.5002	-002.2308
Discharging:	04140.00	03.7930	-0.5002	-002.2466
Discharging:	04170.00	03.7917	-0.5002	-002.2624
Discharging:	04200.00	03.7904	-0.5001	-002.2782
Discharging:	04230.00	03.7891	-0.5002	-002.2940
Discharging:	04260.00	03.7879	-0.5002	-002.3098
Discharging:	04290.00	03.7865	-0.5002	-002.3256
Discharging:	04320.00	03.7853	-0.5002	-002.3414
Discharging:	04350.00	03.7840	-0.5002	-002.3572
Discharging:	04380.00	03.7827	-0.5002	-002.3729
Discharging:	04410.00	03.7814	-0.5002	-002.3887
Discharging:	04440.00	03.7801	-0.5002	-002.4044
Discharging:	04470.00	03.7788	-0.5001	-002.4202
Discharging:	04500.00	03.7776	-0.5002	-002.4359
Discharging:	04530.00	03.7763	-0.5002	-002.4517
Discharging:	04560.00	03.7750	-0.5002	-002.4674
Discharging:	04590.00	03.7737	-0.5002	-002.4831
Discharging:	04620.00	03.7724	-0.5002	-002.4989
Discharging:	04650.00	03.7712	-0.5002	-002.5146
Discharging:	04680.00	03.7699	-0.5002	-002.5303
Discharging:	04710.00	03.7686	-0.5002	-002.5460
Discharging:	04740.00	03.7673	-0.5001	-002.5617
Discharging:	04770.00	03.7661	-0.5002	-002.5774
Discharging:	04800.00	03.7648	-0.5002	-002.5931
Discharging:	04830.00	03.7635	-0.5002	-002.6088
Discharging:	04860.00	03.7623	-0.5002	-002.6245
Discharging:	04890.00	03.7610	-0.5001	-002.6401
Discharging:	04920.00	03.7597	-0.5002	-002.6558
Discharging:	04950.00	03.7584	-0.5002	-002.6715
Discharging:	04980.00	03.7571	-0.5002	-002.6871
Discharging:	05010.00	03.7558	-0.5002	-002.7028
Discharging:	05040.00	03.7545	-0.5001	-002.7184
Discharging:	05070.00	03.7532	-0.5002	-002.7341
Discharging:	05100.00	03.7520	-0.5001	-002.7497
Discharging:	05130.00	03.7507	-0.5002	-002.7653
Discharging:	05160.00	03.7494	-0.5002	-002.7810
Discharging:	05190.00	03.7481	-0.5002	-002.7966
Discharging:	05220.00	03.7468	-0.5002	-002.8122
Discharging:	05250.00	03.7455	-0.5001	-002.8278
Discharging:	05280.00	03.7442	-0.5002	-002.8434
Discharging:	05310.00	03.7429	-0.5002	-002.8590
Discharging:	05340.00	03.7416	-0.5002	-002.8746
Discharging:	05370.00	03.7403	-0.5002	-002.8902
Discharging:	05400.00	03.7390	-0.5001	-002.9058
Discharging:	05430.00	03.7377	-0.5002	-002.9214
Discharging:	05460.00	03.7364	-0.5002	-002.9370
Discharging:	05490.00	03.7351	-0.5002	-002.9525
Discharging:	05520.00	03.7338	-0.5002	-002.9681
Discharging:	05550.00	03.7325	-0.5002	-002.9836
Discharging:	05580.00	03.7312	-0.5001	-002.9992
Discharging:	05610.00	03.7299	-0.5002	-003.0147
Discharging:	05640.00	03.7286	-0.5002	-003.0303
Discharging:	05670.00	03.7273	-0.5002	-003.0458
Discharging:	05700.00	03.7260	-0.5001	-003.0613
Discharging:	05730.00	03.7247	-0.5002	-003.0769
Discharging:	05760.00	03.7235	-0.5002	-003.0924
Discharging:	05790.00	03.7222	-0.5002	-003.1079
Discharging:	05820.00	03.7207	-0.5002	-003.1234
Discharging:	05850.00	03.7193	-0.5002	-003.1389
Discharging:	05880.00	03.7180	-0.5001	-003.1544
Discharging:	05910.00	03.7167	-0.5001	-003.1699
Discharging:	05940.00	03.7154	-0.5002	-003.1854
Discharging:	05970.00	03.7140	-0.5002	-003.2009
Discharging:	06000.00	03.7127	-0.5002	-003.2163
Discharging:	06030.00	03.7114	-0.5002	-003.2318
Discharging:	06060.00	03.7101	-0.5002	-003.2473
Discharging:	06090.00	03.7088	-0.5002	-003.2627
Discharging:	06120.00	03.7074	-0.5002	-003.2782
Discharging:	06150.00	03.7061	-0.5001	-003.2936
Discharging:	06180.00	03.7048	-0.5002	-003.3091
Discharging:	06210.00	03.7034	-0.5002	-003.3245
Discharging:	06240.00	03.7021	-0.5001	-003.3399
Discharging:	06270.00	03.7007	-0.5002	-003.3554
Discharging:	06300.00	03.6994	-0.5002	-003.3708
Discharging:	06330.00	03.6980	-0.5001	-003.3862
Discharging:	06360.00	03.6968	-0.5002	-003.4016
Discharging:	06390.00	03.6954	-0.5002	-003.4170
Discharging:	06420.00	03.6940	-0.5002	-003.4324
Discharging:	06450.00	03.6927	-0.5002	-003.4478
Discharging:	06480.00	03.6914	-0.5002	-003.4632
Discharging:	06510.00	03.6900	-0.5002	-003.4786
Discharging:	06540.00	03.6887	-0.5001	-003.4939
Discharging:	06570.00	03.6874	-0.5002	-003.5093
Discharging:	06600.00	03.6860	-0.5002	-003.5247
Discharging:	06630.00	03.6847	-0.5002	-003.5400
Discharging:	06660.00	03.6835	-0.5002	-003.5554
Discharging:	06690.00	03.6821	-0.5002	-003.5707
Discharging:	06720.00	03.6808	-0.5002	-003.5861
Discharging:	06750.00	03.6795	-0.5002	-003.6014
Discharging:	06780.00	03.6782	-0.5002	-003.6167
Discharging:	06810.00	03.6768	-0.5001	-003.6321
Discharging:	06840.00	03.6755	-0.5001	-003.6474
Discharging:	06870.00	03.6741	-0.5002	-003.6627
Discharging:	06900.00	03.6728	-0.5002	-003.6780
Discharging:	06930.00	03.6714	-0.5002	-003.6933
Discharging:	06960.00	03.6701	-0.5002	-003.7086
Discharging:	06990.00	03.6688	-0.5002	-003.7239
Discharging:	07020.00	03.6674	-0.5002	-003.7392
Discharging:	07050.00	03.6661	-0.5002	-003.7545
Discharging:	07080.00	03.6648	-0.5002	-003.7697
Discharging:	07110.00	03.6635	-0.5002	-003.7850
Discharging:	07140.00	03.6621	-0.5001	-003.8003
Discharging:	07170.00	03.6608	-0.5001	-003.8155
Discharging:	07200.00	03.6595	-0.5002	-003.8308
Discharging:	07230.00	03.6582	-0.5002	-003.8460
Discharging:	07260.00	03.6568	-0.5002	-003.8613
Discharging:	07290.00	03.6556	-0.5002	-003.8765
Discharging:	07320.00	03.6542	-0.5002	-003.8917
Discharging:	07350.00	03.6529	-0.5001	-003.9070
Discharging:	07380.00	03.6516	-0.5002	-003.9222
Discharging:	07410.00	03.6503	-0.5002	-003.9374
Discharging:	07440.00	03.6489	-0.5001	-003.9526
Discharging:	07470.00	03.6477	-0.5002	-003.9678
Discharging:	07500.00	03.6464	-0.5002	-003.9830
Discharging:	07530.00	03.6451	-0.5002	-003.9982
Discharging:	07560.00	03.6437	-0.5002	-004.0134
Discharging:	07590.00	03.6425	-0.5002	-004.0286
Discharging:	07620.00	03.6412	-0.5002	-004.0437
Discharging:	07650.00	03.6399	-0.5002	-004.0589
Discharging:	07680.00	03.6386	-0.5002	-004.0741
Discharging:	07710.00	03.6373	-0.5002	-004.0892
Discharging:	07740.00	03.6360	-0.5002	-004.1044
Discharging:	07770.00	03.6347	-0.5002	-004.1195
Discharging:	07800.00	03.6334	-0.5002	-004.1347
Discharging:	07830.00	03.6322	-0.5002	-004.1498
Discharging:	07860.00	03.6308	-0.5001	-004.1650
Discharging:	07890.00	03.6295	-0.5002	-004.1801
Discharging:	07920.00	03.6282	-0.5002	-004.1952
Discharging:	07950.00	03.6271	-0.5002	-004.2103
Discharging:	07980.00	03.6257	-0.5002	-004.2254
Discharging:	08010.00	03.6245	-0.5002	-004.2405
Discharging:	08040.00	03.6231	-0.5002	-004.2556
Discharging:	08070.00	03.6219	-0.5002	-004.2707
Discharging:	08100.00	03.6207	-0.5002	-004.2858
Discharging:	08130.00	03.6195	-0.5002	-004.3009
Discharging:	08160.00	03.6181	-0.5002	-004.3160
Discharging:	08190.00	03.6170	-0.5002	-004.3311
Discharging:	08220.00	03.6157	-0.5002	-004.3461
Discharging:	08250.00	03.6144	-0.5002	-004.3612
Discharging:	08280.00	03.6131	-0.5001	-004.3763
Discharging:	08310.00	03.6119	-0.5001	-004.3913
Discharging:	08340.00	03.6107	-0.5001	-004.4064
Discharging:	08370.00	03.6094	-0.5002	-004.4214
Discharging:	08400.00	03.6081	-0.5002	-004.4365
Discharging:	08430.00	03.6069	-0.5001	-004.4515
Discharging:	08460.00	03.6056	-0.5002	-004.4665
Discharging:	08490.00	03.6045	-0.5002	-004.4815
Discharging:	08520.00	03.6032	-0.5002	-004.4966
Discharging:	08550.00	03.6020	-0.5002	-004.5116
Discharging:	08580.00	03.6009	-0.5002	-004.5266
Discharging:	08610.00	03.5997	-0.5002	-004.5416
Discharging:	08640.00	03.5984	-0.5001	-004.5566
Discharging:	08670.00	03.5972	-0.5001	-004.5716
Discharging:	08700.00	03.5960	-0.5001	-004.5866
Discharging:	08730.00	03.5948	-0.5002	-004.6015
Discharging:	08760.00	03.5936	-0.5002	-004.6165
Discharging:	08790.00	03.5923	-0.5001	-004.6315
Discharging:	08820.00	03.5911	-0.5002	-004.6465
Discharging:	08850.00	03.5899	-0.5002	-004.6614
Discharging:	08880.00	03.5887	-0.5002	-004.6764
Discharging:	08910.00	03.5875	-0.5002	-004.6913
Discharging:	08940.00	03.5863	-0.5002	-004.7063
Discharging:	08970.00	03.5851	-0.5002	-004.7212
Discharging:	09000.00	03.5839	-0.5002	-004.7362
Discharging:	09030.00	03.5826	-0.5002	-004.7511
Discharging:	09060.00	03.5815	-0.5002	-004.7660
Discharging:	09090.00	03.5803	-0.5002	-004.7810
Discharging:	09120.00	03.5791	-0.5002	-004.7959
Discharging:	09150.00	03.5779	-0.5002	-004.8108
Discharging:	09180.00	03.5768	-0.5002	-004.8257
Discharging:	09210.00	03.5756	-0.5002	-004.8406
Discharging:	09240.00	03.5744	-0.5002	-004.8555
Discharging:	09270.00	03.5732	-0.5002	-004.8704
Discharging:	09300.00	03.5720	-0.5002	-004.8853
Discharging:	09330.00	03.5708	-0.5002	-004.9002
Discharging:	09360.00	03.5697	-0.5002	-004.9150
Discharging:	09390.00	03.5684	-0.5002	-004.9299
Discharging:	09420.00	03.5672	-0.5002	-004.9448
Discharging:	09450.00	03.5660	-0.5002	-004.9596
Discharging:	09480.00	03.5649	-0.5002	-004.9745
Discharging:	09510.00	03.5637	-0.5001	-004.9894
Discharging:	09540.00	03.5625	-0.5002	-005.0042
Discharging:	09570.00	03.5613	-0.5001	-005.0190
Discharging:	09600.00	03.5601	-0.5002	-005.0339
Discharging:	09630.00	03.5589	-0.5002	-005.0487
Discharging:	09660.00	03.5577	-0.5001	-005.0635
Discharging:	09690.00	03.5564	-0.5002	-005.0784
Discharging:	09720.00	03.5552	-0.5002	-005.0932
Discharging:	09750.00	03.5540	-0.5002	-005.1080
Discharging:	09780.00	03.5528	-0.5002	-005.1228
Discharging:	09810.00	03.5516	-0.5001	-005.1376
Discharging:	09840.00	03.5504	-0.5001	-005.1524
Discharging:	09870.00	03.5492	-0.5002	-005.1672
Discharging:	09900.00	03.5480	-0.5002	-005.1820
Discharging:	09930.00	03.5467	-0.5002	-005.1968
Discharging:	09960.00	03.5454	-0.5002	-005.2116
Discharging:	09990.00	03.5442	-0.5001	-005.2263
Discharging:	10020.00	03.5430	-0.5002	-005.2411
Discharging:	10050.00	03.5417	-0.5001	-005.2559
Discharging:	10080.00	03.5404	-0.5002	-005.2706
Discharging:	10110.00	03.5392	-0.5002	-005.2854
Discharging:	10140.00	03.5380	-0.5002	-005.3001
Discharging:	10170.00	03.5367	-0.5002	-005.3148
Discharging:	10200.00	03.5354	-0.5002	-005.3296
Discharging:	10230.00	03.5341	-0.5002	-005.3443
Discharging:	10260.00	03.5329	-0.5002	-005.3590
Discharging:	10290.00	03.5315	-0.5002	-005.3738
Discharging:	10320.00	03.5303	-0.5002	-005.3885
Discharging:	10350.00	03.5290	-0.5001	-005.4032
Discharging:	10380.00	03.5276	-0.5002	-005.4179
Discharging:	10410.00	03.5263	-0.5002	-005.4326
Discharging:	10440.00	03.5250	-0.5002	-005.4473
Discharging:	10470.00	03.5237	-0.5002	-005.4620
Discharging:	10500.00	03.5224	-0.5002	-005.4766
Discharging:	10530.00	03.5210	-0.5002	-005.4913
Discharging:	10560.00	03.5197	-0.5002	-005.5060
Discharging:	10590.00	03.5184	-0.5002	-005.5207
Discharging:	10620.00	03.5171	-0.5001	-005.5353
Discharging:	10650.00	03.5158	-0.5002	-005.5500
Discharging:	10680.00	03.5144	-0.5002	-005.5646
Discharging:	10710.00	03.5131	-0.5002	-005.5793
Discharging:	10740.00	03.5118	-0.5002	-005.5939
Discharging:	10770.00	03.5104	-0.5002	-005.6085
Discharging:	10800.00	03.5090	-0.5002	-005.6232
Discharging:	10830.00	03.5077	-0.5001	-005.6378
Discharging:	10860.00	03.5063	-0.5002	-005.6524
Discharging:	10890.00	03.5049	-0.5002	-005.6670
Discharging:	10920.00	03.5035	-0.5002	-005.6816
Discharging:	10950.00	03.5022	-0.5001	-005.6962
Discharging:	10980.00	03.5008	-0.5002	-005.7108
Discharging:	11010.00	03.4994	-0.5002	-005.7254
Discharging:	11040.00	03.4980	-0.5002	-005.7400
Discharging:	11070.00	03.4967	-0.5002	-005.7545
Discharging:	11100.00	03.4952	-0.5001	-005.7691
Discharging:	11130.00	03.4939	-0.5002	-005.7837
Discharging:	11160.00	03.4925	-0.5002	-005.7982
Discharging:	11190.00	03.4911	-0.5001	-005.8128
Discharging:	11220.00	03.4897	-0.5002	-005.8273
Discharging:	11250.00	03.4883	-0.5002	-005.8418
Discharging:	11280.00	03.4869	-0.5002	-005.8564
Discharging:	11310.00	03.4855	-0.5001	-005.8709
Discharging:	11340.00	03.4841	-0.5001	-005.8854
Discharging:	11370.00	03.4827	-0.5001	-005.8999
Discharging:	11400.00	03.4814	-0.5002	-005.9145
Discharging:	11430.00	03.4800	-0.5002	-005.9290
Discharging:	11460.00	03.4786	-0.5002	-005.9435
Discharging:	11490.00	03.4772	-0.5002	-005.9580
Discharging:	11520.00	03.4758	-0.5002	-005.9724
Discharging:	11550.00	03.4744	-0.5001	-005.9869
Discharging:	11580.00	03.4730	-0.5002	-006.0014
Discharging:	11610.00	03.4716	-0.5001	-006.0159
Discharging:	11640.00	03.4702	-0.5002	-006.0303
Discharging:	11670.00	03.4688	-0.5002	-006.0448
Discharging:	11700.00	03.4674	-0.5002	-006.0592
Discharging:	11730.00	03.4660	-0.5002	-006.0737
Discharging:	11760.00	03.4645	-0.5002	-006.0881
Discharging:	11790.00	03.4631	-0.5002	-006.1026
Discharging:	11820.00	03.4617	-0.5002	-006.1170
Discharging:	11850.00	03.4603	-0.5002	-006.1314
Discharging:	11880.00	03.4588	-0.5002	-006.1458
Discharging:	11910.00	03.4573	-0.5002	-006.1602
Discharging:	11940.00	03.4559	-0.5002	-006.1746
Discharging:	11970.00	03.4545	-0.5002	-006.1890
Discharging:	12000.00	03.4530	-0.5002	-006.2034
Discharging:	12030.00	03.4516	-0.5002	-006.2178
Discharging:	12060.00	03.4501	-0.5002	-006.2322
Discharging:	12090.00	03.4485	-0.5002	-006.2466
Discharging:	12120.00	03.4470	-0.5002	-006.2609
Discharging:	12150.00	03.4454	-0.5002	-006.2753
Discharging:	12180.00	03.4439	-0.5002	-006.2897
Discharging:	12210.00	03.4423	-0.5002	-006.3040
Discharging:	12240.00	03.4407	-0.5002	-006.3183
Discharging:	12270.00	03.4391	-0.5002	-006.3327
Discharging:	12300.00	03.4375	-0.5001	-006.3470
Discharging:	12330.00	03.4358	-0.5002	-006.3613
Discharging:	12360.00	03.4343	-0.5002	-006.3756
Discharging:	12390.00	03.4326	-0.5002	-006.3900
Discharging:	12420.00	03.4309	-0.5002	-006.4043
Discharging:	12450.00	03.4292	-0.5002	-006.4185
Discharging:	12480.00	03.4274	-0.5002	-006.4328
Discharging:	12510.00	03.4256	-0.5002	-006.4471
Discharging:	12540.00	03.4238	-0.5002	-006.4614
Discharging:	12570.00	03.4219	-0.5002	-006.4756
Discharging:	12600.00	03.4201	-0.5002	-006.4899
Discharging:	12630.00	03.4181	-0.5002	-006.5041
Discharging:	12660.00	03.4161	-0.5002	-006.5184
Discharging:	12690.00	03.4142	-0.5002	-006.5326
Discharging:	12720.00	03.4121	-0.5002	-006.5468
Discharging:	12750.00	03.4100	-0.5002	-006.5610
Discharging:	12780.00	03.4078	-0.5002	-006.5753
Discharging:	12810.00	03.4056	-0.5002	-006.5894
Discharging:	12840.00	03.4033	-0.5002	-006.6036
Discharging:	12870.00	03.4008	-0.5002	-006.6178
Discharging:	12900.00	03.3984	-0.5001	-006.6320
Discharging:	12930.00	03.3958	-0.5002	-006.6461
Discharging:	12960.00	03.3932	-0.5001	-006.6603
Discharging:	12990.00	03.3905	-0.5002	-006.6744
Discharging:	13020.00	03.3877	-0.5002	-006.6885
Discharging:	13050.00	03.3847	-0.5002	-006.7026
Discharging:	13080.00	03.3817	-0.5002	-006.7167
Discharging:	13110.00	03.3785	-0.5002	-006.7308
Discharging:	13140.00	03.3753	-0.5002	-006.7449
Discharging:	13170.00	03.3720	-0.5002	-006.7589
Discharging:	13200.00	03.3684	-0.5002	-006.7730
Discharging:	13230.00	03.3648	-0.5002	-006.7870
Discharging:	13260.00	03.3611	-0.5002	-006.8010
Discharging:	13290.00	03.3572	-0.5002	-006.8150
Discharging:	13320.00	03.3531	-0.5002	-006.8290
Discharging:	13350.00	03.3491	-0.5002	-006.8429
Discharging:	13380.00	03.3449	-0.5002	-006.8569
Discharging:	13410.00	03.3405	-0.5002	-006.8708
Discharging:	13440.00	03.3359	-0.5002	-006.8847
Discharging:	13470.00	03.3312	-0.5002	-006.8986
Discharging:	13500.00	03.3265	-0.5002	-006.9124
Discharging:	13530.00	03.3216	-0.5002	-006.9263
Discharging:	13560.00	03.3166	-0.5002	-006.9401
Discharging:	13590.00	03.3114	-0.5002	-006.9539
Discharging:	13620.00	03.3061	-0.5002	-006.9677
Discharging:	13650.00	03.3007	-0.5002	-006.9815
Discharging:	13680.00	03.2950	-0.5002	-006.9952
Discharging:	13710.00	03.2894	-0.5002	-007.0089
Discharging:	13740.00	03.2835	-0.5001	-007.0226
Discharging:	13770.00	03.2775	-0.5002	-007.0362
Discharging:	13800.00	03.2713	-0.5002	-007.0499
Discharging:	13830.00	03.2651	-0.5002	-007.0635
Discharging:	13860.00	03.2586	-0.5002	-007.0771
Discharging:	13890.00	03.2519	-0.5002	-007.0906
Discharging:	13920.00	03.2452	-0.5002	-007.1042
Discharging:	13950.00	03.2382	-0.5002	-007.1177
Discharging:	13980.00	03.2312	-0.5002	-007.1311
Discharging:	14010.00	03.2240	-0.5002	-007.1446
Discharging:	14040.00	03.2166	-0.5002	-007.1580
Discharging:	14070.00	03.2090	-0.5002	-007.1713
Discharging:	14100.00	03.2012	-0.5002	-007.1847
Discharging:	14130.00	03.1932	-0.5001	-007.1980
Discharging:	14160.00	03.1851	-0.5001	-007.2113
Discharging:	14190.00	03.1767	-0.5002	-007.2245
Discharging:	14220.00	03.1680	-0.5002	-007.2377
Discharging:	14250.00	03.1592	-0.5002	-007.2509
Discharging:	14280.00	03.1501	-0.5002	-007.2640
Discharging:	14310.00	03.1408	-0.5002	-007.2771
Discharging:	14340.00	03.1311	-0.5002	-007.2902
Discharging:	14370.00	03.1214	-0.5002	-007.3032
Discharging:	14400.00	03.1112	-0.5002	-007.3161
Discharging:	14430.00	03.1008	-0.5002	-007.3291
Discharging:	14460.00	03.0900	-0.5002	-007.3419
Discharging:	14490.00	03.0790	-0.5002	-007.3548
Discharging:	14520.00	03.0674	-0.5002	-007.3676
Discharging:	14550.00	03.0558	-0.5002	-007.3803
Discharging:	14580.00	03.0436	-0.5002	-007.3930
Discharging:	14610.00	03.0312	-0.5002	-007.4056
Discharging:	14640.00	03.0183	-0.5002	-007.4182
Discharging:	14670.00	03.0048	-0.5002	-007.4307
Discharging:	14700.00	02.9910	-0.5002	-007.4432
Recharging:	00030.00	03.0288	00.5008	0000.0126
Recharging:	00060.00	03.1258	00.5004	0000.0257
Recharging:	00090.00	03.1607	00.5004	0000.0389
Recharging:	00120.00	03.1880	00.5004	0000.0522
Recharging:	00150.00	03.2114	00.5004	0000.0655
Recharging:	00180.00	03.2320	00.5004	0000.0790
Recharging:	00210.00	03.2507	00.5004	0000.0926
Recharging:	00240.00	03.2679	00.5004	0000.1062
Recharging:	00270.00	03.2836	00.5004	0000.1199
Recharging:	00300.00	03.2982	00.5004	0000.1337
Recharging:	00330.00	03.3119	00.5004	0000.1475
Recharging:	00360.00	03.3247	00.5004	0000.1613
Recharging:	00390.00	03.3367	00.5004	0000.1752
Recharging:	00420.00	03.3481	00.5004	0000.1892
Recharging:	00450.00	03.3588	00.5004	0000.2032
Recharging:	00480.00	03.3691	00.5004	0000.2173
Recharging:	00510.00	03.3787	00.5004	0000.2314
Recharging:	00540.00	03.3880	00.5004	0000.2455
Recharging:	00570.00	03.3967	00.5004	0000.2596
Recharging:	00600.00	03.4051	00.5004	0000.2738
Recharging:	00630.00	03.4129	00.5004	0000.2881
Recharging:	00660.00	03.4205	00.5004	0000.3023
Recharging:	00690.00	03.4277	00.5004	0000.3166
Recharging:	00720.00	03.4346	00.5004	0000.3310
Recharging:	00750.00	03.4410	00.5004	0000.3453
Recharging:	00780.00	03.4472	00.5004	0000.3597
Recharging:	00810.00	03.4531	00.5004	0000.3741
Recharging:	00840.00	03.4586	00.5004	0000.3885
Recharging:	00870.00	03.4638	00.5005	0000.4030
Recharging:	00900.00	03.4687	00.5004	0000.4174
Recharging:	00930.00	03.4732	00.5004	0000.4319
Recharging:	00960.00	03.4776	00.5004	0000.4464
Recharging:	00990.00	03.4816	00.5004	0000.4609
Recharging:	01020.00	03.4854	00.5004	0000.4755
Recharging:	01050.00	03.4890	00.5004	0000.4900
Recharging:	01080.00	03.4923	00.5004	0000.5046
Recharging:	01110.00	03.4954	00.5005	0000.5192
Recharging:	01140.00	03.4983	00.5004	0000.5337
Recharging:	01170.00	03.5011	00.5004	0000.5483
Recharging:	01200.00	03.5037	00.5004	0000.5630
Recharging:	01230.00	03.5061	00.5005	0000.5776
Recharging:	01260.00	03.5084	00.5004	0000.5922
Recharging:	01290.00	03.5106	00.5005	0000.6068
Recharging:	01320.00	03.5127	00.5005	0000.6215
Recharging:	01350.00	03.5146	00.5004	0000.6362
Recharging:	01380.00	03.5165	00.5004	0000.6508
Recharging:	01410.00	03.5182	00.5005	0000.6655
Recharging:	01440.00	03.5198	00.5004	0000.6802
Recharging:	01470.00	03.5215	00.5004	0000.6949
Recharging:	01500.00	03.5231	00.5005	0000.7096
Recharging:	01530.00	03.5246	00.5004	0000.7242
Recharging:	01560.00	03.5262	00.5005	0000.7390
Recharging:	01590.00	03.5278	00.5004	0000.7537
Recharging:	01620.00	03.5292	00.5005	0000.7684
Recharging:	01650.00	03.5307	00.5004	0000.7831
Recharging:	01680.00	03.5321	00.5005	0000.7978
Recharging:	01710.00	03.5335	00.5005	0000.8126
Recharging:	01740.00	03.5349	00.5004	0000.8273
Recharging:	01770.00	03.5363	00.5004	0000.8421
Recharging:	01800.00	03.5377	00.5004	0000.8568
Recharging:	01830.00	03.5391	00.5004	0000.8716
Recharging:	01860.00	03.5404	00.5005	0000.8863
Recharging:	01890.00	03.5418	00.5004	0000.9011
Recharging:	01920.00	03.5431	00.5004	0000.9159
Recharging:	01950.00	03.5444	00.5005	0000.9307
Recharging:	01980.00	03.5458	00.5005	0000.9455
Recharging:	02010.00	03.5471	00.5004	0000.9603
Recharging:	02040.00	03.5485	00.5004	0000.9751
Recharging:	02070.00	03.5498	00.5005	0000.9899
Recharging:	02100.00	03.5511	00.5005	0001.0047
Recharging:	02130.00	03.5524	00.5005	0001.0195
Recharging:	02160.00	03.5538	00.5005	0001.0343
Recharging:	02190.00	03.5551	00.5005	0001.0491
Recharging:	02220.00	03.5564	00.5005	0001.0640
Recharging:	02250.00	03.5577	00.5005	0001.0788
Recharging:	02280.00	03.5591	00.5005	0001.0936
Recharging:	02310.00	03.5604	00.5004	0001.1085
Recharging:	02340.00	03.5618	00.5004	0001.1233
Recharging:	02370.00	03.5631	00.5005	0001.1382
Recharging:	02400.00	03.5644	00.5004	0001.1531
Recharging:	02430.00	03.5658	00.5005	0001.1679
Recharging:	02460.00	03.5671	00.5004	0001.1828
Recharging:	02490.00	03.5684	00.5005	0001.1977
Recharging:	02520.00	03.5698	00.5005	0001.2126
Recharging:	02550.00	03.5711	00.5005	0001.2275
Recharging:	02580.00	03.5725	00.5005	0001.2424
Recharging:	02610.00	03.5739	00.5005	0001.2573
Recharging:	02640.00	03.5752	00.5005	0001.2722
Recharging:	02670.00	03.5765	00.5005	0001.2871
Recharging:	02700.00	03.5779	00.5005	0001.3020
Recharging:	02730.00	03.5793	00.5005	0001.3170
Recharging:	02760.00	03.5806	00.5004	0001.3319
Recharging:	02790.00	03.5819	00.5004	0001.3468
Recharging:	02820.00	03.5833	00.5005	0001.3618
Recharging:	02850.00	03.5846	00.5005	0001.3767
Recharging:	02880.00	03.5860	00.5004	0001.3917
Recharging:	02910.00	03.5874	00.5004	0001.4066
Recharging:	02940.00	03.5888	00.5005	0001.4216
Recharging:	02970.00	03.5902	00.5004	0001.4366
Recharging:	03000.00	03.5916	00.5005	0001.4516
Recharging:	03030.00	03.5930	00.5004	0001.4665
Recharging:	03060.00	03.5943	00.5004	0001.4815
Recharging:	03090.00	03.5958	00.5004	0001.4965
Recharging:	03120.00	03.5971	00.5005	0001.5115
Recharging:	03150.00	03.5986	00.5004	0001.5265
Recharging:	03180.00	03.5999	00.5005	0001.5416
Recharging:	03210.00	03.6012	00.5005	0001.5566
Recharging:	03240.00	03.6026	00.5004	0001.5716
Recharging:	03270.00	03.6040	00.5004	0001.5866
Recharging:	03300.00	03.6054	00.5005	0001.6017
Recharging:	03330.00	03.6068	00.5004	0001.6167
Recharging:	03360.00	03.6082	00.5005	0001.6318
Recharging:	03390.00	03.6096	00.5005	0001.6468
Recharging:	03420.00	03.6110	00.5004	0001.6619
Recharging:	03450.00	03.6124	00.5005	0001.6769
Recharging:	03480.00	03.6138	00.5004	0001.6920
Recharging:	03510.00	03.6152	00.5005	0001.7071
Recharging:	03540.00	03.6166	00.5005	0001.7222
Recharging:	03570.00	03.6180	00.5004	0001.7372
Recharging:	03600.00	03.6194	00.5005	0001.7523
Recharging:	03630.00	03.6208	00.5004	0001.7674
Recharging:	03660.00	03.6221	00.5005	0001.7826
Recharging:	03690.00	03.6235	00.5005	0001.7977
Recharging:	03720.00	03.6249	00.5005	0001.8128
Recharging:	03750.00	03.6264	00.5005	0001.8279
Recharging:	03780.00	03.6277	00.5005	0001.8430
Recharging:	03810.00	03.6291	00.5005	0001.8582
Recharging:	03840.00	03.6305	00.5005	0001.8733
Recharging:	03870.00	03.6319	00.5005	0001.8885
Recharging:	03900.00	03.6333	00.5005	0001.9036
Recharging:	03930.00	03.6347	00.5005	0001.9188
Recharging:	03960.00	03.6361	00.5004	0001.9339
Recharging:	03990.00	03.6374	00.5005	0001.9491
Recharging:	04020.00	03.6388	00.5004	0001.9643
Recharging:	04050.00	03.6402	00.5005	0001.9795
Recharging:	04080.00	03.6416	00.5005	0001.9946
Recharging:	04110.00	03.6429	00.5004	0002.0098
Recharging:	04140.00	03.6443	00.5005	0002.0250
Recharging:	04170.00	03.6457	00.5005	0002.0402
Recharging:	04200.00	03.6470	00.5005	0002.0555
Recharging:	04230.00	03.6483	00.5005	0002.0707
Recharging:	04260.00	03.6498	00.5005	0002.0859
Recharging:	04290.00	03.6511	00.5005	0002.1011
Recharging:	04320.00	03.6525	00.5004	0002.1163
Recharging:	04350.00	03.6538	00.5004	0002.1316
Recharging:	04380.00	03.6552	00.5005	0002.1468
Recharging:	04410.00	03.6566	00.5005	0002.1621
Recharging:	04440.00	03.6579	00.5004	0002.1773
Recharging:	04470.00	03.6593	00.5004	0002.1926
Recharging:	04500.00	03.6606	00.5005	0002.2079
Recharging:	04530.00	03.6620	00.5005	0002.2231
Recharging:	04560.00	03.6634	00.5005	0002.2384
Recharging:	04590.00	03.6648	00.5005	0002.2537
Recharging:	04620.00	03.6661	00.5004	0002.2690
Recharging:	04650.00	03.6675	00.5005	0002.2843
Recharging:	04680.00	03.6689	00.5005	0002.2996
Recharging:	04710.00	03.6703	00.5005	0002.3149
Recharging:	04740.00	03.6717	00.5005	0002.3302
Recharging:	04770.00	03.6730	00.5004	0002.3455
Recharging:	04800.00	03.6745	00.5004	0002.3608
Recharging:	04830.00	03.6759	00.5004	0002.3762
Recharging:	04860.00	03.6773	00.5004	0002.3915
Recharging:	04890.00	03.6787	00.5004	0002.4069
Recharging:	04920.00	03.6801	00.5004	0002.4222
Recharging:	04950.00	03.6815	00.5005	0002.4376
Recharging:	04980.00	03.6829	00.5004	0002.4529
Recharging:	05010.00	03.6843	00.5005	0002.4683
Recharging:	05040.00	03.6856	00.5005	0002.4836
Recharging:	05070.00	03.6871	00.5005	0002.4990
Recharging:	05100.00	03.6885	00.5004	0002.5144
Recharging:	05130.00	03.6898	00.5005	0002.5298
Recharging:	05160.00	03.6913	00.5005	0002.5452
Recharging:	05190.00	03.6928	00.5005	0002.5606
Recharging:	05220.00	03.6942	00.5005	0002.5760
Recharging:	05250.00	03.6956	00.5004	0002.5914
Recharging:	05280.00	03.6970	00.5004	0002.6068
Recharging:	05310.00	03.6984	00.5005	0002.6223
Recharging:	05340.00	03.6998	00.5004	0002.6377
Recharging:	05370.00	03.7012	00.5005	0002.6531
Recharging:	05400.00	03.7027	00.5004	0002.6686
Recharging:	05430.00	03.7041	00.5005	0002.6840
Recharging:	05460.00	03.7056	00.5005	0002.6995
Recharging:	05490.00	03.7070	00.5004	0002.7149
Recharging:	05520.00	03.7084	00.5005	0002.7304
Recharging:	05550.00	03.7097	00.5005	0002.7459
Recharging:	05580.00	03.7111	00.5004	0002.7613
Recharging:	05610.00	03.7126	00.5005	0002.7768
Recharging:	05640.00	03.7140	00.5005	0002.7923
Recharging:	05670.00	03.7154	00.5004	0002.8078
Recharging:	05700.00	03.7168	00.5005	0002.8233
Recharging:	05730.00	03.7182	00.5005	0002.8388
Recharging:	05760.00	03.7196	00.5005	0002.8543
Recharging:	05790.00	03.7211	00.5005	0002.8698
Recharging:	05820.00	03.7226	00.5004	0002.8854
Recharging:	05850.00	03.7240	00.5005	0002.9009
Recharging:	05880.00	03.7253	00.5005	0002.9164
Recharging:	05910.00	03.7266	00.5005	0002.9320
Recharging:	05940.00	03.7281	00.5005	0002.9475
Recharging:	05970.00	03.7294	00.5005	0002.9631
Recharging:	06000.00	03.7308	00.5005	0002.9786
Recharging:	06030.00	03.7322	00.5005	0002.9942
Recharging:	06060.00	03.7336	00.5005	0003.0098
Recharging:	06090.00	03.7350	00.5005	0003.0254
Recharging:	06120.00	03.7365	00.5005	0003.0409
Recharging:	06150.00	03.7379	00.5005	0003.0565
Recharging:	06180.00	03.7393	00.5005	0003.0721
Recharging:	06210.00	03.7407	00.5005	0003.0877
Recharging:	06240.00	03.7421	00.5005	0003.1033
Recharging:	06270.00	03.7435	00.5005	0003.1189
Recharging:	06300.00	03.7449	00.5005	0003.1346
Recharging:	06330.00	03.7464	00.5005	0003.1502
Recharging:	06360.00	03.7478	00.5005	0003.1658
Recharging:	06390.00	03.7492	00.5005	0003.1814
Recharging:	06420.00	03.7506	00.5005	0003.1971
Recharging:	06450.00	03.7520	00.5005	0003.2127
Recharging:	06480.00	03.7534	00.5004	0003.2284
Recharging:	06510.00	03.7549	00.5005	0003.2440
Recharging:	06540.00	03.7563	00.5004	0003.2597
Recharging:	06570.00	03.7578	00.5005	0003.2754
Recharging:	06600.00	03.7592	00.5005	0003.2911
Recharging:	06630.00	03.7607	00.5005	0003.3067
Recharging:	06660.00	03.7621	00.5005	0003.3224
Recharging:	06690.00	03.7635	00.5005	0003.3381
Recharging:	06720.00	03.7650	00.5005	0003.3538
Recharging:	06750.00	03.7664	00.5005	0003.3695
Recharging:	06780.00	03.7678	00.5005	0003.3853
Recharging:	06810.00	03.7692	00.5005	0003.4010
Recharging:	06840.00	03.7707	00.5005	0003.4167
Recharging:	06870.00	03.7721	00.5005	0003.4324
Recharging:	06900.00	03.7735	00.5004	0003.4482
Recharging:	06930.00	03.7750	00.5005	0003.4639
Recharging:	06960.00	03.7764	00.5005	0003.4797
Recharging:	06990.00	03.7779	00.5005	0003.4954
Recharging:	07020.00	03.7793	00.5005	0003.5112
Recharging:	07050.00	03.7809	00.5004	0003.5269
Recharging:	07080.00	03.7823	00.5004	0003.5427
Recharging:	07110.00	03.7837	00.5005	0003.5585
Recharging:	07140.00	03.7852	00.5005	0003.5743
Recharging:	07170.00	03.7867	00.5005	0003.5901
Recharging:	07200.00	03.7881	00.5005	0003.6059
Recharging:	07230.00	03.7896	00.5004	0003.6217
Recharging:	07260.00	03.7911	00.5005	0003.6375
Recharging:	07290.00	03.7925	00.5004	0003.6533
Recharging:	07320.00	03.7939	00.5005	0003.6691
Recharging:	07350.00	03.7954	00.5005	0003.6850
Recharging:	07380.00	03.7969	00.5005	0003.7008
Recharging:	07410.00	03.7983	00.5005	0003.7166
Recharging:	07440.00	03.7998	00.5005	0003.7325
Recharging:	07470.00	03.8012	00.5005	0003.7483
Recharging:	07500.00	03.8027	00.5005	0003.7642
Recharging:	07530.00	03.8041	00.5005	0003.7801
Recharging:	07560.00	03.8056	00.5005	0003.7959
Recharging:	07590.00	03.8071	00.5005	0003.8118
Recharging:	07620.00	03.8086	00.5005	0003.8277
Recharging:	07650.00	03.8100	00.5004	0003.8436
Recharging:	07680.00	03.8114	00.5004	0003.8595
Recharging:	07710.00	03.8128	00.5004	0003.8754
Recharging:	07740.00	03.8143	00.5004	0003.8913
Recharging:	07770.00	03.8157	00.5004	0003.9072
Recharging:	07800.00	03.8172	00.5004	0003.9231
Recharging:	07830.00	03.8187	00.5004	0003.9390
Recharging:	07860.00	03.8201	00.5004	0003.9550
Recharging:	07890.00	03.8215	00.5004	0003.9709
Recharging:	07920.00	03.8230	00.5004	0003.9868
Recharging:	07950.00	03.8244	00.5004	0004.0028
Recharging:	07980.00	03.8258	00.5004	0004.0188
Recharging:	08010.00	03.8273	00.5004	0004.0347
Recharging:	08040.00	03.8288	00.5004	0004.0507
Recharging:	08070.00	03.8302	00.5004	0004.0667
Recharging:	08100.00	03.8316	00.5004	0004.0826
Recharging:	08130.00	03.8331	00.5004	0004.0986
Recharging:	08160.00	03.8344	00.5004	0004.1146
Recharging:	08190.00	03.8359	00.5004	0004.1306
Recharging:	08220.00	03.8373	00.5005	0004.1466
Recharging:	08250.00	03.8388	00.5004	0004.1626
Recharging:	08280.00	03.8402	00.5005	0004.1786
Recharging:	08310.00	03.8415	00.5005	0004.1947
Recharging:	08340.00	03.8430	00.5004	0004.2107
Recharging:	08370.00	03.8444	00.5005	0004.2267
Recharging:	08400.00	03.8458	00.5005	0004.2428
Recharging:	08430.00	03.8472	00.5005	0004.2588
Recharging:	08460.00	03.8486	00.5005	0004.2748
Recharging:	08490.00	03.8499	00.5005	0004.2909
Recharging:	08520.00	03.8513	00.5004	0004.3070
Recharging:	08550.00	03.8527	00.5004	0004.3230
Recharging:	08580.00	03.8541	00.5005	0004.3391
Recharging:	08610.00	03.8554	00.5005	0004.3552
Recharging:	08640.00	03.8568	00.5005	0004.3713
Recharging:	08670.00	03.8582	00.5005	0004.3874
Recharging:	08700.00	03.8596	00.5004	0004.4035
Recharging:	08730.00	03.8609	00.5005	0004.4196
Recharging:	08760.00	03.8624	00.5005	0004.4357
Recharging:	08790.00	03.8637	00.5005	0004.4518
Recharging:	08820.00	03.8650	00.5005	0004.4679
Recharging:	08850.00	03.8664	00.5005	0004.4840
Recharging:	08880.00	03.8678	00.5005	0004.5002
Recharging:	08910.00	03.8691	00.5005	0004.5163
Recharging:	08940.00	03.8705	00.5005	0004.5324
Recharging:	08970.00	03.8718	00.5005	0004.5486
Recharging:	09000.00	03.8732	00.5005	0004.5647
Recharging:	09030.00	03.8746	00.5004	0004.5809
Recharging:	09060.00	03.8759	00.5005	0004.5971
Recharging:	09090.00	03.8772	00.5005	0004.6132
Recharging:	09120.00	03.8785	00.5005	0004.6294
Recharging:	09150.00	03.8798	00.5005	0004.6456
Recharging:	09180.00	03.8812	00.5005	0004.6618
Recharging:	09210.00	03.8826	00.5005	0004.6780
Recharging:	09240.00	03.8839	00.5005	0004.6942
Recharging:	09270.00	03.8852	00.5005	0004.7104
Recharging:	09300.00	03.8865	00.5005	0004.7266
Recharging:	09330.00	03.8879	00.5005	0004.7428
Recharging:	09360.00	03.8892	00.5004	0004.7590
Recharging:	09390.00	03.8905	00.5005	0004.7752
Recharging:	09420.00	03.8919	00.5005	0004.7915
Recharging:	09450.00	03.8932	00.5005	0004.8077
Recharging:	09480.00	03.8945	00.5005	0004.8239
Recharging:	09510.00	03.8959	00.5005	0004.8402
Recharging:	09540.00	03.8972	00.5005	0004.8564
Recharging:	09570.00	03.8985	00.5005	0004.8727
Recharging:	09600.00	03.8998	00.5005	0004.8890
Recharging:	09630.00	03.9012	00.5005	0004.9052
Recharging:	09660.00	03.9025	00.5004	0004.9215
Recharging:	09690.00	03.9038	00.5005	0004.9378
Recharging:	09720.00	03.9051	00.5005	0004.9541
Recharging:	09750.00	03.9065	00.5005	0004.9704
Recharging:	09780.00	03.9078	00.5005	0004.9867
Recharging:	09810.00	03.9091	00.5005	0005.0030
Recharging:	09840.00	03.9104	00.5005	0005.0193
Recharging:	09870.00	03.9118	00.5005	0005.0356
Recharging:	09900.00	03.9132	00.5004	0005.0519
Recharging:	09930.00	03.9145	00.5005	0005.0682
Recharging:	09960.00	03.9159	00.5005	0005.0846
Recharging:	09990.00	03.9172	00.5004	0005.1009
Recharging:	10020.00	03.9186	00.5005	0005.1173
Recharging:	10050.00	03.9199	00.5005	0005.1336
Recharging:	10080.00	03.9213	00.5004	0005.1500
Recharging:	10110.00	03.9226	00.5004	0005.1663
Recharging:	10140.00	03.9240	00.5005	0005.1827
Recharging:	10170.00	03.9254	00.5005	0005.1991
Recharging:	10200.00	03.9268	00.5005	0005.2154
Recharging:	10230.00	03.9281	00.5005	0005.2318
Recharging:	10260.00	03.9295	00.5005	0005.2482
Recharging:	10290.00	03.9309	00.5005	0005.2646
Recharging:	10320.00	03.9323	00.5005	0005.2810
Recharging:	10350.00	03.9335	00.5005	0005.2974
Recharging:	10380.00	03.9349	00.5005	0005.3138
Recharging:	10410.00	03.9363	00.5005	0005.3302
Recharging:	10440.00	03.9377	00.5005	0005.3466
Recharging:	10470.00	03.9390	00.5004	0005.3631
Recharging:	10500.00	03.9405	00.5005	0005.3795
Recharging:	10530.00	03.9419	00.5004	0005.3959
Recharging:	10560.00	03.9434	00.5005	0005.4124
Recharging:	10590.00	03.9448	00.5005	0005.4288
Recharging:	10620.00	03.9462	00.5005	0005.4453
Recharging:	10650.00	03.9476	00.5005	0005.4618
Recharging:	10680.00	03.9491	00.5005	0005.4782
Recharging:	10710.00	03.9505	00.5005	0005.4947
Recharging:	10740.00	03.9519	00.5005	0005.5112
Recharging:	10770.00	03.9535	00.5005	0005.5277
Recharging:	10800.00	03.9550	00.5005	0005.5442
Recharging:	10830.00	03.9564	00.5005	0005.5607
Recharging:	10860.00	03.9579	00.5005	0005.5772
Recharging:	10890.00	03.9593	00.5005	0005.5937
Recharging:	10920.00	03.9608	00.5005	0005.6102
Recharging:	10950.00	03.9623	00.5004	0005.6267
Recharging:	10980.00	03.9638	00.5005	0005.6433
Recharging:	11010.00	03.9654	00.5004	0005.6598
Recharging:	11040.00	03.9669	00.5005	0005.6764
Recharging:	11070.00	03.9684	00.5005	0005.6929
Recharging:	11100.00	03.9699	00.5005	0005.7095
Recharging:	11130.00	03.9714	00.5004	0005.7260
Recharging:	11160.00	03.9731	00.5004	0005.7426
Recharging:	11190.00	03.9747	00.5004	0005.7592
Recharging:	11220.00	03.9762	00.5005	0005.7758
Recharging:	11250.00	03.9778	00.5005	0005.7923
Recharging:	11280.00	03.9794	00.5005	0005.8089
Recharging:	11310.00	03.9810	00.5005	0005.8255
Recharging:	11340.00	03.9826	00.5005	0005.8421
Recharging:	11370.00	03.9842	00.5005	0005.8588
Recharging:	11400.00	03.9858	00.5005	0005.8754
Recharging:	11430.00	03.9874	00.5005	0005.8920
Recharging:	11460.00	03.9892	00.5005	0005.9087
Recharging:	11490.00	03.9907	00.5005	0005.9253
Recharging:	11520.00	03.9924	00.5004	0005.9419
Recharging:	11550.00	03.9941	00.5005	0005.9586
Recharging:	11580.00	03.9957	00.5005	0005.9753
Recharging:	11610.00	03.9974	00.5005	0005.9919
Recharging:	11640.00	03.9991	00.5005	0006.0086
Recharging:	11670.00	04.0009	00.5004	0006.0253
Recharging:	11700.00	04.0026	00.5004	0006.0420
Recharging:	11730.00	04.0043	00.5005	0006.0587
Recharging:	11760.00	04.0061	00.5005	0006.0754
Recharging:	11790.00	04.0078	00.5004	0006.0921
Recharging:	11820.00	04.0096	00.5005	0006.1088
Recharging:	11850.00	04.0114	00.5004	0006.1256
Recharging:	11880.00	04.0132	00.5005	0006.1423
Recharging:	11910.00	04.0150	00.5005	0006.1591
Recharging:	11940.00	04.0167	00.5005	0006.1758
Recharging:	11970.00	04.0185	00.5004	0006.1926
Recharging:	12000.00	04.0204	00.5005	0006.2093
Recharging:	12030.00	04.0222	00.5004	0006.2261
Recharging:	12060.00	04.0241	00.5005	0006.2429
Recharging:	12090.00	04.0260	00.5005	0006.2597
Recharging:	12120.00	04.0278	00.5005	0006.2765
Recharging:	12150.00	04.0297	00.5005	0006.2933
Recharging:	12180.00	04.0316	00.5005	0006.3101
Recharging:	12210.00	04.0335	00.5005	0006.3269
Recharging:	12240.00	04.0354	00.5005	0006.3437
Recharging:	12270.00	04.0373	00.5005	0006.3606
Recharging:	12300.00	04.0392	00.5005	0006.3774
Recharging:	12330.00	04.0411	00.5005	0006.3943
Recharging:	12360.00	04.0430	00.5005	0006.4111
Recharging:	12390.00	04.0450	00.5005	0006.4280
Recharging:	12420.00	04.0469	00.5005	0006.4449
Recharging:	12450.00	04.0488	00.5005	0006.4618
Recharging:	12480.00	04.0507	00.5005	0006.4787
Recharging:	12510.00	04.0527	00.5005	0006.4956
Recharging:	12540.00	04.0548	00.5005	0006.5125
Recharging:	12570.00	04.0567	00.5005	0006.5294
Recharging:	12600.00	04.0587	00.5005	0006.5463
Recharging:	12630.00	04.0606	00.5005	0006.5633
Recharging:	12660.00	04.0626	00.5005	0006.5802
Recharging:	12690.00	04.0646	00.5005	0006.5972
Recharging:	12720.00	04.0666	00.5005	0006.6141
Recharging:	12750.00	04.0686	00.5005	0006.6311
Recharging:	12780.00	04.0706	00.5005	0006.6481
Recharging:	12810.00	04.0726	00.5004	0006.6651
Recharging:	12840.00	04.0746	00.5005	0006.6820
Recharging:	12870.00	04.0766	00.5005	0006.6991
Recharging:	12900.00	04.0785	00.5005	0006.7161
Recharging:	12930.00	04.0805	00.5005	0006.7331
Recharging:	12960.00	04.0825	00.5005	0006.7501
Recharging:	12990.00	04.0845	00.5005	0006.7671
Recharging:	13020.00	04.0865	00.5005	0006.7842
Recharging:	13050.00	04.0885	00.5004	0006.8012
Recharging:	13080.00	04.0904	00.5004	0006.8183
Recharging:	13110.00	04.0925	00.5005	0006.8354
Recharging:	13140.00	04.0944	00.5005	0006.8524
Recharging:	13170.00	04.0964	00.5005	0006.8695
Recharging:	13200.00	04.0983	00.5004	0006.8866
Recharging:	13230.00	04.1003	00.5005	0006.9037
Recharging:	13260.00	04.1022	00.5005	0006.9208
Recharging:	13290.00	04.1041	00.5005	0006.9379
Recharging:	13320.00	04.1062	00.5005	0006.9551
Recharging:	13350.00	04.1081	00.5005	0006.9722
Recharging:	13380.00	04.1100	00.5005	0006.9893
Recharging:	13410.00	04.1119	00.5005	0007.0065
Recharging:	13440.00	04.1139	00.5005	0007.0236
Recharging:	13470.00	04.1158	00.5005	0007.0408
Recharging:	13500.00	04.1177	00.5005	0007.0580
Recharging:	13530.00	04.1196	00.5004	0007.0752
Recharging:	13560.00	04.1214	00.5005	0007.0924
Recharging:	13590.00	04.1234	00.5005	0007.1095
Recharging:	13620.00	04.1252	00.5005	0007.1268
Recharging:	13650.00	04.1271	00.5005	0007.1440
Recharging:	13680.00	04.1289	00.5005	0007.1612
Recharging:	13710.00	04.1308	00.5005	0007.1784
Recharging:	13740.00	04.1326	00.5005	0007.1956
Recharging:	13770.00	04.1346	00.5005	0007.2129
Recharging:	13800.00	04.1364	00.5005	0007.2301
Recharging:	13830.00	04.1383	00.5005	0007.2474
Recharging:	13860.00	04.1402	00.5005	0007.2647
Recharging:	13890.00	04.1421	00.5005	0007.2819
Recharging:	13920.00	04.1440	00.5005	0007.2992
Recharging:	13950.00	04.1458	00.5005	0007.3165
Recharging:	13980.00	04.1477	00.5005	0007.3338
Recharging:	14010.00	04.1497	00.5005	0007.3511
Recharging:	14040.00	04.1515	00.5005	0007.3684
Recharging:	14070.00	04.1535	00.5005	0007.3858
Recharging:	14100.00	04.1554	00.5005	0007.4031
Recharging:	14130.00	04.1574	00.5005	0007.4204
Recharging:	14160.00	04.1593	00.5005	0007.4378
Recharging:	14190.00	04.1612	00.5005	0007.4551
Recharging:	14220.00	04.1632	00.5005	0007.4725
Recharging:	14250.00	04.1653	00.5004	0007.4899
Recharging:	14280.00	04.1674	00.5005	0007.5072
Recharging:	14310.00	04.1694	00.5005	0007.5246
Recharging:	14340.00	04.1715	00.5005	0007.5420
Recharging:	14370.00	04.1735	00.5005	0007.5594
Recharging:	14400.00	04.1757	00.5005	0007.5769
Recharging:	14430.00	04.1778	00.5005	0007.5943
Recharging:	14460.00	04.1800	00.5005	0007.6117
Recharging:	14490.00	04.1821	00.5005	0007.6292
Recharging:	14520.00	04.1843	00.5005	0007.6466
Recharging:	14550.00	04.1866	00.5005	0007.6641
Recharging:	14580.00	04.1888	00.5005	0007.6815
Recharging:	14610.00	04.1911	00.5005	0007.6990
Recharging:	14640.00	04.1934	00.5004	0007.7165
Recharging:	14670.00	04.1958	00.5005	0007.7340
Recharging:	14700.00	04.1981	00.5004	0007.7515
Recharging:	14730.00	04.2006	00.5005	0007.7690
