Charging:	00030.00	03.8898	01.0003	0000.0324
Charging:	00060.00	03.9006	00.9997	0000.0649
Charging:	00090.00	03.9042	00.9997	0000.0974
Charging:	00120.00	03.9067	00.9997	0000.1300
Charging:	00150.00	03.9088	00.9997	0000.1626
Charging:	00180.00	03.9113	00.9997	0000.1951
Charging:	00210.00	03.9131	00.9997	0000.2277
Charging:	00240.00	03.9146	00.9997	0000.2604
Charging:	00270.00	03.9163	00.9997	0000.2930
Charging:	00300.00	03.9179	00.9997	0000.3256
Charging:	00330.00	03.9194	00.9997	0000.3583
Charging:	00360.00	03.9210	00.9997	0000.3909
Charging:	00390.00	03.9226	00.9997	0000.4236
Charging:	00420.00	03.9241	00.9997	0000.4563
Charging:	00450.00	03.9257	00.9997	0000.4890
Charging:	00480.00	03.9273	00.9997	0000.5217
Charging:	00510.00	03.9288	00.9997	0000.5544
Charging:	00540.00	03.9303	00.9997	0000.5872
Charging:	00570.00	03.9319	00.9997	0000.6199
Charging:	00600.00	03.9333	00.9997	0000.6527
Charging:	00630.00	03.9348	00.9997	0000.6855
Charging:	00660.00	03.9363	00.9997	0000.7183
Charging:	00690.00	03.9379	00.9997	0000.7511
Charging:	00720.00	03.9394	00.9997	0000.7839
Charging:	00750.00	03.9409	00.9997	0000.8167
Charging:	00780.00	03.9425	00.9997	0000.8496
Charging:	00810.00	03.9440	00.9997	0000.8824
Charging:	00840.00	03.9456	00.9997	0000.9153
Charging:	00870.00	03.9471	00.9997	0000.9482
Charging:	00900.00	03.9487	00.9997	0000.9811
Charging:	00930.00	03.9503	00.9997	0001.0140
Charging:	00960.00	03.9517	00.9997	0001.0469
Charging:	00990.00	03.9533	00.9997	0001.0799
Charging:	01020.00	03.9548	00.9997	0001.1128
Charging:	01050.00	03.9562	00.9997	0001.1458
Charging:	01080.00	03.9577	00.9997	0001.1787
Charging:	01110.00	03.9592	00.9997	0001.2117
Charging:	01140.00	03.9606	00.9997	0001.2447
Charging:	01170.00	03.9619	00.9997	0001.2777
Charging:	01200.00	03.9634	00.9997	0001.3107
Charging:	01230.00	03.9647	00.9997	0001.3438
Charging:	01260.00	03.9661	00.9997	0001.3768
Charging:	01290.00	03.9673	00.9997	0001.4098
Charging:	01320.00	03.9686	00.9997	0001.4429
Charging:	01350.00	03.9698	00.9997	0001.4760
Charging:	01380.00	03.9710	00.9997	0001.5091
Charging:	01410.00	03.9721	00.9997	0001.5422
Charging:	01440.00	03.9732	00.9997	0001.5753
Charging:	01470.00	03.9743	00.9997	0001.6084
Charging:	01500.00	03.9754	00.9997	0001.6415
Charging:	01530.00	03.9765	00.9997	0001.6746
Charging:	01560.00	03.9775	00.9997	0001.7077
Charging:	01590.00	03.9785	00.9997	0001.7409
Charging:	01620.00	03.9795	00.9997	0001.7740
Charging:	01650.00	03.9805	00.9997	0001.8072
Charging:	01680.00	03.9816	00.9997	0001.8404
Charging:	01710.00	03.9825	00.9997	0001.8735
Charging:	01740.00	03.9834	00.9997	0001.9067
Charging:	01770.00	03.9844	00.9997	0001.9399
Charging:	01800.00	03.9854	00.9997	0001.9731
Charging:	01830.00	03.9863	00.9997	0002.0063
Charging:	01860.00	03.9872	00.9997	0002.0395
Charging:	01890.00	03.9881	00.9997	0002.0728
Charging:	01920.00	03.9890	00.9997	0002.1060
Charging:	01950.00	03.9898	00.9997	0002.1392
Charging:	01980.00	03.9906	00.9997	0002.1725
Charging:	02010.00	03.9915	00.9997	0002.2057
Charging:	02040.00	03.9923	00.9997	0002.2390
Charging:	02070.00	03.9931	00.9997	0002.2723
Charging:	02100.00	03.9939	00.9997	0002.3055
Charging:	02130.00	03.9946	00.9997	0002.3388
Charging:	02160.00	03.9954	00.9997	0002.3721
Charging:	02190.00	03.9962	00.9997	0002.4054
Charging:	02220.00	03.9969	00.9997	0002.4387
Charging:	02250.00	03.9976	00.9997	0002.4720
Charging:	02280.00	03.9983	00.9997	0002.5053
Charging:	02310.00	03.9990	00.9997	0002.5386
Charging:	02340.00	03.9997	00.9997	0002.5719
Charging:	02370.00	04.0004	00.9997	0002.6053
Charging:	02400.00	04.0010	00.9997	0002.6386
Charging:	02430.00	04.0017	00.9997	0002.6719
Charging:	02460.00	04.0023	00.9997	0002.7053
Charging:	02490.00	04.0030	00.9997	0002.7386
Charging:	02520.00	04.0037	00.9997	0002.7720
Charging:	02550.00	04.0043	00.9997	0002.8053
Charging:	02580.00	04.0049	00.9997	0002.8387
Charging:	02610.00	04.0056	00.9997	0002.8721
Charging:	02640.00	04.0063	00.9997	0002.9054
Charging:	02670.00	04.0069	00.9997	0002.9388
Charging:	02700.00	04.0075	00.9997	0002.9722
Charging:	02730.00	04.0082	00.9997	0003.0056
Charging:	02760.00	04.0089	00.9997	0003.0390
Charging:	02790.00	04.0096	00.9997	0003.0724
Charging:	02820.00	04.0103	00.9997	0003.1058
Charging:	02850.00	04.0110	00.9997	0003.1392
Charging:	02880.00	04.0117	00.9997	0003.1726
Charging:	02910.00	04.0124	00.9997	0003.2061
Charging:	02940.00	04.0132	00.9997	0003.2395
Charging:	02970.00	04.0140	00.9997	0003.2729
Charging:	03000.00	04.0147	00.9997	0003.3064
Charging:	03030.00	04.0154	00.9997	0003.3398
Charging:	03060.00	04.0162	00.9997	0003.3733
Charging:	03090.00	04.0171	00.9997	0003.4068
Charging:	03120.00	04.0180	00.9997	0003.4402
Charging:	03150.00	04.0188	00.9997	0003.4737
Charging:	03180.00	04.0198	00.9997	0003.5072
Charging:	03210.00	04.0206	00.9997	0003.5407
Charging:	03240.00	04.0215	00.9997	0003.5742
Charging:	03270.00	04.0225	00.9997	0003.6077
Charging:	03300.00	04.0236	00.9997	0003.6412
Charging:	03330.00	04.0246	00.9997	0003.6747
Charging:	03360.00	04.0256	00.9997	0003.7083
Charging:	03390.00	04.0267	00.9997	0003.7418
Charging:	03420.00	04.0278	00.9997	0003.7754
Charging:	03450.00	04.0289	00.9997	0003.8089
Charging:	03480.00	04.0300	00.9997	0003.8425
Charging:	03510.00	04.0312	00.9997	0003.8761
Charging:	03540.00	04.0325	00.9997	0003.9097
Charging:	03570.00	04.0337	00.9997	0003.9433
Charging:	03600.00	04.0351	00.9997	0003.9769
Charging:	03630.00	04.0364	00.9997	0004.0105
Charging:	03660.00	04.0377	00.9997	0004.0442
Charging:	03690.00	04.0392	00.9997	0004.0778
Charging:	03720.00	04.0406	00.9997	0004.1115
Charging:	03750.00	04.0420	00.9997	0004.1452
Charging:	03780.00	04.0437	00.9997	0004.1788
Charging:	03810.00	04.0453	00.9997	0004.2125
Charging:	03840.00	04.0469	00.9997	0004.2463
Charging:	03870.00	04.0487	00.9997	0004.2800
Charging:	03900.00	04.0504	00.9997	0004.3137
Charging:	03930.00	04.0523	00.9997	0004.3475
Charging:	03960.00	04.0541	00.9997	0004.3813
Charging:	03990.00	04.0560	00.9997	0004.4150
Charging:	04020.00	04.0579	00.9997	0004.4489
Charging:	04050.00	04.0598	00.9997	0004.4827
Charging:	04080.00	04.0619	00.9997	0004.5165
Charging:	04110.00	04.0639	00.9997	0004.5504
Charging:	04140.00	04.0660	00.9997	0004.5842
Charging:	04170.00	04.0682	00.9997	0004.6181
Charging:	04200.00	04.0704	00.9997	0004.6520
Charging:	04230.00	04.0726	00.9997	0004.6860
Charging:	04260.00	04.0748	00.9997	0004.7199
Charging:	04290.00	04.0770	00.9997	0004.7539
Charging:	04320.00	04.0792	00.9997	0004.7879
Charging:	04350.00	04.0815	00.9997	0004.8219
Charging:	04380.00	04.0837	00.9997	0004.8559
Charging:	04410.00	04.0859	00.9997	0004.8899
Charging:	04440.00	04.0881	00.9997	0004.9240
Charging:	04470.00	04.0903	00.9997	0004.9581
Charging:	04500.00	04.0925	00.9997	0004.9921
Charging:	04530.00	04.0945	00.9997	0005.0263
Charging:	04560.00	04.0965	00.9997	0005.0604
Charging:	04590.00	04.0984	00.9997	0005.0945
Charging:	04620.00	04.1003	00.9997	0005.1287
Charging:	04650.00	04.1020	00.9997	0005.1629
Charging:	04680.00	04.1038	00.9997	0005.1970
Charging:	04710.00	04.1054	00.9997	0005.2312
Charging:	04740.00	04.1069	00.9997	0005.2655
Charging:	04770.00	04.1084	00.9997	0005.2997
Charging:	04800.00	04.1097	00.9997	0005.3339
Charging:	04830.00	04.1110	00.9997	0005.3682
Charging:	04860.00	04.1122	00.9997	0005.4024
Charging:	04890.00	04.1132	00.9997	0005.4367
Charging:	04920.00	04.1142	00.9997	0005.4710
Charging:	04950.00	04.1151	00.9997	0005.5052
Charging:	04980.00	04.1160	00.9997	0005.5395
Charging:	05010.00	04.1169	00.9997	0005.5738
Charging:	05040.00	04.1177	00.9997	0005.6081
Charging:	05070.00	04.1185	00.9997	0005.6424
Charging:	05100.00	04.1192	00.9997	0005.6768
Charging:	05130.00	04.1200	00.9997	0005.7111
Charging:	05160.00	04.1209	00.9997	0005.7454
Charging:	05190.00	04.1217	00.9997	0005.7798
Charging:	05220.00	04.1225	00.9997	0005.8141
Charging:	05250.00	04.1233	00.9997	0005.8484
Charging:	05280.00	04.1242	00.9997	0005.8828
Charging:	05310.00	04.1250	00.9997	0005.9172
Charging:	05340.00	04.1260	00.9997	0005.9515
Charging:	05370.00	04.1269	00.9997	0005.9859
Charging:	05400.00	04.1279	00.9997	0006.0203
Charging:	05430.00	04.1289	00.9997	0006.0547
Charging:	05460.00	04.1299	00.9997	0006.0891
Charging:	05490.00	04.1310	00.9997	0006.1235
Charging:	05520.00	04.1321	00.9997	0006.1579
Charging:	05550.00	04.1332	00.9997	0006.1924
Charging:	05580.00	04.1343	00.9997	0006.2268
Charging:	05610.00	04.1354	00.9997	0006.2613
Charging:	05640.00	04.1366	00.9997	0006.2957
Charging:	05670.00	04.1378	00.9997	0006.3302
Charging:	05700.00	04.1390	00.9997	0006.3647
Charging:	05730.00	04.1401	00.9997	0006.3992
Charging:	05760.00	04.1414	00.9997	0006.4337
Charging:	05790.00	04.1426	00.9997	0006.4682
Charging:	05820.00	04.1439	00.9997	0006.5027
Charging:	05850.00	04.1451	00.9997	0006.5372
Charging:	05880.00	04.1464	00.9997	0006.5718
Charging:	05910.00	04.1477	00.9997	0006.6063
Charging:	05940.00	04.1490	00.9997	0006.6409
Charging:	05970.00	04.1503	00.9997	0006.6755
Charging:	06000.00	04.1516	00.9997	0006.7101
Charging:	06030.00	04.1529	00.9997	0006.7447
Charging:	06060.00	04.1542	00.9997	0006.7793
Charging:	06090.00	04.1556	00.9997	0006.8139
Charging:	06120.00	04.1569	00.9997	0006.8485
Charging:	06150.00	04.1582	00.9997	0006.8832
Charging:	06180.00	04.1595	00.9997	0006.9178
Charging:	06210.00	04.1609	00.9997	0006.9525
Charging:	06240.00	04.1622	00.9997	0006.9871
Charging:	06270.00	04.1635	00.9997	0007.0218
Charging:	06300.00	04.1649	00.9997	0007.0565
Charging:	06330.00	04.1663	00.9997	0007.0912
Charging:	06360.00	04.1677	00.9997	0007.1260
Charging:	06390.00	04.1690	00.9997	0007.1607
Charging:	06420.00	04.1704	00.9997	0007.1954
Charging:	06450.00	04.1717	00.9997	0007.2302
Charging:	06480.00	04.1731	00.9997	0007.2649
Charging:	06510.00	04.1745	00.9997	0007.2997
Charging:	06540.00	04.1758	00.9997	0007.3345
Charging:	06570.00	04.1772	00.9997	0007.3693
Charging:	06600.00	04.1786	00.9997	0007.4041
Charging:	06630.00	04.1800	00.9997	0007.4389
Charging:	06660.00	04.1813	00.9997	0007.4738
Charging:	06690.00	04.1826	00.9997	0007.5086
Charging:	06720.00	04.1840	00.9997	0007.5435
Charging:	06750.00	04.1854	00.9997	0007.5783
Charging:	06780.00	04.1868	00.9997	0007.6132
Charging:	06810.00	04.1882	00.9997	0007.6481
Charging:	06840.00	04.1895	00.9997	0007.6830
Charging:	06870.00	04.1910	00.9997	0007.7179
Charging:	06900.00	04.1923	00.9997	0007.7529
Charging:	06930.00	04.1937	00.9997	0007.7878
Charging:	06960.00	04.1951	00.9997	0007.8227
Charging:	06990.00	04.1966	00.9997	0007.8577
Charging:	07020.00	04.1979	00.9997	0007.8927
Charging:	07050.00	04.1993	00.9997	0007.9277
Charging:	07080.00	04.2007	00.9997	0007.9626
---------------------------
TESTING INTERNAL RESISTANCE
voltage while ON =  4.1752
current=-0.9994
OUTPUT OFF
voltage while OFF =  4.1859
Internal resistance =  0.0107 [Ohm]
OUTPUT ON
---------------------------
Discharging:	00030.00	04.1729	-0.9994	-000.0348
Discharging:	00060.00	04.1608	-0.9992	-000.0694
Discharging:	00090.00	04.1559	-0.9992	-000.1040
Discharging:	00120.00	04.1523	-0.9992	-000.1386
Discharging:	00150.00	04.1494	-0.9992	-000.1731
Discharging:	00180.00	04.1467	-0.9992	-000.2077
Discharging:	00210.00	04.1443	-0.9992	-000.2422
Discharging:	00240.00	04.1420	-0.9992	-000.2767
Discharging:	00270.00	04.1399	-0.9992	-000.3111
Discharging:	00300.00	04.1378	-0.9992	-000.3456
Discharging:	00330.00	04.1358	-0.9992	-000.3800
Discharging:	00360.00	04.1339	-0.9992	-000.4144
Discharging:	00390.00	04.1320	-0.9992	-000.4488
Discharging:	00420.00	04.1301	-0.9992	-000.4832
Discharging:	00450.00	04.1283	-0.9992	-000.5176
Discharging:	00480.00	04.1265	-0.9992	-000.5520
Discharging:	00510.00	04.1248	-0.9992	-000.5863
Discharging:	00540.00	04.1232	-0.9992	-000.6206
Discharging:	00570.00	04.1215	-0.9992	-000.6550
Discharging:	00600.00	04.1198	-0.9992	-000.6893
Discharging:	00630.00	04.1181	-0.9991	-000.7235
Discharging:	00660.00	04.1166	-0.9992	-000.7578
Discharging:	00690.00	04.1150	-0.9992	-000.7921
Discharging:	00720.00	04.1134	-0.9992	-000.8263
Discharging:	00750.00	04.1118	-0.9992	-000.8606
Discharging:	00780.00	04.1103	-0.9992	-000.8948
Discharging:	00810.00	04.1087	-0.9992	-000.9290
Discharging:	00840.00	04.1072	-0.9991	-000.9632
Discharging:	00870.00	04.1057	-0.9992	-000.9974
Discharging:	00900.00	04.1042	-0.9991	-001.0316
Discharging:	00930.00	04.1027	-0.9992	-001.0657
Discharging:	00960.00	04.1012	-0.9992	-001.0999
Discharging:	00990.00	04.0997	-0.9991	-001.1340
Discharging:	01020.00	04.0983	-0.9991	-001.1681
Discharging:	01050.00	04.0969	-0.9992	-001.2022
Discharging:	01080.00	04.0954	-0.9992	-001.2363
Discharging:	01110.00	04.0939	-0.9991	-001.2704
Discharging:	01140.00	04.0925	-0.9992	-001.3045
Discharging:	01170.00	04.0909	-0.9992	-001.3386
Discharging:	01200.00	04.0895	-0.9992	-001.3726
Discharging:	01230.00	04.0880	-0.9992	-001.4067
Discharging:	01260.00	04.0867	-0.9992	-001.4407
Discharging:	01290.00	04.0852	-0.9991	-001.4747
Discharging:	01320.00	04.0838	-0.9991	-001.5087
Discharging:	01350.00	04.0825	-0.9991	-001.5427
Discharging:	01380.00	04.0811	-0.9992	-001.5767
Discharging:	01410.00	04.0797	-0.9992	-001.6106
Discharging:	01440.00	04.0783	-0.9991	-001.6446
Discharging:	01470.00	04.0771	-0.9992	-001.6785
Discharging:	01500.00	04.0757	-0.9992	-001.7125
Discharging:	01530.00	04.0744	-0.9991	-001.7464
Discharging:	01560.00	04.0731	-0.9991	-001.7803
Discharging:	01590.00	04.0719	-0.9991	-001.8142
Discharging:	01620.00	04.0706	-0.9992	-001.8481
Discharging:	01650.00	04.0694	-0.9991	-001.8820
Discharging:	01680.00	04.0682	-0.9991	-001.9159
Discharging:	01710.00	04.0671	-0.9992	-001.9497
Discharging:	01740.00	04.0659	-0.9992	-001.9836
Discharging:	01770.00	04.0648	-0.9992	-002.0174
Discharging:	01800.00	04.0637	-0.9992	-002.0513
Discharging:	01830.00	04.0628	-0.9992	-002.0851
Discharging:	01860.00	04.0618	-0.9991	-002.1189
Discharging:	01890.00	04.0609	-0.9992	-002.1527
Discharging:	01920.00	04.0600	-0.9991	-002.1865
Discharging:	01950.00	04.0591	-0.9992	-002.2203
Discharging:	01980.00	04.0583	-0.9992	-002.2541
Discharging:	02010.00	04.0574	-0.9992	-002.2879
Discharging:	02040.00	04.0567	-0.9992	-002.3217
Discharging:	02070.00	04.0559	-0.9992	-002.3555
Discharging:	02100.00	04.0550	-0.9991	-002.3892
Discharging:	02130.00	04.0541	-0.9991	-002.4230
Discharging:	02160.00	04.0532	-0.9991	-002.4567
Discharging:	02190.00	04.0523	-0.9991	-002.4905
Discharging:	02220.00	04.0512	-0.9991	-002.5242
Discharging:	02250.00	04.0502	-0.9992	-002.5579
Discharging:	02280.00	04.0491	-0.9991	-002.5916
Discharging:	02310.00	04.0480	-0.9991	-002.6253
Discharging:	02340.00	04.0469	-0.9991	-002.6590
Discharging:	02370.00	04.0457	-0.9991	-002.6927
Discharging:	02400.00	04.0445	-0.9991	-002.7264
Discharging:	02430.00	04.0431	-0.9992	-002.7601
Discharging:	02460.00	04.0416	-0.9991	-002.7937
Discharging:	02490.00	04.0403	-0.9992	-002.8273
Discharging:	02520.00	04.0385	-0.9992	-002.8610
Discharging:	02550.00	04.0368	-0.9991	-002.8946
Discharging:	02580.00	04.0351	-0.9991	-002.9282
Discharging:	02610.00	04.0332	-0.9991	-002.9618
Discharging:	02640.00	04.0312	-0.9992	-002.9953
Discharging:	02670.00	04.0291	-0.9992	-003.0289
Discharging:	02700.00	04.0271	-0.9991	-003.0624
Discharging:	02730.00	04.0249	-0.9991	-003.0959
Discharging:	02760.00	04.0227	-0.9991	-003.1294
Discharging:	02790.00	04.0205	-0.9991	-003.1629
Discharging:	02820.00	04.0184	-0.9991	-003.1963
Discharging:	02850.00	04.0161	-0.9992	-003.2298
Discharging:	02880.00	04.0140	-0.9992	-003.2632
Discharging:	02910.00	04.0118	-0.9991	-003.2966
Discharging:	02940.00	04.0097	-0.9991	-003.3300
Discharging:	02970.00	04.0076	-0.9991	-003.3634
Discharging:	03000.00	04.0054	-0.9992	-003.3967
Discharging:	03030.00	04.0034	-0.9991	-003.4300
Discharging:	03060.00	04.0013	-0.9991	-003.4634
Discharging:	03090.00	03.9994	-0.9992	-003.4967
Discharging:	03120.00	03.9974	-0.9992	-003.5299
Discharging:	03150.00	03.9955	-0.9992	-003.5632
Discharging:	03180.00	03.9937	-0.9992	-003.5965
Discharging:	03210.00	03.9919	-0.9992	-003.6297
Discharging:	03240.00	03.9901	-0.9991	-003.6629
Discharging:	03270.00	03.9885	-0.9992	-003.6961
Discharging:	03300.00	03.9868	-0.9991	-003.7293
Discharging:	03330.00	03.9852	-0.9992	-003.7625
Discharging:	03360.00	03.9836	-0.9992	-003.7957
Discharging:	03390.00	03.9820	-0.9991	-003.8288
Discharging:	03420.00	03.9805	-0.9991	-003.8620
Discharging:	03450.00	03.9790	-0.9991	-003.8951
Discharging:	03480.00	03.9777	-0.9991	-003.9282
Discharging:	03510.00	03.9763	-0.9991	-003.9613
Discharging:	03540.00	03.9749	-0.9991	-003.9944
Discharging:	03570.00	03.9737	-0.9992	-004.0275
Discharging:	03600.00	03.9724	-0.9991	-004.0606
Discharging:	03630.00	03.9711	-0.9991	-004.0936
Discharging:	03660.00	03.9699	-0.9992	-004.1267
Discharging:	03690.00	03.9687	-0.9992	-004.1597
Discharging:	03720.00	03.9675	-0.9992	-004.1928
Discharging:	03750.00	03.9664	-0.9991	-004.2258
Discharging:	03780.00	03.9652	-0.9991	-004.2588
Discharging:	03810.00	03.9641	-0.9992	-004.2918
Discharging:	03840.00	03.9630	-0.9991	-004.3248
Discharging:	03870.00	03.9619	-0.9992	-004.3578
Discharging:	03900.00	03.9609	-0.9992	-004.3908
Discharging:	03930.00	03.9598	-0.9991	-004.4238
Discharging:	03960.00	03.9588	-0.9991	-004.4567
Discharging:	03990.00	03.9578	-0.9992	-004.4897
Discharging:	04020.00	03.9569	-0.9991	-004.5226
Discharging:	04050.00	03.9559	-0.9992	-004.5556
Discharging:	04080.00	03.9549	-0.9992	-004.5885
Discharging:	04110.00	03.9541	-0.9991	-004.6214
Discharging:	04140.00	03.9531	-0.9992	-004.6543
Discharging:	04170.00	03.9522	-0.9992	-004.6872
Discharging:	04200.00	03.9513	-0.9992	-004.7201
Discharging:	04230.00	03.9504	-0.9991	-004.7530
Discharging:	04260.00	03.9495	-0.9991	-004.7859
Discharging:	04290.00	03.9486	-0.9992	-004.8188
Discharging:	04320.00	03.9478	-0.9991	-004.8517
Discharging:	04350.00	03.9469	-0.9991	-004.8845
Discharging:	04380.00	03.9461	-0.9991	-004.9174
Discharging:	04410.00	03.9452	-0.9991	-004.9502
Discharging:	04440.00	03.9443	-0.9991	-004.9831
Discharging:	04470.00	03.9435	-0.9991	-005.0159
Discharging:	04500.00	03.9427	-0.9991	-005.0487
Discharging:	04530.00	03.9418	-0.9991	-005.0815
Discharging:	04560.00	03.9410	-0.9991	-005.1144
Discharging:	04590.00	03.9401	-0.9991	-005.1472
Discharging:	04620.00	03.9392	-0.9991	-005.1800
Discharging:	04650.00	03.9384	-0.9992	-005.2128
Discharging:	04680.00	03.9376	-0.9992	-005.2455
Discharging:	04710.00	03.9367	-0.9991	-005.2783
Discharging:	04740.00	03.9358	-0.9991	-005.3111
Discharging:	04770.00	03.9349	-0.9991	-005.3439
Discharging:	04800.00	03.9340	-0.9991	-005.3766
Discharging:	04830.00	03.9331	-0.9991	-005.4094
Discharging:	04860.00	03.9323	-0.9991	-005.4421
Discharging:	04890.00	03.9314	-0.9991	-005.4748
Discharging:	04920.00	03.9305	-0.9991	-005.5076
Discharging:	04950.00	03.9295	-0.9991	-005.5403
Discharging:	04980.00	03.9286	-0.9991	-005.5730
Discharging:	05010.00	03.9276	-0.9992	-005.6057
Discharging:	05040.00	03.9267	-0.9991	-005.6384
Discharging:	05070.00	03.9257	-0.9991	-005.6711
Discharging:	05100.00	03.9247	-0.9991	-005.7037
Discharging:	05130.00	03.9237	-0.9991	-005.7364
Discharging:	05160.00	03.9227	-0.9991	-005.7691
Discharging:	05190.00	03.9217	-0.9991	-005.8017
Discharging:	05220.00	03.9205	-0.9991	-005.8344
Discharging:	05250.00	03.9194	-0.9991	-005.8670
Discharging:	05280.00	03.9184	-0.9991	-005.8996
Discharging:	05310.00	03.9173	-0.9991	-005.9322
Discharging:	05340.00	03.9163	-0.9992	-005.9648
Discharging:	05370.00	03.9151	-0.9991	-005.9974
Discharging:	05400.00	03.9140	-0.9991	-006.0300
Discharging:	05430.00	03.9129	-0.9992	-006.0626
Discharging:	05460.00	03.9118	-0.9992	-006.0952
Discharging:	05490.00	03.9106	-0.9991	-006.1277
Discharging:	05520.00	03.9095	-0.9991	-006.1603
Discharging:	05550.00	03.9083	-0.9991	-006.1928
Discharging:	05580.00	03.9072	-0.9991	-006.2254
Discharging:	05610.00	03.9059	-0.9991	-006.2579
Discharging:	05640.00	03.9046	-0.9991	-006.2904
Discharging:	05670.00	03.9034	-0.9991	-006.3229
Discharging:	05700.00	03.9022	-0.9991	-006.3554
Discharging:	05730.00	03.9011	-0.9992	-006.3879
Discharging:	05760.00	03.8998	-0.9991	-006.4203
Discharging:	05790.00	03.8986	-0.9991	-006.4528
Discharging:	05820.00	03.8974	-0.9991	-006.4853
Discharging:	05850.00	03.8962	-0.9992	-006.5177
Discharging:	05880.00	03.8950	-0.9991	-006.5501
Discharging:	05910.00	03.8938	-0.9991	-006.5825
Discharging:	05940.00	03.8925	-0.9991	-006.6150
Discharging:	05970.00	03.8913	-0.9991	-006.6474
Discharging:	06000.00	03.8903	-0.9991	-006.6797
Discharging:	06030.00	03.8890	-0.9992	-006.7121
Discharging:	06060.00	03.8878	-0.9992	-006.7445
Discharging:	06090.00	03.8866	-0.9991	-006.7769
Discharging:	06120.00	03.8853	-0.9992	-006.8092
Discharging:	06150.00	03.8842	-0.9991	-006.8415
Discharging:	06180.00	03.8830	-0.9991	-006.8739
Discharging:	06210.00	03.8818	-0.9991	-006.9062
Discharging:	06240.00	03.8806	-0.9991	-006.9385
Discharging:	06270.00	03.8794	-0.9992	-006.9708
Discharging:	06300.00	03.8782	-0.9991	-007.0031
Discharging:	06330.00	03.8771	-0.9991	-007.0354
Discharging:	06360.00	03.8759	-0.9991	-007.0676
Discharging:	06390.00	03.8748	-0.9991	-007.0999
Discharging:	06420.00	03.8737	-0.9991	-007.1322
Discharging:	06450.00	03.8726	-0.9991	-007.1644
Discharging:	06480.00	03.8715	-0.9991	-007.1966
Discharging:	06510.00	03.8704	-0.9992	-007.2289
Discharging:	06540.00	03.8693	-0.9992	-007.2611
Discharging:	06570.00	03.8682	-0.9991	-007.2933
Discharging:	06600.00	03.8671	-0.9991	-007.3255
Discharging:	06630.00	03.8661	-0.9991	-007.3577
Discharging:	06660.00	03.8650	-0.9992	-007.3899
Discharging:	06690.00	03.8639	-0.9991	-007.4220
Discharging:	06720.00	03.8629	-0.9991	-007.4542
Discharging:	06750.00	03.8619	-0.9992	-007.4864
Discharging:	06780.00	03.8609	-0.9991	-007.5185
Discharging:	06810.00	03.8600	-0.9991	-007.5506
Discharging:	06840.00	03.8589	-0.9991	-007.5828
Discharging:	06870.00	03.8580	-0.9991	-007.6149
Discharging:	06900.00	03.8570	-0.9991	-007.6470
Discharging:	06930.00	03.8561	-0.9991	-007.6791
Discharging:	06960.00	03.8551	-0.9991	-007.7112
Discharging:	06990.00	03.8543	-0.9991	-007.7433
Discharging:	07020.00	03.8534	-0.9991	-007.7754
Discharging:	07050.00	03.8525	-0.9991	-007.8075
Discharging:	07080.00	03.8515	-0.9991	-007.8395
Discharging:	07110.00	03.8506	-0.9991	-007.8716
Discharging:	07140.00	03.8498	-0.9992	-007.9036
Discharging:	07170.00	03.8490	-0.9991	-007.9357
Discharging:	07200.00	03.8482	-0.9991	-007.9677
Discharging:	07230.00	03.8473	-0.9992	-007.9998
Discharging:	07260.00	03.8464	-0.9991	-008.0318
Discharging:	07290.00	03.8456	-0.9991	-008.0638
Discharging:	07320.00	03.8448	-0.9991	-008.0958
Discharging:	07350.00	03.8439	-0.9991	-008.1278
Discharging:	07380.00	03.8432	-0.9991	-008.1598
Discharging:	07410.00	03.8423	-0.9991	-008.1918
Discharging:	07440.00	03.8414	-0.9991	-008.2238
Discharging:	07470.00	03.8407	-0.9991	-008.2558
Discharging:	07500.00	03.8399	-0.9991	-008.2877
Discharging:	07530.00	03.8391	-0.9991	-008.3197
Discharging:	07560.00	03.8383	-0.9992	-008.3517
Discharging:	07590.00	03.8375	-0.9991	-008.3836
Discharging:	07620.00	03.8367	-0.9992	-008.4156
Discharging:	07650.00	03.8359	-0.9991	-008.4475
Discharging:	07680.00	03.8352	-0.9991	-008.4794
Discharging:	07710.00	03.8344	-0.9991	-008.5114
Discharging:	07740.00	03.8336	-0.9992	-008.5433
Discharging:	07770.00	03.8329	-0.9991	-008.5752
Discharging:	07800.00	03.8321	-0.9991	-008.6071
Discharging:	07830.00	03.8313	-0.9991	-008.6390
Discharging:	07860.00	03.8306	-0.9991	-008.6709
Discharging:	07890.00	03.8299	-0.9991	-008.7028
Discharging:	07920.00	03.8292	-0.9991	-008.7347
Discharging:	07950.00	03.8284	-0.9991	-008.7665
Discharging:	07980.00	03.8276	-0.9992	-008.7984
Discharging:	08010.00	03.8269	-0.9991	-008.8303
Discharging:	08040.00	03.8262	-0.9992	-008.8621
Discharging:	08070.00	03.8255	-0.9991	-008.8940
Discharging:	08100.00	03.8248	-0.9991	-008.9258
Discharging:	08130.00	03.8241	-0.9992	-008.9577
Discharging:	08160.00	03.8234	-0.9991	-008.9895
Discharging:	08190.00	03.8227	-0.9991	-009.0213
Discharging:	08220.00	03.8220	-0.9991	-009.0532
Discharging:	08250.00	03.8213	-0.9992	-009.0850
Discharging:	08280.00	03.8206	-0.9991	-009.1168
Discharging:	08310.00	03.8199	-0.9991	-009.1486
Discharging:	08340.00	03.8192	-0.9991	-009.1804
Discharging:	08370.00	03.8185	-0.9991	-009.2122
Discharging:	08400.00	03.8179	-0.9991	-009.2440
Discharging:	08430.00	03.8171	-0.9991	-009.2757
Discharging:	08460.00	03.8165	-0.9991	-009.3075
Discharging:	08490.00	03.8158	-0.9991	-009.3393
Discharging:	08520.00	03.8152	-0.9991	-009.3711
Discharging:	08550.00	03.8145	-0.9992	-009.4028
Discharging:	08580.00	03.8138	-0.9991	-009.4346
Discharging:	08610.00	03.8132	-0.9991	-009.4663
Discharging:	08640.00	03.8125	-0.9991	-009.4981
Discharging:	08670.00	03.8119	-0.9991	-009.5298
Discharging:	08700.00	03.8112	-0.9991	-009.5615
Discharging:	08730.00	03.8105	-0.9991	-009.5933
Discharging:	08760.00	03.8099	-0.9992	-009.6250
Discharging:	08790.00	03.8093	-0.9991	-009.6567
Discharging:	08820.00	03.8087	-0.9991	-009.6884
Discharging:	08850.00	03.8081	-0.9991	-009.7201
Discharging:	08880.00	03.8075	-0.9991	-009.7518
Discharging:	08910.00	03.8069	-0.9991	-009.7835
Discharging:	08940.00	03.8062	-0.9991	-009.8152
Discharging:	08970.00	03.8056	-0.9991	-009.8469
Discharging:	09000.00	03.8050	-0.9992	-009.8786
Discharging:	09030.00	03.8043	-0.9991	-009.9103
Discharging:	09060.00	03.8037	-0.9991	-009.9419
Discharging:	09090.00	03.8031	-0.9991	-009.9736
Discharging:	09120.00	03.8025	-0.9991	-010.0052
Discharging:	09150.00	03.8019	-0.9991	-010.0369
Discharging:	09180.00	03.8013	-0.9991	-010.0686
Discharging:	09210.00	03.8007	-0.9991	-010.1002
Discharging:	09240.00	03.8000	-0.9991	-010.1318
Discharging:	09270.00	03.7994	-0.9991	-010.1635
Discharging:	09300.00	03.7988	-0.9991	-010.1951
Discharging:	09330.00	03.7982	-0.9991	-010.2267
Discharging:	09360.00	03.7976	-0.9991	-010.2583
Discharging:	09390.00	03.7970	-0.9991	-010.2900
Discharging:	09420.00	03.7964	-0.9992	-010.3216
Discharging:	09450.00	03.7958	-0.9992	-010.3532
Discharging:	09480.00	03.7952	-0.9991	-010.3848
Discharging:	09510.00	03.7946	-0.9991	-010.4164
Discharging:	09540.00	03.7940	-0.9991	-010.4480
Discharging:	09570.00	03.7934	-0.9991	-010.4795
Discharging:	09600.00	03.7928	-0.9991	-010.5111
Discharging:	09630.00	03.7922	-0.9991	-010.5427
Discharging:	09660.00	03.7916	-0.9991	-010.5743
Discharging:	09690.00	03.7910	-0.9991	-010.6058
Discharging:	09720.00	03.7905	-0.9991	-010.6374
Discharging:	09750.00	03.7899	-0.9991	-010.6689
Discharging:	09780.00	03.7893	-0.9991	-010.7005
Discharging:	09810.00	03.7887	-0.9991	-010.7320
Discharging:	09840.00	03.7882	-0.9991	-010.7636
Discharging:	09870.00	03.7876	-0.9991	-010.7951
Discharging:	09900.00	03.7870	-0.9991	-010.8266
Discharging:	09930.00	03.7864	-0.9991	-010.8582
Discharging:	09960.00	03.7858	-0.9991	-010.8897
Discharging:	09990.00	03.7853	-0.9991	-010.9212
Discharging:	10020.00	03.7848	-0.9991	-010.9527
Discharging:	10050.00	03.7842	-0.9991	-010.9842
Discharging:	10080.00	03.7836	-0.9991	-011.0157
Discharging:	10110.00	03.7830	-0.9991	-011.0472
Discharging:	10140.00	03.7825	-0.9991	-011.0787
Discharging:	10170.00	03.7819	-0.9991	-011.1102
Discharging:	10200.00	03.7813	-0.9992	-011.1417
Discharging:	10230.00	03.7808	-0.9991	-011.1732
Discharging:	10260.00	03.7803	-0.9992	-011.2047
Discharging:	10290.00	03.7797	-0.9991	-011.2361
Discharging:	10320.00	03.7791	-0.9991	-011.2676
Discharging:	10350.00	03.7786	-0.9991	-011.2990
Discharging:	10380.00	03.7781	-0.9991	-011.3305
Discharging:	10410.00	03.7775	-0.9991	-011.3620
Discharging:	10440.00	03.7769	-0.9991	-011.3934
Discharging:	10470.00	03.7764	-0.9992	-011.4248
Discharging:	10500.00	03.7759	-0.9991	-011.4563
Discharging:	10530.00	03.7753	-0.9991	-011.4877
Discharging:	10560.00	03.7748	-0.9992	-011.5191
Discharging:	10590.00	03.7743	-0.9991	-011.5506
Discharging:	10620.00	03.7737	-0.9991	-011.5820
Discharging:	10650.00	03.7731	-0.9991	-011.6134
Discharging:	10680.00	03.7726	-0.9991	-011.6448
Discharging:	10710.00	03.7722	-0.9991	-011.6762
Discharging:	10740.00	03.7716	-0.9991	-011.7076
Discharging:	10770.00	03.7710	-0.9991	-011.7390
Discharging:	10800.00	03.7705	-0.9991	-011.7704
Discharging:	10830.00	03.7700	-0.9992	-011.8018
Discharging:	10860.00	03.7696	-0.9992	-011.8332
Discharging:	10890.00	03.7690	-0.9991	-011.8646
Discharging:	10920.00	03.7684	-0.9991	-011.8960
Discharging:	10950.00	03.7679	-0.9991	-011.9273
Discharging:	10980.00	03.7675	-0.9991	-011.9587
Discharging:	11010.00	03.7670	-0.9991	-011.9901
Discharging:	11040.00	03.7665	-0.9991	-012.0214
Discharging:	11070.00	03.7660	-0.9991	-012.0528
Discharging:	11100.00	03.7655	-0.9991	-012.0841
Discharging:	11130.00	03.7649	-0.9991	-012.1155
Discharging:	11160.00	03.7645	-0.9991	-012.1468
Discharging:	11190.00	03.7639	-0.9991	-012.1782
Discharging:	11220.00	03.7634	-0.9991	-012.2095
Discharging:	11250.00	03.7629	-0.9991	-012.2408
Discharging:	11280.00	03.7624	-0.9991	-012.2721
Discharging:	11310.00	03.7619	-0.9991	-012.3035
Discharging:	11340.00	03.7614	-0.9991	-012.3348
Discharging:	11370.00	03.7609	-0.9991	-012.3661
Discharging:	11400.00	03.7604	-0.9991	-012.3974
Discharging:	11430.00	03.7599	-0.9991	-012.4287
Discharging:	11460.00	03.7594	-0.9991	-012.4600
Discharging:	11490.00	03.7588	-0.9991	-012.4913
Discharging:	11520.00	03.7583	-0.9991	-012.5226
Discharging:	11550.00	03.7578	-0.9991	-012.5539
Discharging:	11580.00	03.7573	-0.9992	-012.5852
Discharging:	11610.00	03.7568	-0.9991	-012.6165
Discharging:	11640.00	03.7563	-0.9991	-012.6477
Discharging:	11670.00	03.7558	-0.9991	-012.6790
Discharging:	11700.00	03.7553	-0.9991	-012.7103
Discharging:	11730.00	03.7548	-0.9991	-012.7415
Discharging:	11760.00	03.7543	-0.9991	-012.7728
Discharging:	11790.00	03.7537	-0.9991	-012.8040
Discharging:	11820.00	03.7532	-0.9991	-012.8353
Discharging:	11850.00	03.7527	-0.9991	-012.8665
Discharging:	11880.00	03.7522	-0.9991	-012.8978
Discharging:	11910.00	03.7517	-0.9991	-012.9290
Discharging:	11940.00	03.7512	-0.9991	-012.9602
Discharging:	11970.00	03.7507	-0.9991	-012.9915
Discharging:	12000.00	03.7502	-0.9991	-013.0227
Discharging:	12030.00	03.7497	-0.9991	-013.0539
Discharging:	12060.00	03.7492	-0.9991	-013.0851
Discharging:	12090.00	03.7487	-0.9991	-013.1163
Discharging:	12120.00	03.7482	-0.9991	-013.1476
Discharging:	12150.00	03.7477	-0.9991	-013.1788
Discharging:	12180.00	03.7472	-0.9991	-013.2100
Discharging:	12210.00	03.7467	-0.9991	-013.2412
Discharging:	12240.00	03.7462	-0.9991	-013.2723
Discharging:	12270.00	03.7457	-0.9991	-013.3035
Discharging:	12300.00	03.7452	-0.9991	-013.3347
Discharging:	12330.00	03.7446	-0.9991	-013.3659
Discharging:	12360.00	03.7441	-0.9991	-013.3971
Discharging:	12390.00	03.7437	-0.9991	-013.4282
Discharging:	12420.00	03.7432	-0.9991	-013.4594
Discharging:	12450.00	03.7427	-0.9992	-013.4906
Discharging:	12480.00	03.7422	-0.9991	-013.5217
Discharging:	12510.00	03.7418	-0.9991	-013.5529
Discharging:	12540.00	03.7413	-0.9991	-013.5840
Discharging:	12570.00	03.7408	-0.9991	-013.6152
Discharging:	12600.00	03.7403	-0.9991	-013.6463
Discharging:	12630.00	03.7399	-0.9991	-013.6774
Discharging:	12660.00	03.7394	-0.9991	-013.7086
Discharging:	12690.00	03.7390	-0.9991	-013.7397
Discharging:	12720.00	03.7385	-0.9991	-013.7708
Discharging:	12750.00	03.7381	-0.9991	-013.8020
Discharging:	12780.00	03.7376	-0.9991	-013.8331
Discharging:	12810.00	03.7372	-0.9991	-013.8642
Discharging:	12840.00	03.7367	-0.9991	-013.8953
Discharging:	12870.00	03.7363	-0.9991	-013.9264
Discharging:	12900.00	03.7359	-0.9991	-013.9575
Discharging:	12930.00	03.7355	-0.9991	-013.9886
Discharging:	12960.00	03.7350	-0.9991	-014.0197
Discharging:	12990.00	03.7346	-0.9991	-014.0508
Discharging:	13020.00	03.7342	-0.9991	-014.0819
Discharging:	13050.00	03.7338	-0.9991	-014.1130
Discharging:	13080.00	03.7334	-0.9991	-014.1441
Discharging:	13110.00	03.7330	-0.9991	-014.1752
Discharging:	13140.00	03.7326	-0.9991	-014.2062
Discharging:	13170.00	03.7322	-0.9991	-014.2373
Discharging:	13200.00	03.7318	-0.9991	-014.2684
Discharging:	13230.00	03.7314	-0.9991	-014.2995
Discharging:	13260.00	03.7310	-0.9991	-014.3305
Discharging:	13290.00	03.7306	-0.9991	-014.3616
Discharging:	13320.00	03.7302	-0.9991	-014.3926
Discharging:	13350.00	03.7299	-0.9991	-014.4237
Discharging:	13380.00	03.7295	-0.9991	-014.4547
Discharging:	13410.00	03.7291	-0.9991	-014.4858
Discharging:	13440.00	03.7287	-0.9991	-014.5168
Discharging:	13470.00	03.7284	-0.9991	-014.5479
Discharging:	13500.00	03.7280	-0.9991	-014.5789
Discharging:	13530.00	03.7276	-0.9992	-014.6100
Discharging:	13560.00	03.7272	-0.9991	-014.6410
Discharging:	13590.00	03.7268	-0.9991	-014.6720
Discharging:	13620.00	03.7264	-0.9991	-014.7030
Discharging:	13650.00	03.7261	-0.9991	-014.7341
Discharging:	13680.00	03.7256	-0.9991	-014.7651
Discharging:	13710.00	03.7253	-0.9991	-014.7961
Discharging:	13740.00	03.7249	-0.9991	-014.8271
Discharging:	13770.00	03.7245	-0.9991	-014.8581
Discharging:	13800.00	03.7241	-0.9991	-014.8891
Discharging:	13830.00	03.7237	-0.9991	-014.9201
Discharging:	13860.00	03.7233	-0.9991	-014.9511
Discharging:	13890.00	03.7230	-0.9991	-014.9821
Discharging:	13920.00	03.7225	-0.9991	-015.0131
Discharging:	13950.00	03.7221	-0.9992	-015.0441
Discharging:	13980.00	03.7217	-0.9991	-015.0751
Discharging:	14010.00	03.7213	-0.9991	-015.1061
Discharging:	14040.00	03.7209	-0.9991	-015.1371
Discharging:	14070.00	03.7205	-0.9991	-015.1681
Discharging:	14100.00	03.7200	-0.9991	-015.1990
Discharging:	14130.00	03.7197	-0.9991	-015.2300
Discharging:	14160.00	03.7192	-0.9991	-015.2610
Discharging:	14190.00	03.7188	-0.9991	-015.2919
Discharging:	14220.00	03.7183	-0.9991	-015.3229
Discharging:	14250.00	03.7179	-0.9991	-015.3538
Discharging:	14280.00	03.7174	-0.9991	-015.3848
Discharging:	14310.00	03.7170	-0.9991	-015.4157
Discharging:	14340.00	03.7165	-0.9991	-015.4467
Discharging:	14370.00	03.7160	-0.9991	-015.4776
Discharging:	14400.00	03.7155	-0.9991	-015.5086
Discharging:	14430.00	03.7150	-0.9991	-015.5395
Discharging:	14460.00	03.7145	-0.9991	-015.5704
Discharging:	14490.00	03.7141	-0.9991	-015.6013
Discharging:	14520.00	03.7136	-0.9991	-015.6323
Discharging:	14550.00	03.7131	-0.9991	-015.6632
Discharging:	14580.00	03.7126	-0.9991	-015.6941
Discharging:	14610.00	03.7121	-0.9991	-015.7250
Discharging:	14640.00	03.7115	-0.9991	-015.7559
Discharging:	14670.00	03.7110	-0.9991	-015.7868
Discharging:	14700.00	03.7105	-0.9991	-015.8177
Discharging:	14730.00	03.7100	-0.9991	-015.8486
Discharging:	14760.00	03.7095	-0.9991	-015.8795
Discharging:	14790.00	03.7089	-0.9991	-015.9103
Discharging:	14820.00	03.7084	-0.9991	-015.9412
Discharging:	14850.00	03.7079	-0.9991	-015.9721
Discharging:	14880.00	03.7073	-0.9991	-016.0030
Discharging:	14910.00	03.7067	-0.9991	-016.0338
Discharging:	14940.00	03.7062	-0.9991	-016.0647
Discharging:	14970.00	03.7057	-0.9991	-016.0955
Discharging:	15000.00	03.7051	-0.9991	-016.1264
Discharging:	15030.00	03.7046	-0.9991	-016.1572
Discharging:	15060.00	03.7039	-0.9991	-016.1881
Discharging:	15090.00	03.7034	-0.9991	-016.2189
Discharging:	15120.00	03.7028	-0.9991	-016.2497
Discharging:	15150.00	03.7023	-0.9991	-016.2806
Discharging:	15180.00	03.7018	-0.9991	-016.3114
Discharging:	15210.00	03.7011	-0.9991	-016.3422
Discharging:	15240.00	03.7006	-0.9991	-016.3730
Discharging:	15270.00	03.7000	-0.9991	-016.4038
Discharging:	15300.00	03.6994	-0.9991	-016.4346
Discharging:	15330.00	03.6989	-0.9991	-016.4654
Discharging:	15360.00	03.6983	-0.9991	-016.4962
Discharging:	15390.00	03.6978	-0.9991	-016.5270
Discharging:	15420.00	03.6972	-0.9991	-016.5578
Discharging:	15450.00	03.6966	-0.9991	-016.5885
Discharging:	15480.00	03.6960	-0.9991	-016.6193
Discharging:	15510.00	03.6954	-0.9991	-016.6501
Discharging:	15540.00	03.6948	-0.9991	-016.6808
Discharging:	15570.00	03.6942	-0.9991	-016.7116
Discharging:	15600.00	03.6936	-0.9991	-016.7424
Discharging:	15630.00	03.6930	-0.9991	-016.7731
Discharging:	15660.00	03.6924	-0.9991	-016.8038
Discharging:	15690.00	03.6918	-0.9992	-016.8346
Discharging:	15720.00	03.6911	-0.9991	-016.8653
Discharging:	15750.00	03.6905	-0.9991	-016.8960
Discharging:	15780.00	03.6898	-0.9991	-016.9268
Discharging:	15810.00	03.6891	-0.9992	-016.9575
Discharging:	15840.00	03.6885	-0.9991	-016.9882
Discharging:	15870.00	03.6878	-0.9991	-017.0189
Discharging:	15900.00	03.6871	-0.9991	-017.0496
Discharging:	15930.00	03.6864	-0.9991	-017.0803
Discharging:	15960.00	03.6856	-0.9991	-017.1110
Discharging:	15990.00	03.6848	-0.9991	-017.1417
Discharging:	16020.00	03.6841	-0.9991	-017.1723
Discharging:	16050.00	03.6833	-0.9991	-017.2030
Discharging:	16080.00	03.6825	-0.9991	-017.2337
Discharging:	16110.00	03.6816	-0.9991	-017.2643
Discharging:	16140.00	03.6808	-0.9991	-017.2950
Discharging:	16170.00	03.6799	-0.9991	-017.3256
Discharging:	16200.00	03.6789	-0.9991	-017.3562
Discharging:	16230.00	03.6780	-0.9991	-017.3869
Discharging:	16260.00	03.6771	-0.9991	-017.4175
Discharging:	16290.00	03.6762	-0.9991	-017.4481
Discharging:	16320.00	03.6753	-0.9991	-017.4787
Discharging:	16350.00	03.6744	-0.9991	-017.5093
Discharging:	16380.00	03.6736	-0.9991	-017.5399
Discharging:	16410.00	03.6728	-0.9991	-017.5704
Discharging:	16440.00	03.6720	-0.9991	-017.6010
Discharging:	16470.00	03.6712	-0.9991	-017.6316
Discharging:	16500.00	03.6705	-0.9991	-017.6621
Discharging:	16530.00	03.6699	-0.9991	-017.6927
Discharging:	16560.00	03.6692	-0.9991	-017.7232
Discharging:	16590.00	03.6686	-0.9991	-017.7538
Discharging:	16620.00	03.6680	-0.9991	-017.7843
Discharging:	16650.00	03.6675	-0.9991	-017.8149
Discharging:	16680.00	03.6669	-0.9991	-017.8454
Discharging:	16710.00	03.6663	-0.9991	-017.8759
Discharging:	16740.00	03.6658	-0.9991	-017.9064
Discharging:	16770.00	03.6653	-0.9991	-017.9370
Discharging:	16800.00	03.6648	-0.9991	-017.9675
Discharging:	16830.00	03.6643	-0.9991	-017.9980
Discharging:	16860.00	03.6638	-0.9991	-018.0285
Discharging:	16890.00	03.6633	-0.9991	-018.0590
Discharging:	16920.00	03.6628	-0.9991	-018.0895
Discharging:	16950.00	03.6622	-0.9991	-018.1200
Discharging:	16980.00	03.6617	-0.9991	-018.1505
Discharging:	17010.00	03.6612	-0.9991	-018.1809
Discharging:	17040.00	03.6606	-0.9991	-018.2114
Discharging:	17070.00	03.6600	-0.9991	-018.2419
Discharging:	17100.00	03.6593	-0.9991	-018.2724
Discharging:	17130.00	03.6588	-0.9991	-018.3028
Discharging:	17160.00	03.6582	-0.9991	-018.3333
Discharging:	17190.00	03.6575	-0.9991	-018.3637
Discharging:	17220.00	03.6568	-0.9991	-018.3942
Discharging:	17250.00	03.6561	-0.9991	-018.4246
Discharging:	17280.00	03.6553	-0.9991	-018.4551
Discharging:	17310.00	03.6545	-0.9991	-018.4855
Discharging:	17340.00	03.6536	-0.9991	-018.5159
Discharging:	17370.00	03.6527	-0.9991	-018.5463
Discharging:	17400.00	03.6517	-0.9991	-018.5767
Discharging:	17430.00	03.6507	-0.9991	-018.6071
Discharging:	17460.00	03.6496	-0.9991	-018.6375
Discharging:	17490.00	03.6484	-0.9992	-018.6679
Discharging:	17520.00	03.6472	-0.9991	-018.6983
Discharging:	17550.00	03.6458	-0.9991	-018.7286
Discharging:	17580.00	03.6444	-0.9991	-018.7590
Discharging:	17610.00	03.6428	-0.9991	-018.7893
Discharging:	17640.00	03.6413	-0.9991	-018.8196
Discharging:	17670.00	03.6394	-0.9991	-018.8499
Discharging:	17700.00	03.6375	-0.9991	-018.8802
Discharging:	17730.00	03.6353	-0.9991	-018.9105
Discharging:	17760.00	03.6329	-0.9991	-018.9407
Discharging:	17790.00	03.6305	-0.9991	-018.9709
Discharging:	17820.00	03.6278	-0.9991	-019.0011
Discharging:	17850.00	03.6249	-0.9991	-019.0313
Discharging:	17880.00	03.6218	-0.9991	-019.0615
Discharging:	17910.00	03.6186	-0.9991	-019.0916
Discharging:	17940.00	03.6152	-0.9991	-019.1217
Discharging:	17970.00	03.6115	-0.9991	-019.1518
Discharging:	18000.00	03.6076	-0.9991	-019.1818
Discharging:	18030.00	03.6037	-0.9991	-019.2118
Discharging:	18060.00	03.5996	-0.9991	-019.2418
Discharging:	18090.00	03.5952	-0.9991	-019.2717
Discharging:	18120.00	03.5906	-0.9991	-019.3016
Discharging:	18150.00	03.5858	-0.9991	-019.3315
Discharging:	18180.00	03.5809	-0.9991	-019.3613
Discharging:	18210.00	03.5758	-0.9991	-019.3911
Discharging:	18240.00	03.5705	-0.9991	-019.4208
Discharging:	18270.00	03.5650	-0.9991	-019.4505
Discharging:	18300.00	03.5594	-0.9991	-019.4801
Discharging:	18330.00	03.5535	-0.9991	-019.5097
Discharging:	18360.00	03.5474	-0.9991	-019.5392
Discharging:	18390.00	03.5411	-0.9991	-019.5687
Discharging:	18420.00	03.5346	-0.9991	-019.5981
Discharging:	18450.00	03.5280	-0.9991	-019.6275
Discharging:	18480.00	03.5210	-0.9991	-019.6568
Discharging:	18510.00	03.5137	-0.9991	-019.6861
Discharging:	18540.00	03.5063	-0.9991	-019.7153
Discharging:	18570.00	03.4986	-0.9991	-019.7444
Discharging:	18600.00	03.4908	-0.9991	-019.7735
Discharging:	18630.00	03.4826	-0.9991	-019.8025
Discharging:	18660.00	03.4744	-0.9991	-019.8314
Discharging:	18690.00	03.4655	-0.9991	-019.8602
Discharging:	18720.00	03.4564	-0.9991	-019.8890
Discharging:	18750.00	03.4469	-0.9991	-019.9177
Discharging:	18780.00	03.4371	-0.9991	-019.9463
Discharging:	18810.00	03.4269	-0.9991	-019.9749
Discharging:	18840.00	03.4162	-0.9991	-020.0033
Discharging:	18870.00	03.4051	-0.9991	-020.0317
Discharging:	18900.00	03.3935	-0.9991	-020.0599
Discharging:	18930.00	03.3813	-0.9991	-020.0881
Discharging:	18960.00	03.3685	-0.9991	-020.1161
Discharging:	18990.00	03.3549	-0.9991	-020.1441
Discharging:	19020.00	03.3407	-0.9991	-020.1719
Discharging:	19050.00	03.3254	-0.9991	-020.1996
Discharging:	19080.00	03.3094	-0.9991	-020.2271
Discharging:	19110.00	03.2923	-0.9991	-020.2545
Discharging:	19140.00	03.2741	-0.9991	-020.2818
Discharging:	19170.00	03.2545	-0.9991	-020.3089
Discharging:	19200.00	03.2334	-0.9991	-020.3358
Discharging:	19230.00	03.2104	-0.9991	-020.3625
Discharging:	19260.00	03.1855	-0.9991	-020.3891
Discharging:	19290.00	03.1577	-0.9991	-020.4153
Discharging:	19320.00	03.1267	-0.9991	-020.4414
Discharging:	19350.00	03.0913	-0.9991	-020.4671
Discharging:	19380.00	03.0516	-0.9992	-020.4925
Discharging:	19410.00	03.0060	-0.9991	-020.5175
Discharging:	19440.00	02.9527	-0.9991	-020.5421
Recharging:	00030.00	02.9892	01.0000	0000.0249
Recharging:	00060.00	03.1007	00.9996	0000.0507
Recharging:	00090.00	03.1591	00.9996	0000.0771
Recharging:	00120.00	03.2045	00.9996	0000.1037
Recharging:	00150.00	03.2413	00.9996	0000.1307
Recharging:	00180.00	03.2722	00.9996	0000.1580
Recharging:	00210.00	03.2993	00.9997	0000.1855
Recharging:	00240.00	03.3235	00.9996	0000.2132
Recharging:	00270.00	03.3456	00.9996	0000.2410
Recharging:	00300.00	03.3656	00.9997	0000.2691
Recharging:	00330.00	03.3839	00.9996	0000.2973
Recharging:	00360.00	03.4009	00.9996	0000.3256
Recharging:	00390.00	03.4167	00.9996	0000.3541
Recharging:	00420.00	03.4315	00.9996	0000.3827
Recharging:	00450.00	03.4454	00.9996	0000.4114
Recharging:	00480.00	03.4585	00.9996	0000.4402
Recharging:	00510.00	03.4708	00.9996	0000.4691
Recharging:	00540.00	03.4823	00.9996	0000.4981
Recharging:	00570.00	03.4935	00.9996	0000.5272
Recharging:	00600.00	03.5041	00.9996	0000.5564
Recharging:	00630.00	03.5144	00.9996	0000.5857
Recharging:	00660.00	03.5243	00.9997	0000.6150
Recharging:	00690.00	03.5338	00.9996	0000.6444
Recharging:	00720.00	03.5427	00.9996	0000.6740
Recharging:	00750.00	03.5514	00.9996	0000.7035
Recharging:	00780.00	03.5598	00.9996	0000.7332
Recharging:	00810.00	03.5678	00.9996	0000.7629
Recharging:	00840.00	03.5757	00.9996	0000.7927
Recharging:	00870.00	03.5830	00.9996	0000.8226
Recharging:	00900.00	03.5904	00.9996	0000.8525
Recharging:	00930.00	03.5975	00.9996	0000.8824
Recharging:	00960.00	03.6042	00.9996	0000.9125
Recharging:	00990.00	03.6109	00.9997	0000.9425
Recharging:	01020.00	03.6173	00.9996	0000.9727
Recharging:	01050.00	03.6235	00.9996	0001.0029
Recharging:	01080.00	03.6296	00.9996	0001.0331
Recharging:	01110.00	03.6355	00.9997	0001.0634
Recharging:	01140.00	03.6413	00.9996	0001.0937
Recharging:	01170.00	03.6466	00.9997	0001.1241
Recharging:	01200.00	03.6520	00.9996	0001.1545
Recharging:	01230.00	03.6574	00.9996	0001.1850
Recharging:	01260.00	03.6625	00.9996	0001.2155
Recharging:	01290.00	03.6674	00.9997	0001.2460
Recharging:	01320.00	03.6723	00.9996	0001.2766
Recharging:	01350.00	03.6772	00.9996	0001.3073
Recharging:	01380.00	03.6819	00.9996	0001.3379
Recharging:	01410.00	03.6864	00.9996	0001.3686
Recharging:	01440.00	03.6908	00.9997	0001.3994
Recharging:	01470.00	03.6950	00.9997	0001.4302
Recharging:	01500.00	03.6991	00.9997	0001.4610
Recharging:	01530.00	03.7031	00.9997	0001.4918
Recharging:	01560.00	03.7069	00.9996	0001.5227
Recharging:	01590.00	03.7105	00.9997	0001.5536
Recharging:	01620.00	03.7139	00.9997	0001.5846
Recharging:	01650.00	03.7170	00.9997	0001.6155
Recharging:	01680.00	03.7197	00.9997	0001.6465
Recharging:	01710.00	03.7220	00.9996	0001.6775
Recharging:	01740.00	03.7238	00.9997	0001.7085
Recharging:	01770.00	03.7254	00.9997	0001.7396
Recharging:	01800.00	03.7266	00.9996	0001.7706
Recharging:	01830.00	03.7277	00.9996	0001.8017
Recharging:	01860.00	03.7286	00.9997	0001.8327
Recharging:	01890.00	03.7294	00.9997	0001.8638
Recharging:	01920.00	03.7301	00.9997	0001.8949
Recharging:	01950.00	03.7307	00.9997	0001.9259
Recharging:	01980.00	03.7313	00.9996	0001.9570
Recharging:	02010.00	03.7319	00.9996	0001.9881
Recharging:	02040.00	03.7325	00.9996	0002.0192
Recharging:	02070.00	03.7330	00.9997	0002.0503
Recharging:	02100.00	03.7336	00.9997	0002.0814
Recharging:	02130.00	03.7342	00.9996	0002.1125
Recharging:	02160.00	03.7347	00.9997	0002.1436
Recharging:	02190.00	03.7353	00.9997	0002.1747
Recharging:	02220.00	03.7359	00.9997	0002.2059
Recharging:	02250.00	03.7364	00.9997	0002.2370
Recharging:	02280.00	03.7370	00.9997	0002.2681
Recharging:	02310.00	03.7376	00.9997	0002.2993
Recharging:	02340.00	03.7382	00.9997	0002.3304
Recharging:	02370.00	03.7389	00.9997	0002.3616
Recharging:	02400.00	03.7395	00.9996	0002.3927
Recharging:	02430.00	03.7401	00.9996	0002.4239
Recharging:	02460.00	03.7408	00.9997	0002.4550
Recharging:	02490.00	03.7415	00.9997	0002.4862
Recharging:	02520.00	03.7421	00.9997	0002.5174
Recharging:	02550.00	03.7428	00.9997	0002.5485
Recharging:	02580.00	03.7436	00.9996	0002.5797
Recharging:	02610.00	03.7443	00.9996	0002.6109
Recharging:	02640.00	03.7451	00.9997	0002.6421
Recharging:	02670.00	03.7459	00.9997	0002.6733
Recharging:	02700.00	03.7466	00.9996	0002.7045
Recharging:	02730.00	03.7474	00.9997	0002.7358
Recharging:	02760.00	03.7483	00.9997	0002.7670
Recharging:	02790.00	03.7491	00.9997	0002.7982
Recharging:	02820.00	03.7500	00.9996	0002.8294
Recharging:	02850.00	03.7508	00.9997	0002.8607
Recharging:	02880.00	03.7517	00.9997	0002.8919
Recharging:	02910.00	03.7526	00.9997	0002.9232
Recharging:	02940.00	03.7535	00.9996	0002.9545
Recharging:	02970.00	03.7544	00.9997	0002.9858
Recharging:	03000.00	03.7553	00.9997	0003.0170
Recharging:	03030.00	03.7563	00.9997	0003.0483
Recharging:	03060.00	03.7572	00.9997	0003.0796
Recharging:	03090.00	03.7582	00.9997	0003.1109
Recharging:	03120.00	03.7592	00.9997	0003.1423
Recharging:	03150.00	03.7601	00.9997	0003.1736
Recharging:	03180.00	03.7611	00.9997	0003.2049
Recharging:	03210.00	03.7621	00.9997	0003.2362
Recharging:	03240.00	03.7630	00.9996	0003.2676
Recharging:	03270.00	03.7640	00.9996	0003.2990
Recharging:	03300.00	03.7650	00.9997	0003.3303
Recharging:	03330.00	03.7660	00.9997	0003.3617
Recharging:	03360.00	03.7670	00.9997	0003.3931
Recharging:	03390.00	03.7679	00.9997	0003.4245
Recharging:	03420.00	03.7689	00.9997	0003.4559
Recharging:	03450.00	03.7699	00.9997	0003.4873
Recharging:	03480.00	03.7709	00.9997	0003.5187
Recharging:	03510.00	03.7719	00.9996	0003.5501
Recharging:	03540.00	03.7728	00.9997	0003.5815
Recharging:	03570.00	03.7738	00.9997	0003.6130
Recharging:	03600.00	03.7748	00.9997	0003.6444
Recharging:	03630.00	03.7757	00.9997	0003.6759
Recharging:	03660.00	03.7767	00.9997	0003.7073
Recharging:	03690.00	03.7777	00.9997	0003.7388
Recharging:	03720.00	03.7786	00.9997	0003.7703
Recharging:	03750.00	03.7795	00.9997	0003.8018
Recharging:	03780.00	03.7804	00.9996	0003.8333
Recharging:	03810.00	03.7814	00.9997	0003.8648
Recharging:	03840.00	03.7823	00.9996	0003.8963
Recharging:	03870.00	03.7831	00.9997	0003.9278
Recharging:	03900.00	03.7840	00.9997	0003.9593
Recharging:	03930.00	03.7849	00.9996	0003.9908
Recharging:	03960.00	03.7858	00.9997	0004.0224
Recharging:	03990.00	03.7866	00.9997	0004.0539
Recharging:	04020.00	03.7875	00.9996	0004.0855
Recharging:	04050.00	03.7883	00.9997	0004.1170
Recharging:	04080.00	03.7891	00.9997	0004.1486
Recharging:	04110.00	03.7899	00.9997	0004.1802
Recharging:	04140.00	03.7906	00.9997	0004.2117
Recharging:	04170.00	03.7914	00.9997	0004.2433
Recharging:	04200.00	03.7922	00.9997	0004.2749
Recharging:	04230.00	03.7929	00.9997	0004.3065
Recharging:	04260.00	03.7936	00.9997	0004.3381
Recharging:	04290.00	03.7943	00.9996	0004.3697
Recharging:	04320.00	03.7951	00.9997	0004.4013
Recharging:	04350.00	03.7958	00.9997	0004.4330
Recharging:	04380.00	03.7965	00.9997	0004.4646
Recharging:	04410.00	03.7972	00.9997	0004.4962
Recharging:	04440.00	03.7979	00.9997	0004.5279
Recharging:	04470.00	03.7986	00.9996	0004.5595
Recharging:	04500.00	03.7993	00.9997	0004.5911
Recharging:	04530.00	03.8001	00.9997	0004.6228
Recharging:	04560.00	03.8008	00.9997	0004.6545
Recharging:	04590.00	03.8014	00.9997	0004.6861
Recharging:	04620.00	03.8022	00.9996	0004.7178
Recharging:	04650.00	03.8029	00.9997	0004.7495
Recharging:	04680.00	03.8036	00.9997	0004.7812
Recharging:	04710.00	03.8043	00.9997	0004.8129
Recharging:	04740.00	03.8050	00.9997	0004.8446
Recharging:	04770.00	03.8058	00.9997	0004.8763
Recharging:	04800.00	03.8065	00.9997	0004.9080
Recharging:	04830.00	03.8072	00.9996	0004.9397
Recharging:	04860.00	03.8078	00.9997	0004.9714
Recharging:	04890.00	03.8085	00.9997	0005.0031
Recharging:	04920.00	03.8091	00.9996	0005.0349
Recharging:	04950.00	03.8098	00.9997	0005.0666
Recharging:	04980.00	03.8105	00.9997	0005.0984
Recharging:	05010.00	03.8112	00.9997	0005.1301
Recharging:	05040.00	03.8119	00.9997	0005.1619
Recharging:	05070.00	03.8125	00.9997	0005.1936
Recharging:	05100.00	03.8132	00.9997	0005.2254
Recharging:	05130.00	03.8138	00.9997	0005.2572
Recharging:	05160.00	03.8145	00.9997	0005.2889
Recharging:	05190.00	03.8151	00.9996	0005.3207
Recharging:	05220.00	03.8157	00.9997	0005.3525
Recharging:	05250.00	03.8163	00.9997	0005.3843
Recharging:	05280.00	03.8169	00.9997	0005.4161
Recharging:	05310.00	03.8175	00.9996	0005.4479
Recharging:	05340.00	03.8181	00.9997	0005.4797
Recharging:	05370.00	03.8187	00.9996	0005.5115
Recharging:	05400.00	03.8193	00.9997	0005.5433
Recharging:	05430.00	03.8198	00.9997	0005.5752
Recharging:	05460.00	03.8203	00.9997	0005.6070
Recharging:	05490.00	03.8209	00.9997	0005.6388
Recharging:	05520.00	03.8214	00.9997	0005.6706
Recharging:	05550.00	03.8219	00.9997	0005.7025
Recharging:	05580.00	03.8223	00.9997	0005.7343
Recharging:	05610.00	03.8228	00.9997	0005.7662
Recharging:	05640.00	03.8232	00.9997	0005.7980
Recharging:	05670.00	03.8237	00.9997	0005.8299
Recharging:	05700.00	03.8241	00.9996	0005.8617
Recharging:	05730.00	03.8245	00.9996	0005.8936
Recharging:	05760.00	03.8249	00.9997	0005.9255
Recharging:	05790.00	03.8253	00.9997	0005.9573
Recharging:	05820.00	03.8257	00.9996	0005.9892
Recharging:	05850.00	03.8261	00.9997	0006.0211
Recharging:	05880.00	03.8264	00.9997	0006.0529
Recharging:	05910.00	03.8267	00.9996	0006.0848
Recharging:	05940.00	03.8271	00.9997	0006.1167
Recharging:	05970.00	03.8274	00.9997	0006.1486
Recharging:	06000.00	03.8277	00.9997	0006.1805
Recharging:	06030.00	03.8280	00.9997	0006.2124
Recharging:	06060.00	03.8283	00.9997	0006.2443
Recharging:	06090.00	03.8287	00.9997	0006.2761
Recharging:	06120.00	03.8289	00.9997	0006.3080
Recharging:	06150.00	03.8292	00.9997	0006.3399
Recharging:	06180.00	03.8294	00.9997	0006.3718
Recharging:	06210.00	03.8297	00.9996	0006.4037
Recharging:	06240.00	03.8300	00.9997	0006.4357
Recharging:	06270.00	03.8302	00.9997	0006.4676
Recharging:	06300.00	03.8304	00.9997	0006.4995
Recharging:	06330.00	03.8306	00.9997	0006.5314
Recharging:	06360.00	03.8308	00.9996	0006.5633
Recharging:	06390.00	03.8311	00.9997	0006.5952
Recharging:	06420.00	03.8313	00.9997	0006.6271
Recharging:	06450.00	03.8315	00.9997	0006.6590
Recharging:	06480.00	03.8317	00.9997	0006.6910
Recharging:	06510.00	03.8319	00.9997	0006.7229
Recharging:	06540.00	03.8321	00.9997	0006.7548
Recharging:	06570.00	03.8324	00.9997	0006.7867
Recharging:	06600.00	03.8326	00.9997	0006.8187
Recharging:	06630.00	03.8328	00.9997	0006.8506
Recharging:	06660.00	03.8330	00.9997	0006.8825
Recharging:	06690.00	03.8332	00.9997	0006.9145
Recharging:	06720.00	03.8334	00.9997	0006.9464
Recharging:	06750.00	03.8337	00.9997	0006.9783
Recharging:	06780.00	03.8338	00.9997	0007.0103
Recharging:	06810.00	03.8340	00.9997	0007.0422
Recharging:	06840.00	03.8343	00.9997	0007.0741
Recharging:	06870.00	03.8344	00.9997	0007.1061
Recharging:	06900.00	03.8346	00.9997	0007.1380
Recharging:	06930.00	03.8349	00.9997	0007.1700
Recharging:	06960.00	03.8351	00.9997	0007.2019
Recharging:	06990.00	03.8353	00.9997	0007.2339
Recharging:	07020.00	03.8356	00.9997	0007.2658
Recharging:	07050.00	03.8358	00.9997	0007.2978
Recharging:	07080.00	03.8360	00.9997	0007.3297
Recharging:	07110.00	03.8361	00.9997	0007.3617
Recharging:	07140.00	03.8364	00.9997	0007.3937
Recharging:	07170.00	03.8367	00.9997	0007.4256
Recharging:	07200.00	03.8369	00.9997	0007.4576
Recharging:	07230.00	03.8371	00.9997	0007.4896
Recharging:	07260.00	03.8373	00.9997	0007.5215
Recharging:	07290.00	03.8376	00.9997	0007.5535
Recharging:	07320.00	03.8378	00.9997	0007.5855
Recharging:	07350.00	03.8381	00.9997	0007.6174
Recharging:	07380.00	03.8383	00.9997	0007.6494
Recharging:	07410.00	03.8386	00.9997	0007.6814
Recharging:	07440.00	03.8388	00.9997	0007.7134
Recharging:	07470.00	03.8391	00.9997	0007.7453
Recharging:	07500.00	03.8394	00.9997	0007.7773
Recharging:	07530.00	03.8396	00.9997	0007.8093
Recharging:	07560.00	03.8398	00.9996	0007.8413
Recharging:	07590.00	03.8401	00.9997	0007.8733
Recharging:	07620.00	03.8404	00.9997	0007.9053
Recharging:	07650.00	03.8406	00.9997	0007.9373
Recharging:	07680.00	03.8409	00.9997	0007.9693
Recharging:	07710.00	03.8411	00.9997	0008.0013
Recharging:	07740.00	03.8415	00.9997	0008.0333
Recharging:	07770.00	03.8417	00.9997	0008.0653
Recharging:	07800.00	03.8420	00.9997	0008.0973
Recharging:	07830.00	03.8423	00.9997	0008.1293
Recharging:	07860.00	03.8426	00.9997	0008.1613
Recharging:	07890.00	03.8429	00.9997	0008.1933
Recharging:	07920.00	03.8432	00.9997	0008.2253
Recharging:	07950.00	03.8434	00.9997	0008.2574
Recharging:	07980.00	03.8438	00.9997	0008.2894
Recharging:	08010.00	03.8440	00.9997	0008.3214
Recharging:	08040.00	03.8443	00.9997	0008.3534
Recharging:	08070.00	03.8447	00.9997	0008.3855
Recharging:	08100.00	03.8450	00.9997	0008.4175
Recharging:	08130.00	03.8453	00.9997	0008.4495
Recharging:	08160.00	03.8456	00.9997	0008.4816
Recharging:	08190.00	03.8459	00.9996	0008.5136
Recharging:	08220.00	03.8463	00.9997	0008.5456
Recharging:	08250.00	03.8466	00.9997	0008.5777
Recharging:	08280.00	03.8469	00.9997	0008.6097
Recharging:	08310.00	03.8472	00.9997	0008.6418
Recharging:	08340.00	03.8476	00.9997	0008.6738
Recharging:	08370.00	03.8480	00.9997	0008.7059
Recharging:	08400.00	03.8483	00.9997	0008.7379
Recharging:	08430.00	03.8486	00.9997	0008.7700
Recharging:	08460.00	03.8490	00.9997	0008.8021
Recharging:	08490.00	03.8493	00.9996	0008.8341
Recharging:	08520.00	03.8497	00.9997	0008.8662
Recharging:	08550.00	03.8500	00.9997	0008.8983
Recharging:	08580.00	03.8504	00.9997	0008.9304
Recharging:	08610.00	03.8507	00.9997	0008.9624
Recharging:	08640.00	03.8511	00.9997	0008.9945
Recharging:	08670.00	03.8515	00.9997	0009.0266
Recharging:	08700.00	03.8519	00.9997	0009.0587
Recharging:	08730.00	03.8523	00.9997	0009.0908
Recharging:	08760.00	03.8527	00.9997	0009.1229
Recharging:	08790.00	03.8530	00.9997	0009.1550
Recharging:	08820.00	03.8535	00.9997	0009.1871
Recharging:	08850.00	03.8539	00.9997	0009.2192
Recharging:	08880.00	03.8543	00.9997	0009.2513
Recharging:	08910.00	03.8547	00.9997	0009.2834
Recharging:	08940.00	03.8550	00.9997	0009.3155
Recharging:	08970.00	03.8554	00.9997	0009.3476
Recharging:	09000.00	03.8559	00.9997	0009.3798
Recharging:	09030.00	03.8563	00.9997	0009.4119
Recharging:	09060.00	03.8567	00.9997	0009.4440
Recharging:	09090.00	03.8572	00.9996	0009.4761
Recharging:	09120.00	03.8577	00.9997	0009.5083
Recharging:	09150.00	03.8581	00.9997	0009.5404
Recharging:	09180.00	03.8585	00.9997	0009.5726
Recharging:	09210.00	03.8590	00.9997	0009.6047
Recharging:	09240.00	03.8595	00.9997	0009.6369
Recharging:	09270.00	03.8599	00.9997	0009.6690
Recharging:	09300.00	03.8604	00.9997	0009.7012
Recharging:	09330.00	03.8609	00.9997	0009.7333
Recharging:	09360.00	03.8613	00.9997	0009.7655
Recharging:	09390.00	03.8618	00.9997	0009.7977
Recharging:	09420.00	03.8623	00.9997	0009.8299
Recharging:	09450.00	03.8628	00.9997	0009.8620
Recharging:	09480.00	03.8633	00.9997	0009.8942
Recharging:	09510.00	03.8637	00.9997	0009.9264
Recharging:	09540.00	03.8643	00.9997	0009.9586
Recharging:	09570.00	03.8648	00.9997	0009.9908
Recharging:	09600.00	03.8654	00.9997	0010.0230
Recharging:	09630.00	03.8659	00.9997	0010.0552
Recharging:	09660.00	03.8664	00.9997	0010.0874
Recharging:	09690.00	03.8670	00.9997	0010.1196
Recharging:	09720.00	03.8675	00.9997	0010.1518
Recharging:	09750.00	03.8680	00.9997	0010.1841
Recharging:	09780.00	03.8686	00.9997	0010.2163
Recharging:	09810.00	03.8691	00.9997	0010.2485
Recharging:	09840.00	03.8697	00.9997	0010.2808
Recharging:	09870.00	03.8702	00.9997	0010.3130
Recharging:	09900.00	03.8707	00.9997	0010.3452
Recharging:	09930.00	03.8713	00.9997	0010.3775
Recharging:	09960.00	03.8718	00.9997	0010.4097
Recharging:	09990.00	03.8724	00.9997	0010.4420
Recharging:	10020.00	03.8730	00.9997	0010.4743
Recharging:	10050.00	03.8735	00.9997	0010.5065
Recharging:	10080.00	03.8742	00.9997	0010.5388
Recharging:	10110.00	03.8747	00.9997	0010.5711
Recharging:	10140.00	03.8753	00.9997	0010.6034
Recharging:	10170.00	03.8758	00.9997	0010.6357
Recharging:	10200.00	03.8764	00.9997	0010.6680
Recharging:	10230.00	03.8770	00.9997	0010.7003
Recharging:	10260.00	03.8776	00.9997	0010.7326
Recharging:	10290.00	03.8782	00.9997	0010.7649
Recharging:	10320.00	03.8788	00.9997	0010.7972
Recharging:	10350.00	03.8794	00.9997	0010.8295
Recharging:	10380.00	03.8801	00.9997	0010.8618
Recharging:	10410.00	03.8807	00.9997	0010.8941
Recharging:	10440.00	03.8814	00.9997	0010.9265
Recharging:	10470.00	03.8820	00.9997	0010.9588
Recharging:	10500.00	03.8827	00.9997	0010.9912
Recharging:	10530.00	03.8833	00.9997	0011.0235
Recharging:	10560.00	03.8840	00.9997	0011.0559
Recharging:	10590.00	03.8846	00.9996	0011.0882
Recharging:	10620.00	03.8852	00.9997	0011.1206
Recharging:	10650.00	03.8860	00.9997	0011.1530
Recharging:	10680.00	03.8866	00.9997	0011.1854
Recharging:	10710.00	03.8873	00.9997	0011.2177
Recharging:	10740.00	03.8879	00.9997	0011.2501
Recharging:	10770.00	03.8886	00.9997	0011.2825
Recharging:	10800.00	03.8893	00.9997	0011.3149
Recharging:	10830.00	03.8900	00.9997	0011.3473
Recharging:	10860.00	03.8907	00.9997	0011.3797
Recharging:	10890.00	03.8913	00.9997	0011.4122
Recharging:	10920.00	03.8920	00.9996	0011.4446
Recharging:	10950.00	03.8927	00.9997	0011.4770
Recharging:	10980.00	03.8934	00.9997	0011.5094
Recharging:	11010.00	03.8942	00.9997	0011.5419
Recharging:	11040.00	03.8949	00.9997	0011.5743
Recharging:	11070.00	03.8956	00.9997	0011.6068
Recharging:	11100.00	03.8963	00.9997	0011.6392
Recharging:	11130.00	03.8971	00.9997	0011.6717
Recharging:	11160.00	03.8978	00.9997	0011.7042
Recharging:	11190.00	03.8986	00.9997	0011.7366
Recharging:	11220.00	03.8994	00.9997	0011.7691
Recharging:	11250.00	03.9001	00.9997	0011.8016
Recharging:	11280.00	03.9009	00.9996	0011.8341
Recharging:	11310.00	03.9017	00.9997	0011.8666
Recharging:	11340.00	03.9025	00.9997	0011.8991
Recharging:	11370.00	03.9033	00.9997	0011.9316
Recharging:	11400.00	03.9041	00.9997	0011.9642
Recharging:	11430.00	03.9049	00.9997	0011.9967
Recharging:	11460.00	03.9057	00.9996	0012.0292
Recharging:	11490.00	03.9066	00.9997	0012.0618
Recharging:	11520.00	03.9074	00.9997	0012.0943
Recharging:	11550.00	03.9083	00.9996	0012.1269
Recharging:	11580.00	03.9091	00.9997	0012.1595
Recharging:	11610.00	03.9099	00.9997	0012.1920
Recharging:	11640.00	03.9108	00.9997	0012.2246
Recharging:	11670.00	03.9117	00.9997	0012.2572
Recharging:	11700.00	03.9125	00.9997	0012.2898
Recharging:	11730.00	03.9134	00.9997	0012.3224
Recharging:	11760.00	03.9142	00.9997	0012.3550
Recharging:	11790.00	03.9151	00.9997	0012.3876
Recharging:	11820.00	03.9160	00.9997	0012.4202
Recharging:	11850.00	03.9169	00.9997	0012.4529
Recharging:	11880.00	03.9178	00.9997	0012.4855
Recharging:	11910.00	03.9187	00.9997	0012.5181
Recharging:	11940.00	03.9195	00.9997	0012.5508
Recharging:	11970.00	03.9205	00.9997	0012.5835
Recharging:	12000.00	03.9214	00.9997	0012.6161
Recharging:	12030.00	03.9224	00.9997	0012.6488
Recharging:	12060.00	03.9233	00.9997	0012.6815
Recharging:	12090.00	03.9242	00.9997	0012.7142
Recharging:	12120.00	03.9251	00.9997	0012.7469
Recharging:	12150.00	03.9261	00.9997	0012.7796
Recharging:	12180.00	03.9270	00.9997	0012.8123
Recharging:	12210.00	03.9279	00.9997	0012.8450
Recharging:	12240.00	03.9288	00.9997	0012.8777
Recharging:	12270.00	03.9298	00.9997	0012.9105
Recharging:	12300.00	03.9308	00.9997	0012.9432
Recharging:	12330.00	03.9317	00.9997	0012.9760
Recharging:	12360.00	03.9326	00.9997	0013.0087
Recharging:	12390.00	03.9335	00.9997	0013.0415
Recharging:	12420.00	03.9345	00.9997	0013.0743
Recharging:	12450.00	03.9355	00.9997	0013.1071
Recharging:	12480.00	03.9365	00.9997	0013.1399
Recharging:	12510.00	03.9375	00.9997	0013.1727
Recharging:	12540.00	03.9384	00.9997	0013.2055
Recharging:	12570.00	03.9394	00.9997	0013.2383
Recharging:	12600.00	03.9404	00.9997	0013.2711
Recharging:	12630.00	03.9413	00.9997	0013.3040
Recharging:	12660.00	03.9424	00.9997	0013.3368
Recharging:	12690.00	03.9434	00.9997	0013.3696
Recharging:	12720.00	03.9443	00.9997	0013.4025
Recharging:	12750.00	03.9453	00.9997	0013.4354
Recharging:	12780.00	03.9463	00.9997	0013.4682
Recharging:	12810.00	03.9473	00.9997	0013.5011
Recharging:	12840.00	03.9482	00.9997	0013.5340
Recharging:	12870.00	03.9492	00.9997	0013.5669
Recharging:	12900.00	03.9501	00.9997	0013.5998
Recharging:	12930.00	03.9510	00.9997	0013.6327
Recharging:	12960.00	03.9521	00.9997	0013.6657
Recharging:	12990.00	03.9531	00.9997	0013.6986
Recharging:	13020.00	03.9540	00.9997	0013.7315
Recharging:	13050.00	03.9549	00.9997	0013.7645
Recharging:	13080.00	03.9559	00.9997	0013.7974
Recharging:	13110.00	03.9569	00.9997	0013.8304
Recharging:	13140.00	03.9578	00.9997	0013.8634
Recharging:	13170.00	03.9587	00.9997	0013.8963
Recharging:	13200.00	03.9596	00.9997	0013.9293
Recharging:	13230.00	03.9605	00.9997	0013.9623
Recharging:	13260.00	03.9614	00.9997	0013.9953
Recharging:	13290.00	03.9623	00.9997	0014.0283
Recharging:	13320.00	03.9633	00.9997	0014.0614
Recharging:	13350.00	03.9642	00.9997	0014.0944
Recharging:	13380.00	03.9651	00.9997	0014.1274
Recharging:	13410.00	03.9660	00.9997	0014.1605
Recharging:	13440.00	03.9669	00.9997	0014.1935
Recharging:	13470.00	03.9679	00.9997	0014.2266
Recharging:	13500.00	03.9687	00.9997	0014.2596
Recharging:	13530.00	03.9696	00.9997	0014.2927
Recharging:	13560.00	03.9705	00.9997	0014.3258
Recharging:	13590.00	03.9714	00.9996	0014.3588
Recharging:	13620.00	03.9722	00.9997	0014.3919
Recharging:	13650.00	03.9731	00.9997	0014.4250
Recharging:	13680.00	03.9739	00.9997	0014.4581
Recharging:	13710.00	03.9747	00.9997	0014.4912
Recharging:	13740.00	03.9756	00.9997	0014.5244
Recharging:	13770.00	03.9766	00.9997	0014.5575
Recharging:	13800.00	03.9774	00.9997	0014.5906
Recharging:	13830.00	03.9782	00.9997	0014.6238
Recharging:	13860.00	03.9791	00.9997	0014.6569
Recharging:	13890.00	03.9799	00.9997	0014.6901
Recharging:	13920.00	03.9807	00.9997	0014.7232
Recharging:	13950.00	03.9816	00.9996	0014.7564
Recharging:	13980.00	03.9825	00.9997	0014.7896
Recharging:	14010.00	03.9833	00.9997	0014.8228
Recharging:	14040.00	03.9841	00.9997	0014.8560
Recharging:	14070.00	03.9849	00.9997	0014.8891
Recharging:	14100.00	03.9858	00.9997	0014.9224
Recharging:	14130.00	03.9866	00.9997	0014.9556
Recharging:	14160.00	03.9874	00.9996	0014.9888
Recharging:	14190.00	03.9882	00.9997	0015.0220
Recharging:	14220.00	03.9890	00.9997	0015.0552
Recharging:	14250.00	03.9897	00.9997	0015.0885
Recharging:	14280.00	03.9904	00.9997	0015.1217
Recharging:	14310.00	03.9912	00.9997	0015.1550
Recharging:	14340.00	03.9919	00.9997	0015.1882
Recharging:	14370.00	03.9927	00.9997	0015.2215
Recharging:	14400.00	03.9933	00.9997	0015.2547
Recharging:	14430.00	03.9940	00.9997	0015.2880
Recharging:	14460.00	03.9947	00.9997	0015.3213
Recharging:	14490.00	03.9954	00.9997	0015.3546
Recharging:	14520.00	03.9961	00.9997	0015.3879
Recharging:	14550.00	03.9967	00.9997	0015.4212
Recharging:	14580.00	03.9974	00.9997	0015.4545
Recharging:	14610.00	03.9980	00.9997	0015.4878
Recharging:	14640.00	03.9987	00.9997	0015.5211
Recharging:	14670.00	03.9993	00.9997	0015.5544
Recharging:	14700.00	03.9999	00.9997	0015.5877
Recharging:	14730.00	04.0005	00.9997	0015.6210
Recharging:	14760.00	04.0012	00.9997	0015.6544
Recharging:	14790.00	04.0018	00.9997	0015.6877
Recharging:	14820.00	04.0024	00.9997	0015.7211
Recharging:	14850.00	04.0030	00.9997	0015.7544
Recharging:	14880.00	04.0037	00.9997	0015.7878
Recharging:	14910.00	04.0043	00.9997	0015.8211
Recharging:	14940.00	04.0050	00.9997	0015.8545
Recharging:	14970.00	04.0057	00.9996	0015.8878
Recharging:	15000.00	04.0062	00.9997	0015.9212
Recharging:	15030.00	04.0070	00.9997	0015.9546
Recharging:	15060.00	04.0076	00.9997	0015.9880
Recharging:	15090.00	04.0084	00.9997	0016.0214
Recharging:	15120.00	04.0090	00.9997	0016.0548
Recharging:	15150.00	04.0098	00.9997	0016.0882
Recharging:	15180.00	04.0104	00.9997	0016.1216
Recharging:	15210.00	04.0112	00.9997	0016.1550
Recharging:	15240.00	04.0119	00.9997	0016.1884
Recharging:	15270.00	04.0127	00.9997	0016.2219
Recharging:	15300.00	04.0135	00.9997	0016.2553
Recharging:	15330.00	04.0143	00.9997	0016.2887
Recharging:	15360.00	04.0150	00.9997	0016.3222
Recharging:	15390.00	04.0159	00.9996	0016.3556
Recharging:	15420.00	04.0167	00.9997	0016.3891
Recharging:	15450.00	04.0176	00.9997	0016.4226
Recharging:	15480.00	04.0185	00.9997	0016.4560
Recharging:	15510.00	04.0194	00.9997	0016.4895
Recharging:	15540.00	04.0203	00.9997	0016.5230
Recharging:	15570.00	04.0213	00.9997	0016.5565
Recharging:	15600.00	04.0223	00.9997	0016.5900
Recharging:	15630.00	04.0233	00.9997	0016.6235
Recharging:	15660.00	04.0244	00.9997	0016.6571
Recharging:	15690.00	04.0255	00.9997	0016.6906
Recharging:	15720.00	04.0265	00.9997	0016.7241
Recharging:	15750.00	04.0277	00.9997	0016.7577
Recharging:	15780.00	04.0288	00.9997	0016.7913
Recharging:	15810.00	04.0300	00.9997	0016.8248
Recharging:	15840.00	04.0313	00.9997	0016.8584
Recharging:	15870.00	04.0325	00.9997	0016.8920
Recharging:	15900.00	04.0338	00.9997	0016.9256
Recharging:	15930.00	04.0352	00.9997	0016.9592
Recharging:	15960.00	04.0365	00.9997	0016.9929
Recharging:	15990.00	04.0380	00.9997	0017.0265
Recharging:	16020.00	04.0395	00.9996	0017.0601
Recharging:	16050.00	04.0409	00.9997	0017.0938
Recharging:	16080.00	04.0425	00.9997	0017.1275
Recharging:	16110.00	04.0441	00.9997	0017.1612
Recharging:	16140.00	04.0457	00.9997	0017.1949
Recharging:	16170.00	04.0474	00.9997	0017.2286
Recharging:	16200.00	04.0492	00.9997	0017.2623
Recharging:	16230.00	04.0511	00.9997	0017.2961
Recharging:	16260.00	04.0530	00.9997	0017.3298
Recharging:	16290.00	04.0549	00.9997	0017.3636
Recharging:	16320.00	04.0568	00.9997	0017.3974
Recharging:	16350.00	04.0587	00.9997	0017.4312
Recharging:	16380.00	04.0608	00.9997	0017.4651
Recharging:	16410.00	04.0628	00.9997	0017.4989
Recharging:	16440.00	04.0649	00.9997	0017.5328
Recharging:	16470.00	04.0671	00.9997	0017.5666
Recharging:	16500.00	04.0693	00.9997	0017.6005
Recharging:	16530.00	04.0715	00.9997	0017.6345
Recharging:	16560.00	04.0737	00.9997	0017.6684
Recharging:	16590.00	04.0759	00.9997	0017.7024
Recharging:	16620.00	04.0782	00.9997	0017.7363
Recharging:	16650.00	04.0804	00.9997	0017.7703
Recharging:	16680.00	04.0827	00.9997	0017.8043
Recharging:	16710.00	04.0849	00.9997	0017.8384
Recharging:	16740.00	04.0871	00.9997	0017.8724
Recharging:	16770.00	04.0893	00.9997	0017.9065
Recharging:	16800.00	04.0915	00.9997	0017.9406
Recharging:	16830.00	04.0936	00.9997	0017.9747
Recharging:	16860.00	04.0957	00.9997	0018.0088
Recharging:	16890.00	04.0977	00.9997	0018.0429
Recharging:	16920.00	04.0994	00.9997	0018.0771
Recharging:	16950.00	04.1013	00.9997	0018.1112
Recharging:	16980.00	04.1030	00.9997	0018.1454
Recharging:	17010.00	04.1046	00.9997	0018.1796
Recharging:	17040.00	04.1062	00.9997	0018.2138
Recharging:	17070.00	04.1077	00.9997	0018.2480
Recharging:	17100.00	04.1090	00.9997	0018.2823
Recharging:	17130.00	04.1103	00.9997	0018.3165
Recharging:	17160.00	04.1116	00.9997	0018.3508
Recharging:	17190.00	04.1126	00.9997	0018.3850
Recharging:	17220.00	04.1137	00.9997	0018.4193
Recharging:	17250.00	04.1146	00.9997	0018.4536
Recharging:	17280.00	04.1155	00.9997	0018.4879
Recharging:	17310.00	04.1164	00.9997	0018.5221
Recharging:	17340.00	04.1172	00.9997	0018.5564
Recharging:	17370.00	04.1180	00.9997	0018.5907
Recharging:	17400.00	04.1187	00.9997	0018.6251
Recharging:	17430.00	04.1195	00.9997	0018.6594
Recharging:	17460.00	04.1202	00.9997	0018.6937
Recharging:	17490.00	04.1211	00.9997	0018.7280
Recharging:	17520.00	04.1219	00.9997	0018.7624
Recharging:	17550.00	04.1227	00.9997	0018.7967
Recharging:	17580.00	04.1235	00.9997	0018.8311
Recharging:	17610.00	04.1244	00.9997	0018.8654
Recharging:	17640.00	04.1253	00.9997	0018.8998
Recharging:	17670.00	04.1262	00.9997	0018.9342
Recharging:	17700.00	04.1272	00.9997	0018.9685
Recharging:	17730.00	04.1281	00.9996	0019.0029
Recharging:	17760.00	04.1291	00.9997	0019.0373
Recharging:	17790.00	04.1301	00.9997	0019.0717
Recharging:	17820.00	04.1312	00.9997	0019.1062
Recharging:	17850.00	04.1323	00.9996	0019.1406
Recharging:	17880.00	04.1334	00.9997	0019.1750
Recharging:	17910.00	04.1345	00.9997	0019.2095
Recharging:	17940.00	04.1357	00.9997	0019.2439
Recharging:	17970.00	04.1369	00.9997	0019.2784
Recharging:	18000.00	04.1381	00.9997	0019.3128
Recharging:	18030.00	04.1393	00.9997	0019.3473
Recharging:	18060.00	04.1404	00.9997	0019.3818
Recharging:	18090.00	04.1416	00.9997	0019.4163
Recharging:	18120.00	04.1429	00.9997	0019.4508
Recharging:	18150.00	04.1441	00.9997	0019.4854
Recharging:	18180.00	04.1454	00.9997	0019.5199
Recharging:	18210.00	04.1467	00.9997	0019.5544
Recharging:	18240.00	04.1480	00.9997	0019.5890
Recharging:	18270.00	04.1493	00.9997	0019.6235
Recharging:	18300.00	04.1505	00.9997	0019.6581
Recharging:	18330.00	04.1518	00.9997	0019.6927
Recharging:	18360.00	04.1531	00.9997	0019.7273
Recharging:	18390.00	04.1545	00.9997	0019.7619
Recharging:	18420.00	04.1558	00.9997	0019.7965
Recharging:	18450.00	04.1571	00.9997	0019.8312
Recharging:	18480.00	04.1584	00.9997	0019.8658
Recharging:	18510.00	04.1598	00.9997	0019.9005
Recharging:	18540.00	04.1611	00.9997	0019.9351
Recharging:	18570.00	04.1624	00.9997	0019.9698
Recharging:	18600.00	04.1637	00.9997	0020.0045
Recharging:	18630.00	04.1651	00.9997	0020.0392
Recharging:	18660.00	04.1665	00.9997	0020.0739
Recharging:	18690.00	04.1678	00.9997	0020.1086
Recharging:	18720.00	04.1692	00.9997	0020.1434
Recharging:	18750.00	04.1706	00.9997	0020.1781
Recharging:	18780.00	04.1719	00.9997	0020.2128
Recharging:	18810.00	04.1733	00.9997	0020.2476
Recharging:	18840.00	04.1746	00.9997	0020.2824
Recharging:	18870.00	04.1761	00.9997	0020.3172
Recharging:	18900.00	04.1774	00.9997	0020.3520
Recharging:	18930.00	04.1788	00.9997	0020.3868
Recharging:	18960.00	04.1802	00.9997	0020.4216
Recharging:	18990.00	04.1814	00.9997	0020.4565
Recharging:	19020.00	04.1828	00.9997	0020.4913
Recharging:	19050.00	04.1842	00.9997	0020.5262
Recharging:	19080.00	04.1856	00.9997	0020.5610
Recharging:	19110.00	04.1869	00.9997	0020.5959
Recharging:	19140.00	04.1884	00.9997	0020.6308
Recharging:	19170.00	04.1898	00.9997	0020.6657
Recharging:	19200.00	04.1912	00.9997	0020.7006
Recharging:	19230.00	04.1926	00.9997	0020.7355
Recharging:	19260.00	04.1939	00.9997	0020.7705
Recharging:	19290.00	04.1953	00.9997	0020.8054
Recharging:	19320.00	04.1967	00.9997	0020.8404
Recharging:	19350.00	04.1981	00.9997	0020.8754
Recharging:	19380.00	04.1996	00.9997	0020.9103
Recharging:	19410.00	04.2009	00.9997	0020.9453
