---------------------------
TESTING INTERNAL RESISTANCE
voltage while ON =  1.5391
current= 0.5011
OUTPUT OFF
voltage while OFF =  1.4096
Internal resistance =  0.2585 [Ohm]
OUTPUT ON
---------------------------
Charging:	00030.00	01.5367	00.5013	0000.0064
Charging:	00060.00	01.5509	00.5004	0000.0129
Charging:	00090.00	01.5526	00.5004	0000.0194
Charging:	00120.00	01.5536	00.5004	0000.0258
Charging:	00150.00	01.5542	00.5004	0000.0323
Charging:	00180.00	01.5545	00.5004	0000.0388
Charging:	00210.00	01.5548	00.5004	0000.0453
Charging:	00240.00	01.5550	00.5005	0000.0518
Charging:	00270.00	01.5550	00.5004	0000.0583
Charging:	00300.00	01.5550	00.5004	0000.0647
Charging:	00330.00	01.5549	00.5004	0000.0712
Charging:	00360.00	01.5549	00.5004	0000.0777
Charging:	00390.00	01.5549	00.5004	0000.0842
Charging:	00420.00	01.5547	00.5004	0000.0907
Charging:	00450.00	01.5547	00.5004	0000.0972
Charging:	00480.00	01.5545	00.5004	0000.1036
Charging:	00510.00	01.5544	00.5004	0000.1101
Charging:	00540.00	01.5542	00.5004	0000.1166
Charging:	00570.00	01.5541	00.5004	0000.1231
Charging:	00600.00	01.5540	00.5004	0000.1296
Charging:	00630.00	01.5539	00.5004	0000.1361
Charging:	00660.00	01.5537	00.5004	0000.1425
Charging:	00690.00	01.5536	00.5004	0000.1490
Charging:	00720.00	01.5565	00.5004	0000.1555
Charging:	00750.00	01.5554	00.5004	0000.1620
Charging:	00780.00	01.5551	00.5004	0000.1685
Charging:	00810.00	01.5546	00.5004	0000.1750
Charging:	00840.00	01.5544	00.5004	0000.1814
Charging:	00870.00	01.5541	00.5004	0000.1879
Charging:	00900.00	01.5539	00.5004	0000.1944
Charging:	00930.00	01.5538	00.5004	0000.2009
Charging:	00960.00	01.5536	00.5004	0000.2074
Charging:	00990.00	01.5535	00.5005	0000.2138
Charging:	01020.00	01.5533	00.5004	0000.2203
Charging:	01050.00	01.5532	00.5004	0000.2268
Charging:	01080.00	01.5531	00.5004	0000.2333
Charging:	01110.00	01.5529	00.5004	0000.2397
Charging:	01140.00	01.5528	00.5004	0000.2462
Charging:	01170.00	01.5527	00.5005	0000.2527
Charging:	01200.00	01.5528	00.5004	0000.2592
Charging:	01230.00	01.5525	00.5004	0000.2656
Charging:	01260.00	01.5524	00.5004	0000.2721
Charging:	01290.00	01.5523	00.5004	0000.2786
Charging:	01320.00	01.5523	00.5004	0000.2851
Charging:	01350.00	01.5522	00.5004	0000.2915
Charging:	01380.00	01.5522	00.5004	0000.2980
Charging:	01410.00	01.5521	00.5004	0000.3045
Charging:	01440.00	01.5520	00.5004	0000.3110
Charging:	01470.00	01.5519	00.5004	0000.3174
Charging:	01500.00	01.5517	00.5004	0000.3239
Charging:	01530.00	01.5517	00.5004	0000.3304
Charging:	01560.00	01.5517	00.5004	0000.3368
Charging:	01590.00	01.5517	00.5005	0000.3433
Charging:	01620.00	01.5516	00.5005	0000.3498
Charging:	01650.00	01.5516	00.5004	0000.3563
Charging:	01680.00	01.5516	00.5004	0000.3627
Charging:	01710.00	01.5516	00.5005	0000.3692
Charging:	01740.00	01.5514	00.5004	0000.3757
Charging:	01770.00	01.5515	00.5004	0000.3821
Charging:	01800.00	01.5514	00.5004	0000.3886
Charging:	01830.00	01.5514	00.5004	0000.3951
Charging:	01860.00	01.5514	00.5004	0000.4015
Charging:	01890.00	01.5513	00.5004	0000.4080
Charging:	01920.00	01.5513	00.5004	0000.4145
Charging:	01950.00	01.5514	00.5004	0000.4210
Charging:	01980.00	01.5513	00.5004	0000.4274
Charging:	02010.00	01.5513	00.5005	0000.4339
Charging:	02040.00	01.5513	00.5004	0000.4404
Charging:	02070.00	01.5514	00.5004	0000.4468
Charging:	02100.00	01.5514	00.5004	0000.4533
Charging:	02130.00	01.5514	00.5004	0000.4598
Charging:	02160.00	01.5514	00.5004	0000.4662
Charging:	02190.00	01.5515	00.5004	0000.4727
Charging:	02220.00	01.5515	00.5004	0000.4792
Charging:	02250.00	01.5515	00.5004	0000.4857
Charging:	02280.00	01.5515	00.5004	0000.4921
Charging:	02310.00	01.5516	00.5004	0000.4986
Charging:	02340.00	01.5516	00.5005	0000.5051
Charging:	02370.00	01.5516	00.5004	0000.5115
Charging:	02400.00	01.5517	00.5004	0000.5180
Charging:	02430.00	01.5518	00.5004	0000.5245
Charging:	02460.00	01.5519	00.5004	0000.5309
Charging:	02490.00	01.5519	00.5004	0000.5374
Charging:	02520.00	01.5519	00.5004	0000.5439
Charging:	02550.00	01.5520	00.5004	0000.5504
Charging:	02580.00	01.5521	00.5004	0000.5568
Charging:	02610.00	01.5521	00.5004	0000.5633
Charging:	02640.00	01.5522	00.5004	0000.5698
Charging:	02670.00	01.5522	00.5004	0000.5763
Charging:	02700.00	01.5522	00.5004	0000.5827
Charging:	02730.00	01.5523	00.5004	0000.5892
Charging:	02760.00	01.5524	00.5004	0000.5957
Charging:	02790.00	01.5524	00.5004	0000.6022
Charging:	02820.00	01.5525	00.5004	0000.6086
Charging:	02850.00	01.5526	00.5004	0000.6151
Charging:	02880.00	01.5526	00.5004	0000.6216
Charging:	02910.00	01.5527	00.5004	0000.6281
Charging:	02940.00	01.5528	00.5004	0000.6345
Charging:	02970.00	01.5529	00.5004	0000.6410
Charging:	03000.00	01.5530	00.5004	0000.6475
Charging:	03030.00	01.5531	00.5004	0000.6540
Charging:	03060.00	01.5532	00.5004	0000.6604
Charging:	03090.00	01.5533	00.5004	0000.6669
Charging:	03120.00	01.5533	00.5004	0000.6734
Charging:	03150.00	01.5534	00.5004	0000.6799
Charging:	03180.00	01.5535	00.5004	0000.6863
Charging:	03210.00	01.5536	00.5004	0000.6928
Charging:	03240.00	01.5538	00.5004	0000.6993
Charging:	03270.00	01.5538	00.5005	0000.7058
Charging:	03300.00	01.5540	00.5004	0000.7123
Charging:	03330.00	01.5540	00.5004	0000.7187
Charging:	03360.00	01.5542	00.5004	0000.7252
Charging:	03390.00	01.5543	00.5004	0000.7317
Charging:	03420.00	01.5544	00.5004	0000.7382
Charging:	03450.00	01.5545	00.5004	0000.7447
Charging:	03480.00	01.5547	00.5005	0000.7512
Charging:	03510.00	01.5548	00.5004	0000.7576
Charging:	03540.00	01.5549	00.5004	0000.7641
Charging:	03570.00	01.5550	00.5004	0000.7706
Charging:	03600.00	01.5551	00.5004	0000.7771
Charging:	03630.00	01.5552	00.5004	0000.7836
Charging:	03660.00	01.5553	00.5005	0000.7901
Charging:	03690.00	01.5554	00.5004	0000.7966
Charging:	03720.00	01.5556	00.5004	0000.8030
Charging:	03750.00	01.5557	00.5004	0000.8095
Charging:	03780.00	01.5558	00.5004	0000.8160
Charging:	03810.00	01.5559	00.5004	0000.8225
Charging:	03840.00	01.5561	00.5005	0000.8290
Charging:	03870.00	01.5563	00.5004	0000.8355
Charging:	03900.00	01.5564	00.5004	0000.8420
Charging:	03930.00	01.5566	00.5005	0000.8485
Charging:	03960.00	01.5568	00.5004	0000.8550
Charging:	03990.00	01.5569	00.5004	0000.8615
Charging:	04020.00	01.5571	00.5004	0000.8679
Charging:	04050.00	01.5573	00.5005	0000.8744
Charging:	04080.00	01.5574	00.5004	0000.8809
Charging:	04110.00	01.5576	00.5004	0000.8874
Charging:	04140.00	01.5577	00.5004	0000.8939
Charging:	04170.00	01.5579	00.5004	0000.9004
Charging:	04200.00	01.5581	00.5004	0000.9069
Charging:	04230.00	01.5583	00.5004	0000.9134
Charging:	04260.00	01.5585	00.5004	0000.9199
Charging:	04290.00	01.5587	00.5004	0000.9264
Charging:	04320.00	01.5589	00.5004	0000.9329
Charging:	04350.00	01.5591	00.5004	0000.9394
Charging:	04380.00	01.5593	00.5004	0000.9459
Charging:	04410.00	01.5595	00.5004	0000.9524
Charging:	04440.00	01.5597	00.5004	0000.9589
Charging:	04470.00	01.5599	00.5004	0000.9654
Charging:	04500.00	01.5601	00.5004	0000.9719
Charging:	04530.00	01.5604	00.5005	0000.9785
Charging:	04560.00	01.5606	00.5004	0000.9850
Charging:	04590.00	01.5608	00.5004	0000.9915
Charging:	04620.00	01.5610	00.5004	0000.9980
Charging:	04650.00	01.5612	00.5004	0001.0045
Charging:	04680.00	01.5615	00.5004	0001.0110
Charging:	04710.00	01.5617	00.5004	0001.0175
Charging:	04740.00	01.5619	00.5004	0001.0240
Charging:	04770.00	01.5622	00.5004	0001.0305
Charging:	04800.00	01.5624	00.5004	0001.0371
Charging:	04830.00	01.5626	00.5004	0001.0436
Charging:	04860.00	01.5629	00.5004	0001.0501
Charging:	04890.00	01.5632	00.5004	0001.0566
Charging:	04920.00	01.5635	00.5004	0001.0631
Charging:	04950.00	01.5636	00.5004	0001.0697
Charging:	04980.00	01.5639	00.5004	0001.0762
Charging:	05010.00	01.5641	00.5004	0001.0827
Charging:	05040.00	01.5644	00.5004	0001.0892
Charging:	05070.00	01.5646	00.5004	0001.0957
Charging:	05100.00	01.5649	00.5004	0001.1023
Charging:	05130.00	01.5652	00.5004	0001.1088
Charging:	05160.00	01.5654	00.5004	0001.1153
Charging:	05190.00	01.5656	00.5005	0001.1219
Charging:	05220.00	01.5659	00.5004	0001.1284
Charging:	05250.00	01.5662	00.5004	0001.1349
Charging:	05280.00	01.5664	00.5004	0001.1415
Charging:	05310.00	01.5667	00.5004	0001.1480
Charging:	05340.00	01.5670	00.5004	0001.1545
Charging:	05370.00	01.5673	00.5004	0001.1611
Charging:	05400.00	01.5676	00.5004	0001.1676
Charging:	05430.00	01.5678	00.5004	0001.1741
Charging:	05460.00	01.5681	00.5004	0001.1807
Charging:	05490.00	01.5684	00.5004	0001.1872
Charging:	05520.00	01.5687	00.5004	0001.1938
Charging:	05550.00	01.5690	00.5005	0001.2003
Charging:	05580.00	01.5693	00.5004	0001.2068
Charging:	05610.00	01.5695	00.5004	0001.2134
Charging:	05640.00	01.5699	00.5004	0001.2199
Charging:	05670.00	01.5702	00.5004	0001.2265
Charging:	05700.00	01.5706	00.5004	0001.2330
Charging:	05730.00	01.5709	00.5004	0001.2396
Charging:	05760.00	01.5713	00.5004	0001.2461
Charging:	05790.00	01.5715	00.5004	0001.2527
Charging:	05820.00	01.5718	00.5004	0001.2592
Charging:	05850.00	01.5721	00.5004	0001.2658
Charging:	05880.00	01.5725	00.5004	0001.2724
Charging:	05910.00	01.5728	00.5004	0001.2789
Charging:	05940.00	01.5731	00.5004	0001.2855
Charging:	05970.00	01.5736	00.5004	0001.2920
Charging:	06000.00	01.5739	00.5004	0001.2986
Charging:	06030.00	01.5742	00.5004	0001.3052
Charging:	06060.00	01.5745	00.5004	0001.3117
Charging:	06090.00	01.5749	00.5004	0001.3183
Charging:	06120.00	01.5753	00.5004	0001.3249
Charging:	06150.00	01.5756	00.5004	0001.3314
Charging:	06180.00	01.5759	00.5005	0001.3380
Charging:	06210.00	01.5762	00.5004	0001.3446
Charging:	06240.00	01.5766	00.5004	0001.3512
Charging:	06270.00	01.5769	00.5004	0001.3577
Charging:	06300.00	01.5773	00.5004	0001.3643
Charging:	06330.00	01.5776	00.5004	0001.3709
Charging:	06360.00	01.5779	00.5005	0001.3775
Charging:	06390.00	01.5783	00.5004	0001.3841
Charging:	06420.00	01.5786	00.5004	0001.3906
Charging:	06450.00	01.5790	00.5004	0001.3972
Charging:	06480.00	01.5793	00.5004	0001.4038
Charging:	06510.00	01.5795	00.5004	0001.4104
Charging:	06540.00	01.5798	00.5004	0001.4170
Charging:	06570.00	01.5801	00.5004	0001.4236
---------------------------
TESTING INTERNAL RESISTANCE
voltage while ON =  1.3330
current=-0.5002
OUTPUT OFF
voltage while OFF =  1.4517
Internal resistance =  0.2373 [Ohm]
OUTPUT ON
---------------------------
Discharging:	00030.00	01.3298	-0.5002	-000.0055
Discharging:	00060.00	01.3093	-0.5000	-000.0110
Discharging:	00090.00	01.2986	-0.5000	-000.0164
Discharging:	00120.00	01.2904	-0.5000	-000.0218
Discharging:	00150.00	01.2839	-0.5000	-000.0271
Discharging:	00180.00	01.2784	-0.5000	-000.0325
Discharging:	00210.00	01.2737	-0.5000	-000.0378
Discharging:	00240.00	01.2680	-0.5000	-000.0431
Discharging:	00270.00	01.2645	-0.5000	-000.0483
Discharging:	00300.00	01.2613	-0.5000	-000.0536
Discharging:	00330.00	01.2585	-0.5000	-000.0588
Discharging:	00360.00	01.2557	-0.5000	-000.0641
Discharging:	00390.00	01.2532	-0.5000	-000.0693
Discharging:	00420.00	01.2507	-0.5000	-000.0745
Discharging:	00450.00	01.2484	-0.5000	-000.0797
Discharging:	00480.00	01.2462	-0.5000	-000.0849
Discharging:	00510.00	01.2441	-0.5000	-000.0901
Discharging:	00540.00	01.2421	-0.5000	-000.0952
Discharging:	00570.00	01.2402	-0.5000	-000.1004
Discharging:	00600.00	01.2383	-0.5000	-000.1056
Discharging:	00630.00	01.2365	-0.5000	-000.1107
Discharging:	00660.00	01.2347	-0.5000	-000.1159
Discharging:	00690.00	01.2330	-0.5000	-000.1210
Discharging:	00720.00	01.2313	-0.5000	-000.1261
Discharging:	00750.00	01.2297	-0.5000	-000.1313
Discharging:	00780.00	01.2282	-0.5000	-000.1364
Discharging:	00810.00	01.2266	-0.5000	-000.1415
Discharging:	00840.00	01.2251	-0.5000	-000.1466
Discharging:	00870.00	01.2236	-0.5000	-000.1517
Discharging:	00900.00	01.2222	-0.5000	-000.1568
Discharging:	00930.00	01.2208	-0.5000	-000.1619
Discharging:	00960.00	01.2194	-0.5000	-000.1669
Discharging:	00990.00	01.2181	-0.5000	-000.1720
Discharging:	01020.00	01.2167	-0.5000	-000.1771
Discharging:	01050.00	01.2129	-0.5000	-000.1821
Discharging:	01080.00	01.2119	-0.5000	-000.1872
Discharging:	01110.00	01.2107	-0.5000	-000.1922
Discharging:	01140.00	01.2095	-0.5000	-000.1973
Discharging:	01170.00	01.2084	-0.5000	-000.2023
Discharging:	01200.00	01.2072	-0.5000	-000.2073
Discharging:	01230.00	01.2060	-0.5000	-000.2124
Discharging:	01260.00	01.2047	-0.5000	-000.2174
Discharging:	01290.00	01.2037	-0.5000	-000.2224
Discharging:	01320.00	01.2025	-0.5000	-000.2274
Discharging:	01350.00	01.2014	-0.5000	-000.2324
Discharging:	01380.00	01.2003	-0.5000	-000.2374
Discharging:	01410.00	01.1992	-0.5000	-000.2424
Discharging:	01440.00	01.1982	-0.5000	-000.2474
Discharging:	01470.00	01.1971	-0.5000	-000.2524
Discharging:	01500.00	01.1961	-0.5000	-000.2574
Discharging:	01530.00	01.1950	-0.5000	-000.2624
Discharging:	01560.00	01.1940	-0.5000	-000.2673
Discharging:	01590.00	01.1930	-0.5000	-000.2723
Discharging:	01620.00	01.1919	-0.5000	-000.2773
Discharging:	01650.00	01.1909	-0.5000	-000.2822
Discharging:	01680.00	01.1899	-0.5000	-000.2872
Discharging:	01710.00	01.1889	-0.5000	-000.2921
Discharging:	01740.00	01.1880	-0.5000	-000.2971
Discharging:	01770.00	01.1870	-0.5000	-000.3020
Discharging:	01800.00	01.1861	-0.5000	-000.3070
Discharging:	01830.00	01.1852	-0.5000	-000.3119
Discharging:	01860.00	01.1842	-0.5000	-000.3169
Discharging:	01890.00	01.1834	-0.5000	-000.3218
Discharging:	01920.00	01.1825	-0.5000	-000.3267
Discharging:	01950.00	01.1816	-0.5000	-000.3316
Discharging:	01980.00	01.1807	-0.5000	-000.3366
Discharging:	02010.00	01.1798	-0.5000	-000.3415
Discharging:	02040.00	01.1790	-0.5000	-000.3464
Discharging:	02070.00	01.1781	-0.5000	-000.3513
Discharging:	02100.00	01.1773	-0.5000	-000.3562
Discharging:	02130.00	01.1765	-0.5000	-000.3611
Discharging:	02160.00	01.1757	-0.5000	-000.3660
Discharging:	02190.00	01.1749	-0.5000	-000.3709
Discharging:	02220.00	01.1741	-0.5000	-000.3758
Discharging:	02250.00	01.1733	-0.5000	-000.3807
Discharging:	02280.00	01.1726	-0.5000	-000.3856
Discharging:	02310.00	01.1718	-0.5000	-000.3904
Discharging:	02340.00	01.1710	-0.5000	-000.3953
Discharging:	02370.00	01.1703	-0.5000	-000.4002
Discharging:	02400.00	01.1695	-0.5000	-000.4051
Discharging:	02430.00	01.1687	-0.5000	-000.4099
Discharging:	02460.00	01.1680	-0.5000	-000.4148
Discharging:	02490.00	01.1673	-0.5000	-000.4197
Discharging:	02520.00	01.1666	-0.5000	-000.4245
Discharging:	02550.00	01.1659	-0.5000	-000.4294
Discharging:	02580.00	01.1652	-0.5000	-000.4342
Discharging:	02610.00	01.1645	-0.5000	-000.4391
Discharging:	02640.00	01.1638	-0.5000	-000.4439
Discharging:	02670.00	01.1631	-0.5000	-000.4488
Discharging:	02700.00	01.1624	-0.5000	-000.4536
Discharging:	02730.00	01.1619	-0.5000	-000.4585
Discharging:	02760.00	01.1612	-0.5000	-000.4633
Discharging:	02790.00	01.1605	-0.5000	-000.4681
Discharging:	02820.00	01.1599	-0.5000	-000.4730
Discharging:	02850.00	01.1593	-0.5000	-000.4778
Discharging:	02880.00	01.1586	-0.5000	-000.4826
Discharging:	02910.00	01.1580	-0.5000	-000.4875
Discharging:	02940.00	01.1575	-0.5000	-000.4923
Discharging:	02970.00	01.1568	-0.5000	-000.4971
Discharging:	03000.00	01.1562	-0.5000	-000.5019
Discharging:	03030.00	01.1556	-0.5000	-000.5067
Discharging:	03060.00	01.1550	-0.5000	-000.5115
Discharging:	03090.00	01.1544	-0.5000	-000.5164
Discharging:	03120.00	01.1538	-0.5000	-000.5212
Discharging:	03150.00	01.1533	-0.5000	-000.5260
Discharging:	03180.00	01.1527	-0.5000	-000.5308
Discharging:	03210.00	01.1522	-0.5000	-000.5356
Discharging:	03240.00	01.1516	-0.5000	-000.5404
Discharging:	03270.00	01.1511	-0.5000	-000.5452
Discharging:	03300.00	01.1506	-0.5000	-000.5500
Discharging:	03330.00	01.1501	-0.5000	-000.5548
Discharging:	03360.00	01.1496	-0.5000	-000.5595
Discharging:	03390.00	01.1490	-0.5000	-000.5643
Discharging:	03420.00	01.1485	-0.5000	-000.5691
Discharging:	03450.00	01.1481	-0.5000	-000.5739
Discharging:	03480.00	01.1475	-0.5000	-000.5787
Discharging:	03510.00	01.1470	-0.5000	-000.5835
Discharging:	03540.00	01.1466	-0.5000	-000.5882
Discharging:	03570.00	01.1461	-0.5000	-000.5930
Discharging:	03600.00	01.1456	-0.5000	-000.5978
Discharging:	03630.00	01.1451	-0.5000	-000.6026
Discharging:	03660.00	01.1446	-0.5000	-000.6073
Discharging:	03690.00	01.1442	-0.5000	-000.6121
Discharging:	03720.00	01.1437	-0.5000	-000.6169
Discharging:	03750.00	01.1432	-0.5000	-000.6216
Discharging:	03780.00	01.1428	-0.5000	-000.6264
Discharging:	03810.00	01.1423	-0.5000	-000.6311
Discharging:	03840.00	01.1419	-0.5000	-000.6359
Discharging:	03870.00	01.1414	-0.5000	-000.6407
Discharging:	03900.00	01.1410	-0.5000	-000.6454
Discharging:	03930.00	01.1405	-0.5000	-000.6502
Discharging:	03960.00	01.1400	-0.5000	-000.6549
Discharging:	03990.00	01.1396	-0.5000	-000.6597
Discharging:	04020.00	01.1392	-0.5000	-000.6644
Discharging:	04050.00	01.1387	-0.5000	-000.6692
Discharging:	04080.00	01.1383	-0.5000	-000.6739
Discharging:	04110.00	01.1378	-0.5000	-000.6786
Discharging:	04140.00	01.1373	-0.5000	-000.6834
Discharging:	04170.00	01.1369	-0.5000	-000.6881
Discharging:	04200.00	01.1365	-0.5000	-000.6928
Discharging:	04230.00	01.1361	-0.5000	-000.6976
Discharging:	04260.00	01.1357	-0.5000	-000.7023
Discharging:	04290.00	01.1352	-0.5000	-000.7070
Discharging:	04320.00	01.1347	-0.5000	-000.7118
Discharging:	04350.00	01.1343	-0.5000	-000.7165
Discharging:	04380.00	01.1333	-0.5000	-000.7212
Discharging:	04410.00	01.1326	-0.5000	-000.7259
Discharging:	04440.00	01.1316	-0.5000	-000.7307
Discharging:	04470.00	01.1315	-0.5000	-000.7354
Discharging:	04500.00	01.1312	-0.5000	-000.7401
Discharging:	04530.00	01.1308	-0.5000	-000.7448
Discharging:	04560.00	01.1304	-0.5000	-000.7495
Discharging:	04590.00	01.1299	-0.5000	-000.7542
Discharging:	04620.00	01.1295	-0.5000	-000.7589
Discharging:	04650.00	01.1290	-0.5000	-000.7636
Discharging:	04680.00	01.1286	-0.5000	-000.7683
Discharging:	04710.00	01.1280	-0.5000	-000.7730
Discharging:	04740.00	01.1276	-0.5000	-000.7777
Discharging:	04770.00	01.1271	-0.5000	-000.7824
Discharging:	04800.00	01.1266	-0.5000	-000.7871
Discharging:	04830.00	01.1262	-0.5000	-000.7918
Discharging:	04860.00	01.1257	-0.5000	-000.7965
Discharging:	04890.00	01.1252	-0.5000	-000.8012
Discharging:	04920.00	01.1247	-0.5000	-000.8059
Discharging:	04950.00	01.1242	-0.5000	-000.8106
Discharging:	04980.00	01.1236	-0.5000	-000.8152
Discharging:	05010.00	01.1231	-0.5000	-000.8199
Discharging:	05040.00	01.1225	-0.5000	-000.8246
Discharging:	05070.00	01.1219	-0.5000	-000.8293
Discharging:	05100.00	01.1213	-0.5000	-000.8339
Discharging:	05130.00	01.1208	-0.5000	-000.8386
Discharging:	05160.00	01.1201	-0.5000	-000.8433
Discharging:	05190.00	01.1194	-0.5000	-000.8479
Discharging:	05220.00	01.1187	-0.5000	-000.8526
Discharging:	05250.00	01.1181	-0.5000	-000.8573
Discharging:	05280.00	01.1175	-0.5000	-000.8619
Discharging:	05310.00	01.1168	-0.5000	-000.8666
Discharging:	05340.00	01.1160	-0.5000	-000.8712
Discharging:	05370.00	01.1153	-0.5000	-000.8759
Discharging:	05400.00	01.1146	-0.5000	-000.8805
Discharging:	05430.00	01.1138	-0.5000	-000.8851
Discharging:	05460.00	01.1130	-0.5000	-000.8898
Discharging:	05490.00	01.1121	-0.5000	-000.8944
Discharging:	05520.00	01.1112	-0.5000	-000.8990
Discharging:	05550.00	01.1103	-0.5000	-000.9037
Discharging:	05580.00	01.1093	-0.5000	-000.9083
Discharging:	05610.00	01.1083	-0.5000	-000.9129
Discharging:	05640.00	01.1071	-0.5000	-000.9175
Discharging:	05670.00	01.1061	-0.5000	-000.9221
Discharging:	05700.00	01.1049	-0.5000	-000.9267
Discharging:	05730.00	01.1036	-0.5000	-000.9313
Discharging:	05760.00	01.1023	-0.5000	-000.9359
Discharging:	05790.00	01.1010	-0.5000	-000.9405
Discharging:	05820.00	01.0996	-0.5000	-000.9451
Discharging:	05850.00	01.0983	-0.5000	-000.9497
Discharging:	05880.00	01.0968	-0.5000	-000.9542
Discharging:	05910.00	01.0953	-0.5000	-000.9588
Discharging:	05940.00	01.0937	-0.5000	-000.9634
Discharging:	05970.00	01.0919	-0.5000	-000.9679
Discharging:	06000.00	01.0901	-0.5000	-000.9725
Discharging:	06030.00	01.0882	-0.5000	-000.9770
Discharging:	06060.00	01.0861	-0.5000	-000.9815
Discharging:	06090.00	01.0842	-0.5000	-000.9860
Discharging:	06120.00	01.0822	-0.5000	-000.9905
Discharging:	06150.00	01.0801	-0.5000	-000.9950
Discharging:	06180.00	01.0778	-0.5000	-000.9995
Discharging:	06210.00	01.0752	-0.4999	-001.0040
Discharging:	06240.00	01.0729	-0.5000	-001.0085
Discharging:	06270.00	01.0705	-0.5000	-001.0129
Discharging:	06300.00	01.0683	-0.5000	-001.0174
Discharging:	06330.00	01.0656	-0.5000	-001.0218
Discharging:	06360.00	01.0632	-0.5000	-001.0263
Discharging:	06390.00	01.0605	-0.5000	-001.0307
Discharging:	06420.00	01.0577	-0.5000	-001.0351
Discharging:	06450.00	01.0546	-0.5000	-001.0395
Discharging:	06480.00	01.0515	-0.5000	-001.0439
Discharging:	06510.00	01.0481	-0.5000	-001.0482
Discharging:	06540.00	01.0445	-0.5000	-001.0526
Discharging:	06570.00	01.0410	-0.5000	-001.0569
Discharging:	06600.00	01.0367	-0.5000	-001.0612
Discharging:	06630.00	01.0325	-0.5000	-001.0655
Discharging:	06660.00	01.0289	-0.5000	-001.0698
Discharging:	06690.00	01.0243	-0.5000	-001.0741
Discharging:	06720.00	01.0192	-0.5000	-001.0783
Discharging:	06750.00	01.0140	-0.5000	-001.0826
Discharging:	06780.00	01.0083	-0.5000	-001.0868
Discharging:	06810.00	01.0024	-0.5000	-001.0910
Discharging:	06840.00	00.9956	-0.5000	-001.0951
Recharging:	00030.00	01.4202	00.5008	0000.0059
Recharging:	00060.00	01.4419	00.5004	0000.0119
Recharging:	00090.00	01.4477	00.5004	0000.0180
Recharging:	00120.00	01.4531	00.5004	0000.0240
Recharging:	00150.00	01.4580	00.5004	0000.0301
Recharging:	00180.00	01.4622	00.5004	0000.0362
Recharging:	00210.00	01.4659	00.5004	0000.0423
Recharging:	00240.00	01.4691	00.5004	0000.0485
Recharging:	00270.00	01.4720	00.5004	0000.0546
Recharging:	00300.00	01.4747	00.5004	0000.0607
Recharging:	00330.00	01.4769	00.5004	0000.0669
Recharging:	00360.00	01.4791	00.5004	0000.0731
Recharging:	00390.00	01.4810	00.5004	0000.0792
Recharging:	00420.00	01.4829	00.5004	0000.0854
Recharging:	00450.00	01.4845	00.5004	0000.0916
Recharging:	00480.00	01.4861	00.5004	0000.0978
Recharging:	00510.00	01.4877	00.5004	0000.1040
Recharging:	00540.00	01.4891	00.5004	0000.1102
Recharging:	00570.00	01.4904	00.5004	0000.1164
Recharging:	00600.00	01.4917	00.5004	0000.1227
Recharging:	00630.00	01.4928	00.5004	0000.1289
Recharging:	00660.00	01.4939	00.5004	0000.1351
Recharging:	00690.00	01.4950	00.5004	0000.1414
Recharging:	00720.00	01.4960	00.5004	0000.1476
Recharging:	00750.00	01.4970	00.5004	0000.1538
Recharging:	00780.00	01.4979	00.5004	0000.1601
Recharging:	00810.00	01.4988	00.5004	0000.1663
Recharging:	00840.00	01.4997	00.5004	0000.1726
Recharging:	00870.00	01.5006	00.5004	0000.1788
Recharging:	00900.00	01.5014	00.5004	0000.1851
Recharging:	00930.00	01.5022	00.5004	0000.1914
Recharging:	00960.00	01.5029	00.5004	0000.1976
Recharging:	00990.00	01.5037	00.5004	0000.2039
Recharging:	01020.00	01.5044	00.5004	0000.2102
Recharging:	01050.00	01.5051	00.5004	0000.2165
Recharging:	01080.00	01.5058	00.5004	0000.2227
Recharging:	01110.00	01.5064	00.5004	0000.2290
Recharging:	01140.00	01.5071	00.5004	0000.2353
Recharging:	01170.00	01.5078	00.5004	0000.2416
Recharging:	01200.00	01.5084	00.5004	0000.2479
Recharging:	01230.00	01.5090	00.5004	0000.2542
Recharging:	01260.00	01.5096	00.5004	0000.2605
Recharging:	01290.00	01.5102	00.5004	0000.2668
Recharging:	01320.00	01.5107	00.5004	0000.2731
Recharging:	01350.00	01.5113	00.5004	0000.2794
Recharging:	01380.00	01.5118	00.5004	0000.2857
Recharging:	01410.00	01.5124	00.5004	0000.2920
Recharging:	01440.00	01.5129	00.5004	0000.2983
Recharging:	01470.00	01.5134	00.5004	0000.3046
Recharging:	01500.00	01.5140	00.5004	0000.3109
Recharging:	01530.00	01.5144	00.5004	0000.3172
Recharging:	01560.00	01.5149	00.5004	0000.3236
Recharging:	01590.00	01.5153	00.5004	0000.3299
Recharging:	01620.00	01.5159	00.5004	0000.3362
Recharging:	01650.00	01.5163	00.5004	0000.3425
Recharging:	01680.00	01.5168	00.5004	0000.3488
Recharging:	01710.00	01.5172	00.5004	0000.3552
Recharging:	01740.00	01.5177	00.5004	0000.3615
Recharging:	01770.00	01.5180	00.5004	0000.3678
Recharging:	01800.00	01.5185	00.5004	0000.3742
Recharging:	01830.00	01.5189	00.5004	0000.3805
Recharging:	01860.00	01.5193	00.5004	0000.3868
Recharging:	01890.00	01.5197	00.5004	0000.3932
Recharging:	01920.00	01.5201	00.5004	0000.3995
Recharging:	01950.00	01.5205	00.5004	0000.4058
Recharging:	01980.00	01.5209	00.5004	0000.4122
Recharging:	02010.00	01.5212	00.5004	0000.4185
Recharging:	02040.00	01.5216	00.5004	0000.4249
Recharging:	02070.00	01.5220	00.5004	0000.4312
Recharging:	02100.00	01.5223	00.5004	0000.4376
Recharging:	02130.00	01.5227	00.5004	0000.4439
Recharging:	02160.00	01.5230	00.5004	0000.4503
Recharging:	02190.00	01.5234	00.5004	0000.4566
Recharging:	02220.00	01.5237	00.5004	0000.4630
Recharging:	02250.00	01.5241	00.5004	0000.4693
Recharging:	02280.00	01.5244	00.5004	0000.4757
Recharging:	02310.00	01.5247	00.5005	0000.4821
Recharging:	02340.00	01.5250	00.5004	0000.4884
Recharging:	02370.00	01.5253	00.5004	0000.4948
Recharging:	02400.00	01.5256	00.5004	0000.5011
Recharging:	02430.00	01.5259	00.5004	0000.5075
Recharging:	02460.00	01.5262	00.5004	0000.5139
Recharging:	02490.00	01.5265	00.5004	0000.5202
Recharging:	02520.00	01.5268	00.5004	0000.5266
Recharging:	02550.00	01.5271	00.5004	0000.5330
Recharging:	02580.00	01.5274	00.5004	0000.5393
Recharging:	02610.00	01.5277	00.5004	0000.5457
Recharging:	02640.00	01.5280	00.5004	0000.5521
Recharging:	02670.00	01.5283	00.5004	0000.5585
Recharging:	02700.00	01.5286	00.5004	0000.5648
Recharging:	02730.00	01.5288	00.5004	0000.5712
Recharging:	02760.00	01.5291	00.5004	0000.5776
Recharging:	02790.00	01.5293	00.5004	0000.5840
Recharging:	02820.00	01.5296	00.5004	0000.5903
Recharging:	02850.00	01.5299	00.5004	0000.5967
Recharging:	02880.00	01.5301	00.5004	0000.6031
Recharging:	02910.00	01.5304	00.5004	0000.6095
Recharging:	02940.00	01.5307	00.5004	0000.6159
Recharging:	02970.00	01.5309	00.5004	0000.6222
Recharging:	03000.00	01.5312	00.5004	0000.6286
Recharging:	03030.00	01.5314	00.5004	0000.6350
Recharging:	03060.00	01.5317	00.5004	0000.6414
Recharging:	03090.00	01.5320	00.5004	0000.6478
Recharging:	03120.00	01.5323	00.5004	0000.6542
Recharging:	03150.00	01.5325	00.5004	0000.6606
Recharging:	03180.00	01.5328	00.5004	0000.6670
Recharging:	03210.00	01.5330	00.5004	0000.6734
Recharging:	03240.00	01.5334	00.5004	0000.6798
Recharging:	03270.00	01.5336	00.5004	0000.6862
Recharging:	03300.00	01.5339	00.5004	0000.6925
Recharging:	03330.00	01.5341	00.5004	0000.6989
Recharging:	03360.00	01.5343	00.5004	0000.7053
Recharging:	03390.00	01.5346	00.5004	0000.7117
Recharging:	03420.00	01.5349	00.5004	0000.7181
Recharging:	03450.00	01.5351	00.5004	0000.7245
Recharging:	03480.00	01.5354	00.5004	0000.7309
Recharging:	03510.00	01.5357	00.5004	0000.7374
Recharging:	03540.00	01.5359	00.5004	0000.7438
Recharging:	03570.00	01.5362	00.5005	0000.7502
Recharging:	03600.00	01.5365	00.5004	0000.7566
Recharging:	03630.00	01.5368	00.5004	0000.7630
Recharging:	03660.00	01.5370	00.5004	0000.7694
Recharging:	03690.00	01.5373	00.5004	0000.7758
Recharging:	03720.00	01.5376	00.5004	0000.7822
Recharging:	03750.00	01.5379	00.5005	0000.7886
Recharging:	03780.00	01.5382	00.5004	0000.7950
Recharging:	03810.00	01.5385	00.5004	0000.8015
Recharging:	03840.00	01.5387	00.5004	0000.8079
Recharging:	03870.00	01.5391	00.5004	0000.8143
Recharging:	03900.00	01.5393	00.5004	0000.8207
Recharging:	03930.00	01.5396	00.5005	0000.8271
Recharging:	03960.00	01.5399	00.5005	0000.8336
Recharging:	03990.00	01.5402	00.5004	0000.8400
Recharging:	04020.00	01.5405	00.5004	0000.8464
Recharging:	04050.00	01.5408	00.5004	0000.8528
Recharging:	04080.00	01.5410	00.5004	0000.8593
Recharging:	04110.00	01.5413	00.5004	0000.8657
Recharging:	04140.00	01.5417	00.5004	0000.8721
Recharging:	04170.00	01.5420	00.5004	0000.8785
Recharging:	04200.00	01.5422	00.5004	0000.8850
Recharging:	04230.00	01.5426	00.5004	0000.8914
Recharging:	04260.00	01.5429	00.5004	0000.8978
Recharging:	04290.00	01.5432	00.5004	0000.9043
Recharging:	04320.00	01.5435	00.5004	0000.9107
Recharging:	04350.00	01.5438	00.5004	0000.9172
Recharging:	04380.00	01.5441	00.5004	0000.9236
Recharging:	04410.00	01.5445	00.5004	0000.9300
Recharging:	04440.00	01.5448	00.5004	0000.9365
Recharging:	04470.00	01.5451	00.5004	0000.9429
Recharging:	04500.00	01.5455	00.5004	0000.9494
Recharging:	04530.00	01.5458	00.5004	0000.9558
Recharging:	04560.00	01.5461	00.5004	0000.9623
Recharging:	04590.00	01.5464	00.5004	0000.9687
Recharging:	04620.00	01.5468	00.5004	0000.9752
Recharging:	04650.00	01.5471	00.5004	0000.9816
Recharging:	04680.00	01.5475	00.5004	0000.9881
Recharging:	04710.00	01.5479	00.5004	0000.9945
Recharging:	04740.00	01.5482	00.5004	0001.0010
Recharging:	04770.00	01.5486	00.5004	0001.0074
Recharging:	04800.00	01.5490	00.5004	0001.0139
Recharging:	04830.00	01.5493	00.5004	0001.0204
Recharging:	04860.00	01.5497	00.5004	0001.0268
Recharging:	04890.00	01.5501	00.5004	0001.0333
Recharging:	04920.00	01.5504	00.5004	0001.0397
Recharging:	04950.00	01.5508	00.5004	0001.0462
Recharging:	04980.00	01.5512	00.5004	0001.0527
Recharging:	05010.00	01.5515	00.5004	0001.0592
Recharging:	05040.00	01.5520	00.5004	0001.0656
Recharging:	05070.00	01.5523	00.5004	0001.0721
Recharging:	05100.00	01.5527	00.5004	0001.0786
Recharging:	05130.00	01.5531	00.5005	0001.0850
Recharging:	05160.00	01.5535	00.5004	0001.0915
Recharging:	05190.00	01.5538	00.5004	0001.0980
Recharging:	05220.00	01.5542	00.5004	0001.1045
Recharging:	05250.00	01.5546	00.5004	0001.1110
Recharging:	05280.00	01.5550	00.5004	0001.1175
Recharging:	05310.00	01.5554	00.5004	0001.1239
Recharging:	05340.00	01.5558	00.5004	0001.1304
Recharging:	05370.00	01.5562	00.5004	0001.1369
Recharging:	05400.00	01.5566	00.5004	0001.1434
Recharging:	05430.00	01.5569	00.5004	0001.1499
Recharging:	05460.00	01.5573	00.5004	0001.1564
Recharging:	05490.00	01.5578	00.5004	0001.1629
Recharging:	05520.00	01.5582	00.5004	0001.1694
Recharging:	05550.00	01.5586	00.5004	0001.1759
Recharging:	05580.00	01.5590	00.5004	0001.1824
Recharging:	05610.00	01.5594	00.5004	0001.1889
Recharging:	05640.00	01.5598	00.5004	0001.1954
Recharging:	05670.00	01.5603	00.5004	0001.2019
Recharging:	05700.00	01.5606	00.5004	0001.2084
Recharging:	05730.00	01.5611	00.5004	0001.2149
Recharging:	05760.00	01.5615	00.5004	0001.2214
Recharging:	05790.00	01.5619	00.5005	0001.2280
Recharging:	05820.00	01.5623	00.5004	0001.2345
Recharging:	05850.00	01.5628	00.5004	0001.2410
Recharging:	05880.00	01.5632	00.5004	0001.2475
Recharging:	05910.00	01.5636	00.5004	0001.2540
Recharging:	05940.00	01.5640	00.5004	0001.2605
Recharging:	05970.00	01.5644	00.5005	0001.2671
Recharging:	06000.00	01.5649	00.5004	0001.2736
Recharging:	06030.00	01.5653	00.5004	0001.2801
Recharging:	06060.00	01.5657	00.5004	0001.2867
Recharging:	06090.00	01.5661	00.5004	0001.2932
Recharging:	06120.00	01.5665	00.5004	0001.2997
Recharging:	06150.00	01.5669	00.5004	0001.3063
Recharging:	06180.00	01.5673	00.5004	0001.3128
Recharging:	06210.00	01.5677	00.5004	0001.3193
Recharging:	06240.00	01.5681	00.5004	0001.3259
Recharging:	06270.00	01.5685	00.5004	0001.3324
Recharging:	06300.00	01.5689	00.5004	0001.3389
Recharging:	06330.00	01.5694	00.5004	0001.3455
Recharging:	06360.00	01.5699	00.5004	0001.3520
Recharging:	06390.00	01.5703	00.5004	0001.3586
Recharging:	06420.00	01.5708	00.5004	0001.3651
Recharging:	06450.00	01.5713	00.5004	0001.3717
Recharging:	06480.00	01.5717	00.5004	0001.3782
Recharging:	06510.00	01.5721	00.5004	0001.3848
Recharging:	06540.00	01.5726	00.5004	0001.3914
Recharging:	06570.00	01.5730	00.5004	0001.3979
Recharging:	06600.00	01.5734	00.5004	0001.4045
Recharging:	06630.00	01.5739	00.5004	0001.4110
Recharging:	06660.00	01.5743	00.5004	0001.4176
Recharging:	06690.00	01.5747	00.5004	0001.4242
Recharging:	06720.00	01.5751	00.5004	0001.4307
Recharging:	06750.00	01.5755	00.5004	0001.4373
Recharging:	06780.00	01.5759	00.5004	0001.4439
Recharging:	06810.00	01.5764	00.5004	0001.4505
Recharging:	06840.00	01.5767	00.5004	0001.4570
Recharging:	06870.00	01.5772	00.5004	0001.4636
Recharging:	06900.00	01.5776	00.5004	0001.4702
Recharging:	06930.00	01.5780	00.5004	0001.4768
Recharging:	06960.00	01.5784	00.5004	0001.4834
Recharging:	06990.00	01.5789	00.5004	0001.4899
Recharging:	07020.00	01.5793	00.5004	0001.4965
Recharging:	07050.00	01.5797	00.5004	0001.5031
Recharging:	07080.00	01.5801	00.5004	0001.5097
