Charging:	00030.00	03.9995	00.5012	0000.0167
Charging:	00060.00	04.0213	00.5003	0000.0335
Charging:	00090.00	04.0284	00.5003	0000.0503
Charging:	00120.00	04.0338	00.5003	0000.0671
Charging:	00150.00	04.0385	00.5003	0000.0839
Charging:	00180.00	04.0426	00.5003	0000.1008
Charging:	00210.00	04.0465	00.5003	0000.1177
Charging:	00240.00	04.0501	00.5003	0000.1345
Charging:	00270.00	04.0535	00.5003	0000.1514
Charging:	00300.00	04.0568	00.5003	0000.1684
Charging:	00330.00	04.0600	00.5003	0000.1853
Charging:	00360.00	04.0631	00.5003	0000.2022
Charging:	00390.00	04.0660	00.5003	0000.2192
Charging:	00420.00	04.0690	00.5003	0000.2361
Charging:	00450.00	04.0719	00.5003	0000.2531
Charging:	00480.00	04.0747	00.5003	0000.2701
Charging:	00510.00	04.0774	00.5003	0000.2871
Charging:	00540.00	04.0802	00.5003	0000.3041
Charging:	00570.00	04.0829	00.5003	0000.3211
Charging:	00600.00	04.0856	00.5003	0000.3382
Charging:	00630.00	04.0883	00.5003	0000.3552
Charging:	00660.00	04.0909	00.5004	0000.3723
Charging:	00690.00	04.0935	00.5003	0000.3893
Charging:	00720.00	04.0961	00.5004	0000.4064
Charging:	00750.00	04.0986	00.5003	0000.4235
Charging:	00780.00	04.1011	00.5004	0000.4406
Charging:	00810.00	04.1036	00.5003	0000.4577
Charging:	00840.00	04.1061	00.5003	0000.4748
Charging:	00870.00	04.1085	00.5003	0000.4920
Charging:	00900.00	04.1109	00.5004	0000.5091
Charging:	00930.00	04.1133	00.5003	0000.5263
Charging:	00960.00	04.1158	00.5004	0000.5434
Charging:	00990.00	04.1181	00.5004	0000.5606
Charging:	01020.00	04.1204	00.5004	0000.5778
Charging:	01050.00	04.1228	00.5003	0000.5950
Charging:	01080.00	04.1251	00.5004	0000.6122
Charging:	01110.00	04.1274	00.5004	0000.6294
Charging:	01140.00	04.1297	00.5004	0000.6466
Charging:	01170.00	04.1320	00.5004	0000.6638
Charging:	01200.00	04.1342	00.5004	0000.6811
Charging:	01230.00	04.1365	00.5004	0000.6983
Charging:	01260.00	04.1388	00.5004	0000.7156
Charging:	01290.00	04.1410	00.5004	0000.7328
Charging:	01320.00	04.1432	00.5004	0000.7501
Charging:	01350.00	04.1454	00.5004	0000.7674
Charging:	01380.00	04.1477	00.5004	0000.7847
Charging:	01410.00	04.1500	00.5004	0000.8020
Charging:	01440.00	04.1522	00.5004	0000.8193
Charging:	01470.00	04.1544	00.5004	0000.8366
Charging:	01500.00	04.1566	00.5004	0000.8540
Charging:	01530.00	04.1589	00.5004	0000.8713
Charging:	01560.00	04.1611	00.5004	0000.8887
Charging:	01590.00	04.1633	00.5004	0000.9060
Charging:	01620.00	04.1657	00.5004	0000.9234
Charging:	01650.00	04.1679	00.5004	0000.9408
Charging:	01680.00	04.1703	00.5004	0000.9582
Charging:	01710.00	04.1726	00.5004	0000.9756
Charging:	01740.00	04.1749	00.5004	0000.9930
Charging:	01770.00	04.1773	00.5004	0001.0104
Charging:	01800.00	04.1796	00.5004	0001.0278
Charging:	01830.00	04.1819	00.5004	0001.0453
Charging:	01860.00	04.1844	00.5004	0001.0627
Charging:	01890.00	04.1867	00.5004	0001.0802
Charging:	01920.00	04.1892	00.5004	0001.0976
Charging:	01950.00	04.1917	00.5004	0001.1151
Charging:	01980.00	04.1941	00.5004	0001.1326
Charging:	02010.00	04.1966	00.5004	0001.1501
Charging:	02040.00	04.1991	00.5004	0001.1676
Charging:	02070.00	04.2016	00.5004	0001.1851
---------------------------
TESTING INTERNAL RESISTANCE
voltage while ON =  4.1410
current=-0.5004
OUTPUT OFF
voltage while OFF =  4.1501
Internal resistance =  0.0182 [Ohm]
OUTPUT ON
---------------------------
Discharging:	00030.00	04.1273	-0.5004	-000.0172
Discharging:	00060.00	04.0816	-0.5002	-000.0342
Discharging:	00090.00	04.0721	-0.5002	-000.0512
Discharging:	00120.00	04.0653	-0.5002	-000.0681
Discharging:	00150.00	04.0600	-0.5002	-000.0851
Discharging:	00180.00	04.0554	-0.5002	-000.1020
Discharging:	00210.00	04.0514	-0.5002	-000.1189
Discharging:	00240.00	04.0477	-0.5002	-000.1357
Discharging:	00270.00	04.0443	-0.5002	-000.1526
Discharging:	00300.00	04.0412	-0.5002	-000.1694
Discharging:	00330.00	04.0381	-0.5002	-000.1863
Discharging:	00360.00	04.0353	-0.5002	-000.2031
Discharging:	00390.00	04.0325	-0.5002	-000.2199
Discharging:	00420.00	04.0298	-0.5002	-000.2367
Discharging:	00450.00	04.0271	-0.5002	-000.2535
Discharging:	00480.00	04.0245	-0.5002	-000.2702
Discharging:	00510.00	04.0219	-0.5001	-000.2870
Discharging:	00540.00	04.0194	-0.5002	-000.3038
Discharging:	00570.00	04.0169	-0.5002	-000.3205
Discharging:	00600.00	04.0145	-0.5001	-000.3372
Discharging:	00630.00	04.0120	-0.5001	-000.3540
Discharging:	00660.00	04.0096	-0.5002	-000.3707
Discharging:	00690.00	04.0073	-0.5002	-000.3874
Discharging:	00720.00	04.0049	-0.5002	-000.4041
Discharging:	00750.00	04.0025	-0.5002	-000.4207
Discharging:	00780.00	04.0001	-0.5002	-000.4374
Discharging:	00810.00	03.9978	-0.5002	-000.4541
Discharging:	00840.00	03.9955	-0.5002	-000.4707
Discharging:	00870.00	03.9932	-0.5002	-000.4874
Discharging:	00900.00	03.9909	-0.5002	-000.5040
Discharging:	00930.00	03.9886	-0.5001	-000.5206
Discharging:	00960.00	03.9864	-0.5002	-000.5373
Discharging:	00990.00	03.9841	-0.5002	-000.5539
Discharging:	01020.00	03.9819	-0.5002	-000.5705
Discharging:	01050.00	03.9796	-0.5002	-000.5870
Discharging:	01080.00	03.9774	-0.5002	-000.6036
Discharging:	01110.00	03.9752	-0.5002	-000.6202
Discharging:	01140.00	03.9729	-0.5002	-000.6367
Discharging:	01170.00	03.9707	-0.5002	-000.6533
Discharging:	01200.00	03.9685	-0.5002	-000.6698
Discharging:	01230.00	03.9663	-0.5002	-000.6864
Discharging:	01260.00	03.9641	-0.5002	-000.7029
Discharging:	01290.00	03.9619	-0.5002	-000.7194
Discharging:	01320.00	03.9597	-0.5002	-000.7359
Discharging:	01350.00	03.9575	-0.5002	-000.7524
Discharging:	01380.00	03.9553	-0.5002	-000.7689
Discharging:	01410.00	03.9531	-0.5002	-000.7854
Discharging:	01440.00	03.9509	-0.5002	-000.8018
Discharging:	01470.00	03.9487	-0.5002	-000.8183
Discharging:	01500.00	03.9465	-0.5002	-000.8347
Discharging:	01530.00	03.9442	-0.5002	-000.8512
Discharging:	01560.00	03.9421	-0.5001	-000.8676
Discharging:	01590.00	03.9399	-0.5002	-000.8840
Discharging:	01620.00	03.9377	-0.5002	-000.9004
Discharging:	01650.00	03.9355	-0.5002	-000.9169
Discharging:	01680.00	03.9332	-0.5001	-000.9332
Discharging:	01710.00	03.9311	-0.5002	-000.9496
Discharging:	01740.00	03.9289	-0.5002	-000.9660
Discharging:	01770.00	03.9266	-0.5002	-000.9824
Discharging:	01800.00	03.9243	-0.5002	-000.9987
Discharging:	01830.00	03.9221	-0.5002	-001.0151
Discharging:	01860.00	03.9198	-0.5002	-001.0314
Discharging:	01890.00	03.9175	-0.5002	-001.0477
Discharging:	01920.00	03.9152	-0.5002	-001.0641
Discharging:	01950.00	03.9129	-0.5002	-001.0804
Discharging:	01980.00	03.9106	-0.5002	-001.0967
Discharging:	02010.00	03.9083	-0.5002	-001.1130
Discharging:	02040.00	03.9061	-0.5002	-001.1292
Discharging:	02070.00	03.9039	-0.5002	-001.1455
Discharging:	02100.00	03.9017	-0.5002	-001.1618
Discharging:	02130.00	03.8994	-0.5002	-001.1780
Discharging:	02160.00	03.8973	-0.5002	-001.1943
Discharging:	02190.00	03.8951	-0.5002	-001.2105
Discharging:	02220.00	03.8931	-0.5002	-001.2267
Discharging:	02250.00	03.8910	-0.5002	-001.2430
Discharging:	02280.00	03.8890	-0.5002	-001.2592
Discharging:	02310.00	03.8869	-0.5002	-001.2754
Discharging:	02340.00	03.8850	-0.5002	-001.2916
Discharging:	02370.00	03.8831	-0.5002	-001.3077
Discharging:	02400.00	03.8813	-0.5002	-001.3239
Discharging:	02430.00	03.8794	-0.5002	-001.3401
Discharging:	02460.00	03.8775	-0.5002	-001.3562
Discharging:	02490.00	03.8757	-0.5002	-001.3724
Discharging:	02520.00	03.8741	-0.5002	-001.3886
Discharging:	02550.00	03.8724	-0.5002	-001.4047
Discharging:	02580.00	03.8708	-0.5002	-001.4208
Discharging:	02610.00	03.8691	-0.5002	-001.4370
Discharging:	02640.00	03.8674	-0.5002	-001.4531
Discharging:	02670.00	03.8658	-0.5002	-001.4692
Discharging:	02700.00	03.8643	-0.5002	-001.4853
Discharging:	02730.00	03.8627	-0.5001	-001.5014
Discharging:	02760.00	03.8611	-0.5002	-001.5175
Discharging:	02790.00	03.8596	-0.5002	-001.5336
Discharging:	02820.00	03.8581	-0.5002	-001.5497
Discharging:	02850.00	03.8567	-0.5002	-001.5657
Discharging:	02880.00	03.8552	-0.5002	-001.5818
Discharging:	02910.00	03.8537	-0.5002	-001.5979
Discharging:	02940.00	03.8523	-0.5002	-001.6139
Discharging:	02970.00	03.8507	-0.5002	-001.6300
Discharging:	03000.00	03.8494	-0.5002	-001.6460
Discharging:	03030.00	03.8481	-0.5002	-001.6621
Discharging:	03060.00	03.8466	-0.5002	-001.6781
Discharging:	03090.00	03.8452	-0.5002	-001.6941
Discharging:	03120.00	03.8439	-0.5002	-001.7101
Discharging:	03150.00	03.8425	-0.5002	-001.7262
Discharging:	03180.00	03.8411	-0.5002	-001.7422
Discharging:	03210.00	03.8397	-0.5002	-001.7582
Discharging:	03240.00	03.8384	-0.5002	-001.7742
Discharging:	03270.00	03.8370	-0.5002	-001.7902
Discharging:	03300.00	03.8356	-0.5002	-001.8061
Discharging:	03330.00	03.8343	-0.5002	-001.8221
Discharging:	03360.00	03.8330	-0.5002	-001.8381
Discharging:	03390.00	03.8316	-0.5002	-001.8541
Discharging:	03420.00	03.8303	-0.5002	-001.8700
Discharging:	03450.00	03.8291	-0.5002	-001.8860
Discharging:	03480.00	03.8277	-0.5002	-001.9020
Discharging:	03510.00	03.8264	-0.5002	-001.9179
Discharging:	03540.00	03.8251	-0.5002	-001.9339
Discharging:	03570.00	03.8239	-0.5002	-001.9498
Discharging:	03600.00	03.8226	-0.5002	-001.9657
Discharging:	03630.00	03.8214	-0.5002	-001.9817
Discharging:	03660.00	03.8201	-0.5002	-001.9976
Discharging:	03690.00	03.8188	-0.5002	-002.0135
Discharging:	03720.00	03.8176	-0.5002	-002.0294
Discharging:	03750.00	03.8163	-0.5002	-002.0453
Discharging:	03780.00	03.8150	-0.5002	-002.0612
Discharging:	03810.00	03.8138	-0.5002	-002.0771
Discharging:	03840.00	03.8126	-0.5002	-002.0930
Discharging:	03870.00	03.8113	-0.5002	-002.1089
Discharging:	03900.00	03.8100	-0.5002	-002.1248
Discharging:	03930.00	03.8089	-0.5002	-002.1406
Discharging:	03960.00	03.8076	-0.5002	-002.1565
Discharging:	03990.00	03.8064	-0.5002	-002.1724
Discharging:	04020.00	03.8051	-0.5002	-002.1882
Discharging:	04050.00	03.8039	-0.5002	-002.2041
Discharging:	04080.00	03.8027	-0.5002	-002.2200
Discharging:	04110.00	03.8014	-0.5002	-002.2358
Discharging:	04140.00	03.8003	-0.5002	-002.2516
Discharging:	04170.00	03.7990	-0.5002	-002.2675
Discharging:	04200.00	03.7978	-0.5002	-002.2833
Discharging:	04230.00	03.7966	-0.5002	-002.2991
Discharging:	04260.00	03.7954	-0.5002	-002.3149
Discharging:	04290.00	03.7941	-0.5002	-002.3308
Discharging:	04320.00	03.7930	-0.5002	-002.3466
Discharging:	04350.00	03.7917	-0.5002	-002.3624
Discharging:	04380.00	03.7906	-0.5002	-002.3782
Discharging:	04410.00	03.7894	-0.5002	-002.3940
Discharging:	04440.00	03.7881	-0.5002	-002.4098
Discharging:	04470.00	03.7869	-0.5002	-002.4255
Discharging:	04500.00	03.7857	-0.5002	-002.4413
Discharging:	04530.00	03.7845	-0.5002	-002.4571
Discharging:	04560.00	03.7832	-0.5002	-002.4729
Discharging:	04590.00	03.7821	-0.5002	-002.4886
Discharging:	04620.00	03.7808	-0.5002	-002.5044
Discharging:	04650.00	03.7797	-0.5002	-002.5202
Discharging:	04680.00	03.7784	-0.5002	-002.5359
Discharging:	04710.00	03.7772	-0.5002	-002.5516
Discharging:	04740.00	03.7759	-0.5002	-002.5674
Discharging:	04770.00	03.7748	-0.5002	-002.5831
Discharging:	04800.00	03.7736	-0.5002	-002.5988
Discharging:	04830.00	03.7723	-0.5002	-002.6146
Discharging:	04860.00	03.7711	-0.5002	-002.6303
Discharging:	04890.00	03.7699	-0.5002	-002.6460
Discharging:	04920.00	03.7687	-0.5002	-002.6617
Discharging:	04950.00	03.7675	-0.5002	-002.6774
Discharging:	04980.00	03.7663	-0.5002	-002.6931
Discharging:	05010.00	03.7650	-0.5002	-002.7088
Discharging:	05040.00	03.7639	-0.5002	-002.7245
Discharging:	05070.00	03.7626	-0.5002	-002.7402
Discharging:	05100.00	03.7614	-0.5002	-002.7559
Discharging:	05130.00	03.7601	-0.5002	-002.7715
Discharging:	05160.00	03.7589	-0.5002	-002.7872
Discharging:	05190.00	03.7577	-0.5002	-002.8029
Discharging:	05220.00	03.7564	-0.5002	-002.8185
Discharging:	05250.00	03.7552	-0.5002	-002.8342
Discharging:	05280.00	03.7540	-0.5002	-002.8498
Discharging:	05310.00	03.7527	-0.5002	-002.8655
Discharging:	05340.00	03.7515	-0.5002	-002.8811
Discharging:	05370.00	03.7502	-0.5002	-002.8967
Discharging:	05400.00	03.7490	-0.5002	-002.9124
Discharging:	05430.00	03.7477	-0.5002	-002.9280
Discharging:	05460.00	03.7465	-0.5002	-002.9436
Discharging:	05490.00	03.7452	-0.5002	-002.9592
Discharging:	05520.00	03.7439	-0.5002	-002.9748
Discharging:	05550.00	03.7426	-0.5002	-002.9904
Discharging:	05580.00	03.7414	-0.5002	-003.0060
Discharging:	05610.00	03.7402	-0.5002	-003.0216
Discharging:	05640.00	03.7389	-0.5002	-003.0372
Discharging:	05670.00	03.7376	-0.5002	-003.0528
Discharging:	05700.00	03.7364	-0.5002	-003.0683
Discharging:	05730.00	03.7350	-0.5002	-003.0839
Discharging:	05760.00	03.7338	-0.5002	-003.0995
Discharging:	05790.00	03.7325	-0.5002	-003.1150
Discharging:	05820.00	03.7313	-0.5002	-003.1306
Discharging:	05850.00	03.7300	-0.5002	-003.1461
Discharging:	05880.00	03.7287	-0.5002	-003.1617
Discharging:	05910.00	03.7274	-0.5002	-003.1772
Discharging:	05940.00	03.7261	-0.5002	-003.1927
Discharging:	05970.00	03.7250	-0.5002	-003.2083
Discharging:	06000.00	03.7238	-0.5002	-003.2238
Discharging:	06030.00	03.7224	-0.5002	-003.2393
Discharging:	06060.00	03.7210	-0.5002	-003.2548
Discharging:	06090.00	03.7196	-0.5002	-003.2703
Discharging:	06120.00	03.7184	-0.5002	-003.2858
Discharging:	06150.00	03.7171	-0.5002	-003.3013
Discharging:	06180.00	03.7158	-0.5002	-003.3168
Discharging:	06210.00	03.7145	-0.5002	-003.3323
Discharging:	06240.00	03.7132	-0.5002	-003.3478
Discharging:	06270.00	03.7119	-0.5002	-003.3632
Discharging:	06300.00	03.7106	-0.5002	-003.3787
Discharging:	06330.00	03.7093	-0.5002	-003.3942
Discharging:	06360.00	03.7080	-0.5002	-003.4096
Discharging:	06390.00	03.7067	-0.5002	-003.4251
Discharging:	06420.00	03.7054	-0.5002	-003.4405
Discharging:	06450.00	03.7041	-0.5002	-003.4560
Discharging:	06480.00	03.7027	-0.5002	-003.4714
Discharging:	06510.00	03.7014	-0.5002	-003.4868
Discharging:	06540.00	03.7001	-0.5002	-003.5022
Discharging:	06570.00	03.6987	-0.5002	-003.5177
Discharging:	06600.00	03.6975	-0.5002	-003.5331
Discharging:	06630.00	03.6962	-0.5002	-003.5485
Discharging:	06660.00	03.6949	-0.5002	-003.5639
Discharging:	06690.00	03.6935	-0.5002	-003.5793
Discharging:	06720.00	03.6922	-0.5002	-003.5947
Discharging:	06750.00	03.6908	-0.5002	-003.6101
Discharging:	06780.00	03.6895	-0.5002	-003.6254
Discharging:	06810.00	03.6882	-0.5002	-003.6408
Discharging:	06840.00	03.6869	-0.5002	-003.6562
Discharging:	06870.00	03.6855	-0.5002	-003.6715
Discharging:	06900.00	03.6843	-0.5002	-003.6869
Discharging:	06930.00	03.6831	-0.5002	-003.7022
Discharging:	06960.00	03.6817	-0.5002	-003.7176
Discharging:	06990.00	03.6804	-0.5002	-003.7329
Discharging:	07020.00	03.6791	-0.5002	-003.7483
Discharging:	07050.00	03.6778	-0.5002	-003.7636
Discharging:	07080.00	03.6764	-0.5002	-003.7789
Discharging:	07110.00	03.6751	-0.5002	-003.7942
Discharging:	07140.00	03.6738	-0.5002	-003.8096
Discharging:	07170.00	03.6724	-0.5002	-003.8249
Discharging:	07200.00	03.6712	-0.5002	-003.8402
Discharging:	07230.00	03.6698	-0.5002	-003.8555
Discharging:	07260.00	03.6685	-0.5002	-003.8708
Discharging:	07290.00	03.6672	-0.5002	-003.8860
Discharging:	07320.00	03.6658	-0.5002	-003.9013
Discharging:	07350.00	03.6645	-0.5002	-003.9166
Discharging:	07380.00	03.6633	-0.5002	-003.9319
Discharging:	07410.00	03.6619	-0.5002	-003.9471
Discharging:	07440.00	03.6606	-0.5002	-003.9624
Discharging:	07470.00	03.6593	-0.5002	-003.9776
Discharging:	07500.00	03.6580	-0.5002	-003.9929
Discharging:	07530.00	03.6567	-0.5002	-004.0081
Discharging:	07560.00	03.6554	-0.5002	-004.0234
Discharging:	07590.00	03.6541	-0.5002	-004.0386
Discharging:	07620.00	03.6527	-0.5002	-004.0538
Discharging:	07650.00	03.6514	-0.5002	-004.0690
Discharging:	07680.00	03.6502	-0.5002	-004.0843
Discharging:	07710.00	03.6489	-0.5002	-004.0995
Discharging:	07740.00	03.6475	-0.5002	-004.1147
Discharging:	07770.00	03.6463	-0.5002	-004.1299
Discharging:	07800.00	03.6450	-0.5002	-004.1451
Discharging:	07830.00	03.6436	-0.5002	-004.1603
Discharging:	07860.00	03.6424	-0.5002	-004.1754
Discharging:	07890.00	03.6411	-0.5002	-004.1906
Discharging:	07920.00	03.6398	-0.5002	-004.2058
Discharging:	07950.00	03.6385	-0.5002	-004.2210
Discharging:	07980.00	03.6372	-0.5002	-004.2361
Discharging:	08010.00	03.6359	-0.5002	-004.2513
Discharging:	08040.00	03.6347	-0.5002	-004.2664
Discharging:	08070.00	03.6333	-0.5002	-004.2816
Discharging:	08100.00	03.6321	-0.5002	-004.2967
Discharging:	08130.00	03.6308	-0.5002	-004.3118
Discharging:	08160.00	03.6295	-0.5002	-004.3270
Discharging:	08190.00	03.6282	-0.5002	-004.3421
Discharging:	08220.00	03.6269	-0.5002	-004.3572
Discharging:	08250.00	03.6256	-0.5002	-004.3723
Discharging:	08280.00	03.6244	-0.5002	-004.3874
Discharging:	08310.00	03.6231	-0.5002	-004.4025
Discharging:	08340.00	03.6219	-0.5002	-004.4176
Discharging:	08370.00	03.6206	-0.5002	-004.4327
Discharging:	08400.00	03.6194	-0.5002	-004.4478
Discharging:	08430.00	03.6181	-0.5002	-004.4629
Discharging:	08460.00	03.6168	-0.5002	-004.4780
Discharging:	08490.00	03.6156	-0.5002	-004.4930
Discharging:	08520.00	03.6143	-0.5002	-004.5081
Discharging:	08550.00	03.6130	-0.5002	-004.5232
Discharging:	08580.00	03.6118	-0.5002	-004.5382
Discharging:	08610.00	03.6105	-0.5002	-004.5533
Discharging:	08640.00	03.6093	-0.5002	-004.5683
Discharging:	08670.00	03.6080	-0.5002	-004.5834
Discharging:	08700.00	03.6068	-0.5002	-004.5984
Discharging:	08730.00	03.6056	-0.5002	-004.6134
Discharging:	08760.00	03.6043	-0.5002	-004.6284
Discharging:	08790.00	03.6030	-0.5002	-004.6435
Discharging:	08820.00	03.6018	-0.5002	-004.6585
Discharging:	08850.00	03.6007	-0.5002	-004.6735
Discharging:	08880.00	03.5995	-0.5002	-004.6885
Discharging:	08910.00	03.5982	-0.5002	-004.7035
Discharging:	08940.00	03.5970	-0.5002	-004.7185
Discharging:	08970.00	03.5958	-0.5002	-004.7335
Discharging:	09000.00	03.5946	-0.5002	-004.7485
Discharging:	09030.00	03.5933	-0.5002	-004.7634
Discharging:	09060.00	03.5921	-0.5002	-004.7784
Discharging:	09090.00	03.5909	-0.5002	-004.7934
Discharging:	09120.00	03.5897	-0.5002	-004.8083
Discharging:	09150.00	03.5884	-0.5002	-004.8233
Discharging:	09180.00	03.5872	-0.5002	-004.8382
Discharging:	09210.00	03.5860	-0.5002	-004.8532
Discharging:	09240.00	03.5848	-0.5002	-004.8681
Discharging:	09270.00	03.5836	-0.5002	-004.8831
Discharging:	09300.00	03.5823	-0.5002	-004.8980
Discharging:	09330.00	03.5812	-0.5002	-004.9129
Discharging:	09360.00	03.5800	-0.5002	-004.9279
Discharging:	09390.00	03.5788	-0.5002	-004.9428
Discharging:	09420.00	03.5776	-0.5002	-004.9577
Discharging:	09450.00	03.5764	-0.5002	-004.9726
Discharging:	09480.00	03.5753	-0.5002	-004.9875
Discharging:	09510.00	03.5741	-0.5002	-005.0024
Discharging:	09540.00	03.5729	-0.5002	-005.0173
Discharging:	09570.00	03.5717	-0.5002	-005.0322
Discharging:	09600.00	03.5705	-0.5002	-005.0471
Discharging:	09630.00	03.5693	-0.5002	-005.0619
Discharging:	09660.00	03.5681	-0.5002	-005.0768
Discharging:	09690.00	03.5669	-0.5002	-005.0917
Discharging:	09720.00	03.5657	-0.5002	-005.1065
Discharging:	09750.00	03.5646	-0.5002	-005.1214
Discharging:	09780.00	03.5634	-0.5002	-005.1363
Discharging:	09810.00	03.5622	-0.5002	-005.1511
Discharging:	09840.00	03.5610	-0.5002	-005.1659
Discharging:	09870.00	03.5599	-0.5002	-005.1808
Discharging:	09900.00	03.5587	-0.5002	-005.1956
Discharging:	09930.00	03.5575	-0.5002	-005.2104
Discharging:	09960.00	03.5563	-0.5002	-005.2253
Discharging:	09990.00	03.5551	-0.5002	-005.2401
Discharging:	10020.00	03.5539	-0.5002	-005.2549
Discharging:	10050.00	03.5527	-0.5002	-005.2697
Discharging:	10080.00	03.5515	-0.5002	-005.2845
Discharging:	10110.00	03.5503	-0.5002	-005.2993
Discharging:	10140.00	03.5491	-0.5002	-005.3141
Discharging:	10170.00	03.5479	-0.5002	-005.3289
Discharging:	10200.00	03.5467	-0.5002	-005.3437
Discharging:	10230.00	03.5455	-0.5002	-005.3585
Discharging:	10260.00	03.5442	-0.5002	-005.3732
Discharging:	10290.00	03.5430	-0.5002	-005.3880
Discharging:	10320.00	03.5418	-0.5002	-005.4028
Discharging:	10350.00	03.5406	-0.5002	-005.4175
Discharging:	10380.00	03.5393	-0.5002	-005.4323
Discharging:	10410.00	03.5381	-0.5002	-005.4470
Discharging:	10440.00	03.5368	-0.5002	-005.4618
Discharging:	10470.00	03.5356	-0.5002	-005.4765
Discharging:	10500.00	03.5344	-0.5002	-005.4912
Discharging:	10530.00	03.5331	-0.5002	-005.5060
Discharging:	10560.00	03.5318	-0.5002	-005.5207
Discharging:	10590.00	03.5305	-0.5002	-005.5354
Discharging:	10620.00	03.5292	-0.5002	-005.5501
Discharging:	10650.00	03.5279	-0.5002	-005.5648
Discharging:	10680.00	03.5266	-0.5002	-005.5795
Discharging:	10710.00	03.5253	-0.5002	-005.5942
Discharging:	10740.00	03.5240	-0.5002	-005.6089
Discharging:	10770.00	03.5227	-0.5002	-005.6236
Discharging:	10800.00	03.5214	-0.5002	-005.6383
Discharging:	10830.00	03.5200	-0.5002	-005.6529
Discharging:	10860.00	03.5187	-0.5002	-005.6676
Discharging:	10890.00	03.5175	-0.5002	-005.6823
Discharging:	10920.00	03.5161	-0.5002	-005.6969
Discharging:	10950.00	03.5147	-0.5002	-005.7116
Discharging:	10980.00	03.5134	-0.5002	-005.7262
Discharging:	11010.00	03.5120	-0.5002	-005.7409
Discharging:	11040.00	03.5107	-0.5002	-005.7555
Discharging:	11070.00	03.5093	-0.5002	-005.7701
Discharging:	11100.00	03.5080	-0.5002	-005.7848
Discharging:	11130.00	03.5065	-0.5002	-005.7994
Discharging:	11160.00	03.5051	-0.5002	-005.8140
Discharging:	11190.00	03.5037	-0.5002	-005.8286
Discharging:	11220.00	03.5023	-0.5002	-005.8432
Discharging:	11250.00	03.5010	-0.5002	-005.8578
Discharging:	11280.00	03.4996	-0.5002	-005.8724
Discharging:	11310.00	03.4982	-0.5002	-005.8869
Discharging:	11340.00	03.4968	-0.5002	-005.9015
Discharging:	11370.00	03.4954	-0.5002	-005.9161
Discharging:	11400.00	03.4940	-0.5002	-005.9307
Discharging:	11430.00	03.4926	-0.5002	-005.9452
Discharging:	11460.00	03.4912	-0.5002	-005.9598
Discharging:	11490.00	03.4897	-0.5002	-005.9743
Discharging:	11520.00	03.4882	-0.5002	-005.9889
Discharging:	11550.00	03.4869	-0.5002	-006.0034
Discharging:	11580.00	03.4854	-0.5002	-006.0179
Discharging:	11610.00	03.4839	-0.5002	-006.0324
Discharging:	11640.00	03.4824	-0.5002	-006.0470
Discharging:	11670.00	03.4810	-0.5002	-006.0615
Discharging:	11700.00	03.4795	-0.5002	-006.0760
Discharging:	11730.00	03.4781	-0.5002	-006.0905
Discharging:	11760.00	03.4766	-0.5002	-006.1050
Discharging:	11790.00	03.4751	-0.5002	-006.1194
Discharging:	11820.00	03.4737	-0.5002	-006.1339
Discharging:	11850.00	03.4722	-0.5002	-006.1484
Discharging:	11880.00	03.4708	-0.5002	-006.1629
Discharging:	11910.00	03.4693	-0.5002	-006.1773
Discharging:	11940.00	03.4678	-0.5002	-006.1918
Discharging:	11970.00	03.4664	-0.5002	-006.2062
Discharging:	12000.00	03.4649	-0.5002	-006.2207
Discharging:	12030.00	03.4635	-0.5002	-006.2351
Discharging:	12060.00	03.4620	-0.5002	-006.2495
Discharging:	12090.00	03.4606	-0.5002	-006.2640
Discharging:	12120.00	03.4592	-0.5002	-006.2784
Discharging:	12150.00	03.4577	-0.5002	-006.2928
Discharging:	12180.00	03.4563	-0.5002	-006.3072
Discharging:	12210.00	03.4548	-0.5002	-006.3216
Discharging:	12240.00	03.4534	-0.5002	-006.3360
Discharging:	12270.00	03.4520	-0.5002	-006.3504
Discharging:	12300.00	03.4505	-0.5002	-006.3648
Discharging:	12330.00	03.4491	-0.5002	-006.3792
Discharging:	12360.00	03.4476	-0.5002	-006.3935
Discharging:	12390.00	03.4461	-0.5002	-006.4079
Discharging:	12420.00	03.4446	-0.5002	-006.4222
Discharging:	12450.00	03.4432	-0.5002	-006.4366
Discharging:	12480.00	03.4417	-0.5002	-006.4509
Discharging:	12510.00	03.4402	-0.5002	-006.4653
Discharging:	12540.00	03.4387	-0.5002	-006.4796
Discharging:	12570.00	03.4371	-0.5002	-006.4939
Discharging:	12600.00	03.4356	-0.5002	-006.5083
Discharging:	12630.00	03.4341	-0.5002	-006.5226
Discharging:	12660.00	03.4325	-0.5002	-006.5369
Discharging:	12690.00	03.4310	-0.5002	-006.5512
Discharging:	12720.00	03.4293	-0.5002	-006.5655
Discharging:	12750.00	03.4277	-0.5002	-006.5798
Discharging:	12780.00	03.4261	-0.5002	-006.5941
Discharging:	12810.00	03.4244	-0.5002	-006.6083
Discharging:	12840.00	03.4226	-0.5002	-006.6226
Discharging:	12870.00	03.4209	-0.5002	-006.6369
Discharging:	12900.00	03.4192	-0.5002	-006.6511
Discharging:	12930.00	03.4173	-0.5002	-006.6654
Discharging:	12960.00	03.4155	-0.5002	-006.6796
Discharging:	12990.00	03.4137	-0.5002	-006.6938
Discharging:	13020.00	03.4118	-0.5002	-006.7080
Discharging:	13050.00	03.4099	-0.5002	-006.7223
Discharging:	13080.00	03.4079	-0.5002	-006.7365
Discharging:	13110.00	03.4059	-0.5002	-006.7507
Discharging:	13140.00	03.4038	-0.5002	-006.7648
Discharging:	13170.00	03.4016	-0.5002	-006.7790
Discharging:	13200.00	03.3995	-0.5002	-006.7932
Discharging:	13230.00	03.3972	-0.5002	-006.8074
Discharging:	13260.00	03.3948	-0.5002	-006.8215
Discharging:	13290.00	03.3925	-0.5002	-006.8357
Discharging:	13320.00	03.3899	-0.5002	-006.8498
Discharging:	13350.00	03.3874	-0.5002	-006.8639
Discharging:	13380.00	03.3847	-0.5002	-006.8780
Discharging:	13410.00	03.3819	-0.5002	-006.8921
Discharging:	13440.00	03.3790	-0.5002	-006.9062
Discharging:	13470.00	03.3760	-0.5002	-006.9203
Discharging:	13500.00	03.3729	-0.5002	-006.9343
Discharging:	13530.00	03.3697	-0.5002	-006.9484
Discharging:	13560.00	03.3664	-0.5002	-006.9624
Discharging:	13590.00	03.3628	-0.5002	-006.9764
Discharging:	13620.00	03.3592	-0.5002	-006.9904
Discharging:	13650.00	03.3554	-0.5002	-007.0044
Discharging:	13680.00	03.3516	-0.5002	-007.0184
Discharging:	13710.00	03.3476	-0.5002	-007.0323
Discharging:	13740.00	03.3433	-0.5002	-007.0463
Discharging:	13770.00	03.3389	-0.5002	-007.0602
Discharging:	13800.00	03.3344	-0.5002	-007.0741
Discharging:	13830.00	03.3298	-0.5002	-007.0880
Discharging:	13860.00	03.3251	-0.5002	-007.1018
Discharging:	13890.00	03.3201	-0.5002	-007.1157
Discharging:	13920.00	03.3150	-0.5002	-007.1295
Discharging:	13950.00	03.3097	-0.5002	-007.1433
Discharging:	13980.00	03.3044	-0.5002	-007.1571
Discharging:	14010.00	03.2988	-0.5002	-007.1708
Discharging:	14040.00	03.2931	-0.5002	-007.1845
Discharging:	14070.00	03.2873	-0.5002	-007.1982
Discharging:	14100.00	03.2812	-0.5002	-007.2119
Discharging:	14130.00	03.2752	-0.5002	-007.2256
Discharging:	14160.00	03.2689	-0.5002	-007.2392
Discharging:	14190.00	03.2624	-0.5002	-007.2528
Discharging:	14220.00	03.2557	-0.5002	-007.2664
Discharging:	14250.00	03.2490	-0.5002	-007.2799
Discharging:	14280.00	03.2419	-0.5002	-007.2934
Discharging:	14310.00	03.2347	-0.5002	-007.3069
Discharging:	14340.00	03.2275	-0.5002	-007.3204
Discharging:	14370.00	03.2200	-0.5002	-007.3338
Discharging:	14400.00	03.2123	-0.5002	-007.3472
Discharging:	14430.00	03.2045	-0.5002	-007.3605
Discharging:	14460.00	03.1964	-0.5002	-007.3739
Discharging:	14490.00	03.1880	-0.5002	-007.3871
Discharging:	14520.00	03.1796	-0.5002	-007.4004
Discharging:	14550.00	03.1708	-0.5002	-007.4136
Discharging:	14580.00	03.1618	-0.5002	-007.4268
Discharging:	14610.00	03.1526	-0.5002	-007.4399
Discharging:	14640.00	03.1431	-0.5002	-007.4530
Discharging:	14670.00	03.1333	-0.5002	-007.4661
Discharging:	14700.00	03.1233	-0.5002	-007.4791
Discharging:	14730.00	03.1130	-0.5002	-007.4921
Discharging:	14760.00	03.1025	-0.5002	-007.5050
Discharging:	14790.00	03.0915	-0.5002	-007.5179
Discharging:	14820.00	03.0802	-0.5002	-007.5308
Discharging:	14850.00	03.0685	-0.5002	-007.5435
Discharging:	14880.00	03.0566	-0.5002	-007.5563
Discharging:	14910.00	03.0443	-0.5002	-007.5690
Discharging:	14940.00	03.0315	-0.5002	-007.5816
Discharging:	14970.00	03.0184	-0.5002	-007.5942
Discharging:	15000.00	03.0047	-0.5002	-007.6067
Discharging:	15030.00	02.9905	-0.5002	-007.6192
Recharging:	00030.00	03.0287	00.5008	0000.0126
Recharging:	00060.00	03.1213	00.5004	0000.0257
Recharging:	00090.00	03.1534	00.5004	0000.0388
Recharging:	00120.00	03.1788	00.5004	0000.0521
Recharging:	00150.00	03.2006	00.5004	0000.0654
Recharging:	00180.00	03.2201	00.5004	0000.0788
Recharging:	00210.00	03.2376	00.5005	0000.0923
Recharging:	00240.00	03.2540	00.5004	0000.1059
Recharging:	00270.00	03.2692	00.5004	0000.1195
Recharging:	00300.00	03.2833	00.5004	0000.1332
Recharging:	00330.00	03.2965	00.5004	0000.1470
Recharging:	00360.00	03.3091	00.5004	0000.1608
Recharging:	00390.00	03.3208	00.5004	0000.1746
Recharging:	00420.00	03.3320	00.5004	0000.1885
Recharging:	00450.00	03.3428	00.5004	0000.2025
Recharging:	00480.00	03.3529	00.5004	0000.2165
Recharging:	00510.00	03.3626	00.5004	0000.2305
Recharging:	00540.00	03.3719	00.5004	0000.2445
Recharging:	00570.00	03.3807	00.5005	0000.2586
Recharging:	00600.00	03.3891	00.5005	0000.2728
Recharging:	00630.00	03.3972	00.5004	0000.2869
Recharging:	00660.00	03.4050	00.5004	0000.3011
Recharging:	00690.00	03.4124	00.5005	0000.3154
Recharging:	00720.00	03.4195	00.5004	0000.3296
Recharging:	00750.00	03.4264	00.5004	0000.3439
Recharging:	00780.00	03.4329	00.5005	0000.3582
Recharging:	00810.00	03.4391	00.5004	0000.3726
Recharging:	00840.00	03.4451	00.5004	0000.3869
Recharging:	00870.00	03.4508	00.5005	0000.4013
Recharging:	00900.00	03.4561	00.5004	0000.4157
Recharging:	00930.00	03.4611	00.5005	0000.4302
Recharging:	00960.00	03.4659	00.5004	0000.4446
Recharging:	00990.00	03.4704	00.5004	0000.4591
Recharging:	01020.00	03.4746	00.5005	0000.4736
Recharging:	01050.00	03.4785	00.5005	0000.4881
Recharging:	01080.00	03.4822	00.5005	0000.5026
Recharging:	01110.00	03.4857	00.5004	0000.5172
Recharging:	01140.00	03.4889	00.5004	0000.5317
Recharging:	01170.00	03.4919	00.5005	0000.5463
Recharging:	01200.00	03.4946	00.5004	0000.5609
Recharging:	01230.00	03.4972	00.5005	0000.5754
Recharging:	01260.00	03.4996	00.5005	0000.5900
Recharging:	01290.00	03.5018	00.5005	0000.6046
Recharging:	01320.00	03.5039	00.5004	0000.6193
Recharging:	01350.00	03.5058	00.5005	0000.6339
Recharging:	01380.00	03.5078	00.5004	0000.6485
Recharging:	01410.00	03.5096	00.5005	0000.6631
Recharging:	01440.00	03.5113	00.5005	0000.6778
Recharging:	01470.00	03.5129	00.5005	0000.6924
Recharging:	01500.00	03.5145	00.5005	0000.7071
Recharging:	01530.00	03.5160	00.5005	0000.7218
Recharging:	01560.00	03.5175	00.5005	0000.7364
Recharging:	01590.00	03.5189	00.5005	0000.7511
Recharging:	01620.00	03.5203	00.5005	0000.7658
Recharging:	01650.00	03.5218	00.5004	0000.7805
Recharging:	01680.00	03.5232	00.5005	0000.7952
Recharging:	01710.00	03.5246	00.5005	0000.8099
Recharging:	01740.00	03.5260	00.5005	0000.8246
Recharging:	01770.00	03.5273	00.5005	0000.8393
Recharging:	01800.00	03.5287	00.5005	0000.8540
Recharging:	01830.00	03.5300	00.5005	0000.8687
Recharging:	01860.00	03.5314	00.5005	0000.8834
Recharging:	01890.00	03.5327	00.5004	0000.8982
Recharging:	01920.00	03.5340	00.5005	0000.9129
Recharging:	01950.00	03.5353	00.5005	0000.9277
Recharging:	01980.00	03.5367	00.5005	0000.9424
Recharging:	02010.00	03.5380	00.5005	0000.9572
Recharging:	02040.00	03.5393	00.5005	0000.9719
Recharging:	02070.00	03.5405	00.5005	0000.9867
Recharging:	02100.00	03.5419	00.5005	0001.0015
Recharging:	02130.00	03.5432	00.5004	0001.0162
Recharging:	02160.00	03.5445	00.5004	0001.0310
Recharging:	02190.00	03.5458	00.5005	0001.0458
Recharging:	02220.00	03.5471	00.5005	0001.0606
Recharging:	02250.00	03.5484	00.5005	0001.0754
Recharging:	02280.00	03.5498	00.5005	0001.0902
Recharging:	02310.00	03.5511	00.5005	0001.1050
Recharging:	02340.00	03.5524	00.5005	0001.1198
Recharging:	02370.00	03.5537	00.5005	0001.1346
Recharging:	02400.00	03.5551	00.5005	0001.1495
Recharging:	02430.00	03.5564	00.5005	0001.1643
Recharging:	02460.00	03.5577	00.5005	0001.1791
Recharging:	02490.00	03.5591	00.5005	0001.1940
Recharging:	02520.00	03.5604	00.5005	0001.2088
Recharging:	02550.00	03.5617	00.5005	0001.2237
Recharging:	02580.00	03.5631	00.5005	0001.2386
Recharging:	02610.00	03.5645	00.5005	0001.2534
Recharging:	02640.00	03.5658	00.5005	0001.2683
Recharging:	02670.00	03.5672	00.5004	0001.2832
Recharging:	02700.00	03.5686	00.5005	0001.2981
Recharging:	02730.00	03.5700	00.5005	0001.3129
Recharging:	02760.00	03.5714	00.5005	0001.3278
Recharging:	02790.00	03.5728	00.5004	0001.3427
Recharging:	02820.00	03.5742	00.5005	0001.3576
Recharging:	02850.00	03.5756	00.5005	0001.3726
Recharging:	02880.00	03.5769	00.5005	0001.3875
Recharging:	02910.00	03.5784	00.5005	0001.4024
Recharging:	02940.00	03.5797	00.5005	0001.4173
Recharging:	02970.00	03.5811	00.5005	0001.4323
Recharging:	03000.00	03.5825	00.5005	0001.4472
Recharging:	03030.00	03.5840	00.5005	0001.4621
Recharging:	03060.00	03.5854	00.5005	0001.4771
Recharging:	03090.00	03.5868	00.5005	0001.4921
Recharging:	03120.00	03.5882	00.5005	0001.5070
Recharging:	03150.00	03.5897	00.5005	0001.5220
Recharging:	03180.00	03.5911	00.5005	0001.5370
Recharging:	03210.00	03.5925	00.5005	0001.5520
Recharging:	03240.00	03.5939	00.5005	0001.5669
Recharging:	03270.00	03.5954	00.5005	0001.5819
Recharging:	03300.00	03.5968	00.5005	0001.5969
Recharging:	03330.00	03.5982	00.5005	0001.6120
Recharging:	03360.00	03.5997	00.5005	0001.6270
Recharging:	03390.00	03.6011	00.5005	0001.6420
Recharging:	03420.00	03.6024	00.5005	0001.6570
Recharging:	03450.00	03.6039	00.5005	0001.6720
Recharging:	03480.00	03.6053	00.5005	0001.6871
Recharging:	03510.00	03.6067	00.5004	0001.7021
Recharging:	03540.00	03.6081	00.5005	0001.7172
Recharging:	03570.00	03.6096	00.5005	0001.7322
Recharging:	03600.00	03.6110	00.5005	0001.7473
Recharging:	03630.00	03.6124	00.5005	0001.7623
Recharging:	03660.00	03.6139	00.5005	0001.7774
Recharging:	03690.00	03.6153	00.5005	0001.7925
Recharging:	03720.00	03.6167	00.5005	0001.8076
Recharging:	03750.00	03.6181	00.5005	0001.8227
Recharging:	03780.00	03.6196	00.5005	0001.8378
Recharging:	03810.00	03.6210	00.5005	0001.8529
Recharging:	03840.00	03.6223	00.5005	0001.8680
Recharging:	03870.00	03.6238	00.5005	0001.8831
Recharging:	03900.00	03.6252	00.5005	0001.8982
Recharging:	03930.00	03.6266	00.5005	0001.9133
Recharging:	03960.00	03.6280	00.5005	0001.9285
Recharging:	03990.00	03.6294	00.5005	0001.9436
Recharging:	04020.00	03.6308	00.5005	0001.9587
Recharging:	04050.00	03.6322	00.5005	0001.9739
Recharging:	04080.00	03.6336	00.5005	0001.9890
Recharging:	04110.00	03.6351	00.5005	0002.0042
Recharging:	04140.00	03.6364	00.5005	0002.0194
Recharging:	04170.00	03.6378	00.5005	0002.0345
Recharging:	04200.00	03.6392	00.5005	0002.0497
Recharging:	04230.00	03.6406	00.5005	0002.0649
Recharging:	04260.00	03.6419	00.5005	0002.0801
Recharging:	04290.00	03.6433	00.5005	0002.0953
Recharging:	04320.00	03.6447	00.5005	0002.1105
Recharging:	04350.00	03.6461	00.5005	0002.1257
Recharging:	04380.00	03.6474	00.5005	0002.1409
Recharging:	04410.00	03.6488	00.5005	0002.1561
Recharging:	04440.00	03.6502	00.5005	0002.1714
Recharging:	04470.00	03.6515	00.5005	0002.1866
Recharging:	04500.00	03.6529	00.5005	0002.2018
Recharging:	04530.00	03.6543	00.5005	0002.2171
Recharging:	04560.00	03.6557	00.5005	0002.2323
Recharging:	04590.00	03.6570	00.5005	0002.2476
Recharging:	04620.00	03.6584	00.5005	0002.2628
Recharging:	04650.00	03.6597	00.5005	0002.2781
Recharging:	04680.00	03.6611	00.5005	0002.2933
Recharging:	04710.00	03.6625	00.5005	0002.3086
Recharging:	04740.00	03.6639	00.5005	0002.3239
Recharging:	04770.00	03.6652	00.5005	0002.3392
Recharging:	04800.00	03.6667	00.5005	0002.3545
Recharging:	04830.00	03.6680	00.5005	0002.3698
Recharging:	04860.00	03.6694	00.5005	0002.3851
Recharging:	04890.00	03.6708	00.5005	0002.4004
Recharging:	04920.00	03.6722	00.5005	0002.4157
Recharging:	04950.00	03.6736	00.5005	0002.4310
Recharging:	04980.00	03.6750	00.5005	0002.4464
Recharging:	05010.00	03.6764	00.5005	0002.4617
Recharging:	05040.00	03.6778	00.5005	0002.4770
Recharging:	05070.00	03.6792	00.5005	0002.4924
Recharging:	05100.00	03.6806	00.5005	0002.5077
Recharging:	05130.00	03.6819	00.5005	0002.5231
Recharging:	05160.00	03.6833	00.5005	0002.5384
Recharging:	05190.00	03.6846	00.5005	0002.5538
Recharging:	05220.00	03.6860	00.5005	0002.5692
Recharging:	05250.00	03.6874	00.5005	0002.5846
Recharging:	05280.00	03.6888	00.5005	0002.5999
Recharging:	05310.00	03.6901	00.5005	0002.6153
Recharging:	05340.00	03.6915	00.5005	0002.6307
Recharging:	05370.00	03.6929	00.5005	0002.6461
Recharging:	05400.00	03.6942	00.5005	0002.6615
Recharging:	05430.00	03.6956	00.5005	0002.6769
Recharging:	05460.00	03.6970	00.5005	0002.6924
Recharging:	05490.00	03.6984	00.5005	0002.7078
Recharging:	05520.00	03.6997	00.5005	0002.7232
Recharging:	05550.00	03.7010	00.5005	0002.7387
Recharging:	05580.00	03.7024	00.5005	0002.7541
Recharging:	05610.00	03.7038	00.5005	0002.7695
Recharging:	05640.00	03.7052	00.5005	0002.7850
Recharging:	05670.00	03.7065	00.5005	0002.8005
Recharging:	05700.00	03.7078	00.5004	0002.8159
Recharging:	05730.00	03.7092	00.5005	0002.8314
Recharging:	05760.00	03.7105	00.5005	0002.8469
Recharging:	05790.00	03.7119	00.5005	0002.8623
Recharging:	05820.00	03.7132	00.5005	0002.8778
Recharging:	05850.00	03.7145	00.5005	0002.8933
Recharging:	05880.00	03.7158	00.5005	0002.9088
Recharging:	05910.00	03.7172	00.5005	0002.9243
Recharging:	05940.00	03.7186	00.5005	0002.9398
Recharging:	05970.00	03.7199	00.5005	0002.9553
Recharging:	06000.00	03.7214	00.5005	0002.9709
Recharging:	06030.00	03.7228	00.5005	0002.9864
Recharging:	06060.00	03.7241	00.5005	0003.0019
Recharging:	06090.00	03.7254	00.5005	0003.0175
Recharging:	06120.00	03.7266	00.5005	0003.0330
Recharging:	06150.00	03.7280	00.5005	0003.0486
Recharging:	06180.00	03.7294	00.5005	0003.0641
Recharging:	06210.00	03.7307	00.5005	0003.0797
Recharging:	06240.00	03.7321	00.5005	0003.0952
Recharging:	06270.00	03.7334	00.5005	0003.1108
Recharging:	06300.00	03.7348	00.5005	0003.1264
Recharging:	06330.00	03.7362	00.5005	0003.1420
Recharging:	06360.00	03.7375	00.5005	0003.1575
Recharging:	06390.00	03.7389	00.5005	0003.1731
Recharging:	06420.00	03.7403	00.5005	0003.1887
Recharging:	06450.00	03.7416	00.5005	0003.2043
Recharging:	06480.00	03.7430	00.5005	0003.2200
Recharging:	06510.00	03.7444	00.5005	0003.2356
Recharging:	06540.00	03.7458	00.5005	0003.2512
Recharging:	06570.00	03.7472	00.5005	0003.2668
Recharging:	06600.00	03.7485	00.5004	0003.2825
Recharging:	06630.00	03.7500	00.5005	0003.2981
Recharging:	06660.00	03.7514	00.5005	0003.3137
Recharging:	06690.00	03.7527	00.5005	0003.3294
Recharging:	06720.00	03.7541	00.5005	0003.3451
Recharging:	06750.00	03.7555	00.5005	0003.3607
Recharging:	06780.00	03.7570	00.5005	0003.3764
Recharging:	06810.00	03.7583	00.5005	0003.3921
Recharging:	06840.00	03.7598	00.5005	0003.4077
Recharging:	06870.00	03.7612	00.5005	0003.4234
Recharging:	06900.00	03.7626	00.5005	0003.4391
Recharging:	06930.00	03.7640	00.5005	0003.4548
Recharging:	06960.00	03.7654	00.5005	0003.4705
Recharging:	06990.00	03.7668	00.5004	0003.4862
Recharging:	07020.00	03.7681	00.5005	0003.5019
Recharging:	07050.00	03.7696	00.5005	0003.5177
Recharging:	07080.00	03.7710	00.5005	0003.5334
Recharging:	07110.00	03.7724	00.5005	0003.5491
Recharging:	07140.00	03.7738	00.5005	0003.5649
Recharging:	07170.00	03.7753	00.5005	0003.5806
Recharging:	07200.00	03.7767	00.5005	0003.5964
Recharging:	07230.00	03.7782	00.5005	0003.6121
Recharging:	07260.00	03.7796	00.5005	0003.6279
Recharging:	07290.00	03.7810	00.5005	0003.6437
Recharging:	07320.00	03.7825	00.5005	0003.6594
Recharging:	07350.00	03.7839	00.5005	0003.6752
Recharging:	07380.00	03.7853	00.5005	0003.6910
Recharging:	07410.00	03.7868	00.5005	0003.7068
Recharging:	07440.00	03.7882	00.5005	0003.7226
Recharging:	07470.00	03.7897	00.5005	0003.7384
Recharging:	07500.00	03.7911	00.5005	0003.7542
Recharging:	07530.00	03.7925	00.5005	0003.7700
Recharging:	07560.00	03.7940	00.5005	0003.7858
Recharging:	07590.00	03.7954	00.5005	0003.8017
Recharging:	07620.00	03.7968	00.5005	0003.8175
Recharging:	07650.00	03.7982	00.5005	0003.8334
Recharging:	07680.00	03.7997	00.5005	0003.8492
Recharging:	07710.00	03.8011	00.5005	0003.8651
Recharging:	07740.00	03.8026	00.5005	0003.8809
Recharging:	07770.00	03.8040	00.5005	0003.8968
Recharging:	07800.00	03.8055	00.5005	0003.9126
Recharging:	07830.00	03.8069	00.5005	0003.9285
Recharging:	07860.00	03.8083	00.5005	0003.9444
Recharging:	07890.00	03.8098	00.5005	0003.9603
Recharging:	07920.00	03.8112	00.5005	0003.9762
Recharging:	07950.00	03.8126	00.5005	0003.9921
Recharging:	07980.00	03.8140	00.5005	0004.0080
Recharging:	08010.00	03.8155	00.5005	0004.0239
Recharging:	08040.00	03.8169	00.5005	0004.0398
Recharging:	08070.00	03.8184	00.5005	0004.0558
Recharging:	08100.00	03.8197	00.5005	0004.0717
Recharging:	08130.00	03.8211	00.5005	0004.0876
Recharging:	08160.00	03.8226	00.5005	0004.1036
Recharging:	08190.00	03.8240	00.5005	0004.1195
Recharging:	08220.00	03.8254	00.5005	0004.1355
Recharging:	08250.00	03.8268	00.5005	0004.1514
Recharging:	08280.00	03.8282	00.5005	0004.1674
Recharging:	08310.00	03.8297	00.5005	0004.1834
Recharging:	08340.00	03.8311	00.5005	0004.1993
Recharging:	08370.00	03.8325	00.5005	0004.2153
Recharging:	08400.00	03.8339	00.5005	0004.2313
Recharging:	08430.00	03.8353	00.5005	0004.2473
Recharging:	08460.00	03.8366	00.5005	0004.2633
Recharging:	08490.00	03.8381	00.5005	0004.2793
Recharging:	08520.00	03.8395	00.5005	0004.2953
Recharging:	08550.00	03.8409	00.5005	0004.3114
Recharging:	08580.00	03.8422	00.5005	0004.3274
Recharging:	08610.00	03.8437	00.5005	0004.3434
Recharging:	08640.00	03.8450	00.5005	0004.3594
Recharging:	08670.00	03.8464	00.5005	0004.3755
Recharging:	08700.00	03.8478	00.5005	0004.3915
Recharging:	08730.00	03.8492	00.5005	0004.4076
Recharging:	08760.00	03.8504	00.5005	0004.4236
Recharging:	08790.00	03.8518	00.5005	0004.4397
Recharging:	08820.00	03.8532	00.5005	0004.4558
Recharging:	08850.00	03.8545	00.5005	0004.4719
Recharging:	08880.00	03.8559	00.5005	0004.4879
Recharging:	08910.00	03.8572	00.5005	0004.5040
Recharging:	08940.00	03.8586	00.5005	0004.5201
Recharging:	08970.00	03.8599	00.5005	0004.5362
Recharging:	09000.00	03.8613	00.5005	0004.5523
Recharging:	09030.00	03.8626	00.5005	0004.5684
Recharging:	09060.00	03.8640	00.5005	0004.5845
Recharging:	09090.00	03.8653	00.5005	0004.6007
Recharging:	09120.00	03.8666	00.5004	0004.6168
Recharging:	09150.00	03.8680	00.5005	0004.6329
Recharging:	09180.00	03.8693	00.5005	0004.6491
Recharging:	09210.00	03.8708	00.5005	0004.6652
Recharging:	09240.00	03.8721	00.5005	0004.6814
Recharging:	09270.00	03.8734	00.5005	0004.6975
Recharging:	09300.00	03.8747	00.5005	0004.7137
Recharging:	09330.00	03.8760	00.5005	0004.7298
Recharging:	09360.00	03.8773	00.5005	0004.7460
Recharging:	09390.00	03.8786	00.5005	0004.7622
Recharging:	09420.00	03.8800	00.5005	0004.7784
Recharging:	09450.00	03.8813	00.5005	0004.7946
Recharging:	09480.00	03.8826	00.5005	0004.8107
Recharging:	09510.00	03.8839	00.5005	0004.8269
Recharging:	09540.00	03.8853	00.5005	0004.8431
Recharging:	09570.00	03.8865	00.5005	0004.8594
Recharging:	09600.00	03.8879	00.5005	0004.8756
Recharging:	09630.00	03.8892	00.5005	0004.8918
Recharging:	09660.00	03.8906	00.5005	0004.9080
Recharging:	09690.00	03.8919	00.5005	0004.9243
Recharging:	09720.00	03.8932	00.5005	0004.9405
Recharging:	09750.00	03.8945	00.5005	0004.9567
Recharging:	09780.00	03.8958	00.5005	0004.9730
Recharging:	09810.00	03.8971	00.5005	0004.9892
Recharging:	09840.00	03.8984	00.5005	0005.0055
Recharging:	09870.00	03.8997	00.5005	0005.0218
Recharging:	09900.00	03.9011	00.5005	0005.0380
Recharging:	09930.00	03.9024	00.5005	0005.0543
Recharging:	09960.00	03.9037	00.5005	0005.0706
Recharging:	09990.00	03.9050	00.5005	0005.0869
Recharging:	10020.00	03.9064	00.5005	0005.1032
Recharging:	10050.00	03.9076	00.5005	0005.1195
Recharging:	10080.00	03.9090	00.5005	0005.1358
Recharging:	10110.00	03.9103	00.5004	0005.1521
Recharging:	10140.00	03.9117	00.5005	0005.1684
Recharging:	10170.00	03.9131	00.5005	0005.1847
Recharging:	10200.00	03.9144	00.5005	0005.2010
Recharging:	10230.00	03.9157	00.5005	0005.2174
Recharging:	10260.00	03.9170	00.5004	0005.2337
Recharging:	10290.00	03.9184	00.5005	0005.2500
Recharging:	10320.00	03.9197	00.5005	0005.2664
Recharging:	10350.00	03.9211	00.5005	0005.2827
Recharging:	10380.00	03.9225	00.5005	0005.2991
Recharging:	10410.00	03.9239	00.5005	0005.3155
Recharging:	10440.00	03.9252	00.5005	0005.3318
Recharging:	10470.00	03.9266	00.5004	0005.3482
Recharging:	10500.00	03.9280	00.5005	0005.3646
Recharging:	10530.00	03.9293	00.5005	0005.3810
Recharging:	10560.00	03.9307	00.5005	0005.3974
Recharging:	10590.00	03.9322	00.5005	0005.4138
Recharging:	10620.00	03.9334	00.5005	0005.4302
Recharging:	10650.00	03.9348	00.5005	0005.4466
Recharging:	10680.00	03.9362	00.5005	0005.4630
Recharging:	10710.00	03.9377	00.5005	0005.4794
Recharging:	10740.00	03.9390	00.5005	0005.4959
Recharging:	10770.00	03.9405	00.5005	0005.5123
Recharging:	10800.00	03.9419	00.5005	0005.5287
Recharging:	10830.00	03.9433	00.5005	0005.5452
Recharging:	10860.00	03.9447	00.5005	0005.5616
Recharging:	10890.00	03.9462	00.5005	0005.5781
Recharging:	10920.00	03.9476	00.5005	0005.5945
Recharging:	10950.00	03.9491	00.5005	0005.6110
Recharging:	10980.00	03.9505	00.5005	0005.6275
Recharging:	11010.00	03.9521	00.5005	0005.6440
Recharging:	11040.00	03.9535	00.5005	0005.6605
Recharging:	11070.00	03.9550	00.5005	0005.6770
Recharging:	11100.00	03.9565	00.5005	0005.6935
Recharging:	11130.00	03.9580	00.5005	0005.7100
Recharging:	11160.00	03.9595	00.5005	0005.7265
Recharging:	11190.00	03.9610	00.5005	0005.7430
Recharging:	11220.00	03.9625	00.5005	0005.7595
Recharging:	11250.00	03.9641	00.5005	0005.7761
Recharging:	11280.00	03.9656	00.5005	0005.7926
Recharging:	11310.00	03.9672	00.5005	0005.8091
Recharging:	11340.00	03.9688	00.5005	0005.8257
Recharging:	11370.00	03.9703	00.5005	0005.8423
Recharging:	11400.00	03.9719	00.5004	0005.8588
Recharging:	11430.00	03.9736	00.5005	0005.8754
Recharging:	11460.00	03.9752	00.5005	0005.8920
Recharging:	11490.00	03.9768	00.5005	0005.9086
Recharging:	11520.00	03.9783	00.5005	0005.9251
Recharging:	11550.00	03.9800	00.5005	0005.9417
Recharging:	11580.00	03.9817	00.5005	0005.9584
Recharging:	11610.00	03.9833	00.5005	0005.9750
Recharging:	11640.00	03.9850	00.5005	0005.9916
Recharging:	11670.00	03.9867	00.5005	0006.0082
Recharging:	11700.00	03.9884	00.5005	0006.0248
Recharging:	11730.00	03.9900	00.5005	0006.0415
Recharging:	11760.00	03.9917	00.5005	0006.0581
Recharging:	11790.00	03.9934	00.5005	0006.0748
Recharging:	11820.00	03.9951	00.5005	0006.0915
Recharging:	11850.00	03.9969	00.5005	0006.1081
Recharging:	11880.00	03.9987	00.5005	0006.1248
Recharging:	11910.00	04.0004	00.5005	0006.1415
Recharging:	11940.00	04.0022	00.5005	0006.1582
Recharging:	11970.00	04.0040	00.5005	0006.1749
Recharging:	12000.00	04.0058	00.5005	0006.1916
Recharging:	12030.00	04.0076	00.5005	0006.2083
Recharging:	12060.00	04.0095	00.5005	0006.2250
Recharging:	12090.00	04.0113	00.5005	0006.2417
Recharging:	12120.00	04.0131	00.5005	0006.2585
Recharging:	12150.00	04.0149	00.5005	0006.2752
Recharging:	12180.00	04.0167	00.5005	0006.2920
Recharging:	12210.00	04.0186	00.5005	0006.3087
Recharging:	12240.00	04.0205	00.5005	0006.3255
Recharging:	12270.00	04.0224	00.5005	0006.3423
Recharging:	12300.00	04.0242	00.5005	0006.3591
Recharging:	12330.00	04.0262	00.5005	0006.3759
Recharging:	12360.00	04.0281	00.5005	0006.3927
Recharging:	12390.00	04.0300	00.5005	0006.4095
Recharging:	12420.00	04.0320	00.5005	0006.4263
Recharging:	12450.00	04.0339	00.5005	0006.4431
Recharging:	12480.00	04.0358	00.5005	0006.4599
Recharging:	12510.00	04.0377	00.5005	0006.4768
Recharging:	12540.00	04.0396	00.5005	0006.4936
Recharging:	12570.00	04.0416	00.5005	0006.5105
Recharging:	12600.00	04.0436	00.5005	0006.5273
Recharging:	12630.00	04.0455	00.5005	0006.5442
Recharging:	12660.00	04.0474	00.5005	0006.5611
Recharging:	12690.00	04.0494	00.5005	0006.5780
Recharging:	12720.00	04.0513	00.5005	0006.5949
Recharging:	12750.00	04.0533	00.5005	0006.6118
Recharging:	12780.00	04.0553	00.5005	0006.6287
Recharging:	12810.00	04.0573	00.5005	0006.6456
Recharging:	12840.00	04.0593	00.5005	0006.6625
Recharging:	12870.00	04.0611	00.5005	0006.6795
Recharging:	12900.00	04.0631	00.5005	0006.6964
Recharging:	12930.00	04.0651	00.5005	0006.7134
Recharging:	12960.00	04.0671	00.5005	0006.7303
Recharging:	12990.00	04.0690	00.5005	0006.7473
Recharging:	13020.00	04.0710	00.5005	0006.7643
Recharging:	13050.00	04.0729	00.5005	0006.7813
Recharging:	13080.00	04.0749	00.5005	0006.7983
Recharging:	13110.00	04.0769	00.5005	0006.8153
Recharging:	13140.00	04.0788	00.5005	0006.8323
Recharging:	13170.00	04.0808	00.5005	0006.8493
Recharging:	13200.00	04.0827	00.5005	0006.8663
Recharging:	13230.00	04.0847	00.5005	0006.8834
Recharging:	13260.00	04.0866	00.5004	0006.9004
Recharging:	13290.00	04.0886	00.5005	0006.9175
Recharging:	13320.00	04.0906	00.5005	0006.9345
Recharging:	13350.00	04.0926	00.5005	0006.9516
Recharging:	13380.00	04.0944	00.5005	0006.9687
Recharging:	13410.00	04.0964	00.5005	0006.9858
Recharging:	13440.00	04.0983	00.5005	0007.0029
Recharging:	13470.00	04.1002	00.5005	0007.0200
Recharging:	13500.00	04.1021	00.5005	0007.0371
Recharging:	13530.00	04.1040	00.5005	0007.0542
Recharging:	13560.00	04.1060	00.5005	0007.0713
Recharging:	13590.00	04.1079	00.5005	0007.0884
Recharging:	13620.00	04.1098	00.5005	0007.1056
Recharging:	13650.00	04.1117	00.5005	0007.1227
Recharging:	13680.00	04.1136	00.5005	0007.1399
Recharging:	13710.00	04.1154	00.5005	0007.1570
Recharging:	13740.00	04.1173	00.5005	0007.1742
Recharging:	13770.00	04.1191	00.5005	0007.1914
Recharging:	13800.00	04.1210	00.5004	0007.2086
Recharging:	13830.00	04.1228	00.5005	0007.2258
Recharging:	13860.00	04.1247	00.5005	0007.2430
Recharging:	13890.00	04.1266	00.5005	0007.2602
Recharging:	13920.00	04.1284	00.5005	0007.2774
Recharging:	13950.00	04.1302	00.5005	0007.2946
Recharging:	13980.00	04.1320	00.5005	0007.3119
Recharging:	14010.00	04.1338	00.5005	0007.3291
Recharging:	14040.00	04.1357	00.5005	0007.3464
Recharging:	14070.00	04.1375	00.5005	0007.3636
Recharging:	14100.00	04.1394	00.5004	0007.3809
Recharging:	14130.00	04.1412	00.5005	0007.3981
Recharging:	14160.00	04.1431	00.5005	0007.4154
Recharging:	14190.00	04.1449	00.5005	0007.4327
Recharging:	14220.00	04.1468	00.5005	0007.4500
Recharging:	14250.00	04.1486	00.5005	0007.4673
Recharging:	14280.00	04.1505	00.5005	0007.4846
Recharging:	14310.00	04.1524	00.5005	0007.5019
Recharging:	14340.00	04.1543	00.5005	0007.5193
Recharging:	14370.00	04.1562	00.5005	0007.5366
Recharging:	14400.00	04.1581	00.5005	0007.5539
Recharging:	14430.00	04.1600	00.5005	0007.5713
Recharging:	14460.00	04.1619	00.5005	0007.5886
Recharging:	14490.00	04.1638	00.5005	0007.6060
Recharging:	14520.00	04.1658	00.5005	0007.6234
Recharging:	14550.00	04.1678	00.5005	0007.6408
Recharging:	14580.00	04.1699	00.5005	0007.6582
Recharging:	14610.00	04.1719	00.5005	0007.6756
Recharging:	14640.00	04.1740	00.5005	0007.6930
Recharging:	14670.00	04.1761	00.5005	0007.7104
Recharging:	14700.00	04.1781	00.5005	0007.7278
Recharging:	14730.00	04.1803	00.5005	0007.7452
Recharging:	14760.00	04.1823	00.5005	0007.7627
Recharging:	14790.00	04.1845	00.5005	0007.7801
Recharging:	14820.00	04.1867	00.5005	0007.7976
Recharging:	14850.00	04.1889	00.5005	0007.8151
Recharging:	14880.00	04.1911	00.5005	0007.8325
Recharging:	14910.00	04.1934	00.5005	0007.8500
Recharging:	14940.00	04.1956	00.5005	0007.8675
Recharging:	14970.00	04.1979	00.5005	0007.8850
Recharging:	15000.00	04.2003	00.5005	0007.9026
