Charging:	00030.00	04.0053	00.5012	0000.0167
Charging:	00060.00	04.0301	00.5004	0000.0335
Charging:	00090.00	04.0375	00.5004	0000.0504
Charging:	00120.00	04.0433	00.5004	0000.0672
Charging:	00150.00	04.0482	00.5004	0000.0841
Charging:	00180.00	04.0527	00.5004	0000.1010
Charging:	00210.00	04.0568	00.5004	0000.1179
Charging:	00240.00	04.0605	00.5004	0000.1349
Charging:	00270.00	04.0641	00.5004	0000.1518
Charging:	00300.00	04.0675	00.5004	0000.1688
Charging:	00330.00	04.0709	00.5004	0000.1857
Charging:	00360.00	04.0741	00.5004	0000.2027
Charging:	00390.00	04.0772	00.5004	0000.2197
Charging:	00420.00	04.0803	00.5004	0000.2368
Charging:	00450.00	04.0833	00.5004	0000.2538
Charging:	00480.00	04.0863	00.5004	0000.2708
Charging:	00510.00	04.0892	00.5004	0000.2879
Charging:	00540.00	04.0921	00.5004	0000.3049
Charging:	00570.00	04.0949	00.5004	0000.3220
Charging:	00600.00	04.0977	00.5004	0000.3391
Charging:	00630.00	04.1003	00.5004	0000.3562
Charging:	00660.00	04.1032	00.5004	0000.3733
Charging:	00690.00	04.1058	00.5005	0000.3904
Charging:	00720.00	04.1085	00.5004	0000.4076
Charging:	00750.00	04.1112	00.5004	0000.4247
Charging:	00780.00	04.1138	00.5004	0000.4419
Charging:	00810.00	04.1163	00.5004	0000.4590
Charging:	00840.00	04.1189	00.5004	0000.4762
Charging:	00870.00	04.1214	00.5004	0000.4934
Charging:	00900.00	04.1239	00.5004	0000.5106
Charging:	00930.00	04.1264	00.5005	0000.5278
Charging:	00960.00	04.1289	00.5005	0000.5450
Charging:	00990.00	04.1314	00.5004	0000.5623
Charging:	01020.00	04.1338	00.5004	0000.5795
Charging:	01050.00	04.1362	00.5004	0000.5968
Charging:	01080.00	04.1387	00.5004	0000.6140
Charging:	01110.00	04.1411	00.5004	0000.6313
Charging:	01140.00	04.1435	00.5004	0000.6486
Charging:	01170.00	04.1459	00.5004	0000.6659
Charging:	01200.00	04.1483	00.5005	0000.6832
Charging:	01230.00	04.1507	00.5004	0000.7005
Charging:	01260.00	04.1531	00.5005	0000.7178
Charging:	01290.00	04.1555	00.5005	0000.7351
Charging:	01320.00	04.1579	00.5005	0000.7525
Charging:	01350.00	04.1603	00.5004	0000.7698
Charging:	01380.00	04.1627	00.5005	0000.7872
Charging:	01410.00	04.1652	00.5005	0000.8045
Charging:	01440.00	04.1676	00.5005	0000.8219
Charging:	01470.00	04.1701	00.5005	0000.8393
Charging:	01500.00	04.1725	00.5005	0000.8567
Charging:	01530.00	04.1750	00.5004	0000.8741
Charging:	01560.00	04.1775	00.5005	0000.8915
Charging:	01590.00	04.1800	00.5005	0000.9090
Charging:	01620.00	04.1824	00.5005	0000.9264
Charging:	01650.00	04.1850	00.5005	0000.9439
Charging:	01680.00	04.1876	00.5005	0000.9613
Charging:	01710.00	04.1902	00.5004	0000.9788
Charging:	01740.00	04.1928	00.5005	0000.9963
Charging:	01770.00	04.1955	00.5005	0001.0138
Charging:	01800.00	04.1981	00.5004	0001.0313
Charging:	01830.00	04.2008	00.5004	0001.0488
---------------------------
TESTING INTERNAL RESISTANCE
voltage while ON =  4.1374
current=-0.5004
OUTPUT OFF
voltage while OFF =  4.1449
Internal resistance =  0.0149 [Ohm]
OUTPUT ON
---------------------------
Discharging:	00030.00	04.1213	-0.5004	-000.0172
Discharging:	00060.00	04.0718	-0.5002	-000.0342
Discharging:	00090.00	04.0621	-0.5002	-000.0511
Discharging:	00120.00	04.0552	-0.5002	-000.0680
Discharging:	00150.00	04.0498	-0.5002	-000.0849
Discharging:	00180.00	04.0451	-0.5002	-000.1017
Discharging:	00210.00	04.0409	-0.5002	-000.1186
Discharging:	00240.00	04.0371	-0.5002	-000.1354
Discharging:	00270.00	04.0336	-0.5002	-000.1522
Discharging:	00300.00	04.0302	-0.5002	-000.1690
Discharging:	00330.00	04.0270	-0.5002	-000.1858
Discharging:	00360.00	04.0240	-0.5002	-000.2026
Discharging:	00390.00	04.0210	-0.5002	-000.2194
Discharging:	00420.00	04.0181	-0.5002	-000.2361
Discharging:	00450.00	04.0152	-0.5002	-000.2528
Discharging:	00480.00	04.0125	-0.5002	-000.2696
Discharging:	00510.00	04.0098	-0.5002	-000.2863
Discharging:	00540.00	04.0071	-0.5002	-000.3030
Discharging:	00570.00	04.0044	-0.5002	-000.3197
Discharging:	00600.00	04.0018	-0.5002	-000.3363
Discharging:	00630.00	03.9992	-0.5002	-000.3530
Discharging:	00660.00	03.9966	-0.5002	-000.3697
Discharging:	00690.00	03.9941	-0.5002	-000.3863
Discharging:	00720.00	03.9916	-0.5002	-000.4030
Discharging:	00750.00	03.9891	-0.5002	-000.4196
Discharging:	00780.00	03.9866	-0.5002	-000.4362
Discharging:	00810.00	03.9842	-0.5002	-000.4528
Discharging:	00840.00	03.9817	-0.5002	-000.4694
Discharging:	00870.00	03.9792	-0.5002	-000.4860
Discharging:	00900.00	03.9768	-0.5002	-000.5026
Discharging:	00930.00	03.9744	-0.5002	-000.5191
Discharging:	00960.00	03.9719	-0.5002	-000.5357
Discharging:	00990.00	03.9696	-0.5002	-000.5523
Discharging:	01020.00	03.9672	-0.5002	-000.5688
Discharging:	01050.00	03.9649	-0.5002	-000.5853
Discharging:	01080.00	03.9625	-0.5002	-000.6018
Discharging:	01110.00	03.9602	-0.5002	-000.6183
Discharging:	01140.00	03.9579	-0.5002	-000.6348
Discharging:	01170.00	03.9556	-0.5002	-000.6513
Discharging:	01200.00	03.9533	-0.5002	-000.6678
Discharging:	01230.00	03.9509	-0.5002	-000.6843
Discharging:	01260.00	03.9486	-0.5002	-000.7007
Discharging:	01290.00	03.9462	-0.5002	-000.7172
Discharging:	01320.00	03.9439	-0.5002	-000.7336
Discharging:	01350.00	03.9415	-0.5002	-000.7500
Discharging:	01380.00	03.9392	-0.5002	-000.7665
Discharging:	01410.00	03.9369	-0.5002	-000.7829
Discharging:	01440.00	03.9345	-0.5002	-000.7993
Discharging:	01470.00	03.9323	-0.5002	-000.8157
Discharging:	01500.00	03.9299	-0.5002	-000.8321
Discharging:	01530.00	03.9276	-0.5002	-000.8484
Discharging:	01560.00	03.9251	-0.5002	-000.8648
Discharging:	01590.00	03.9228	-0.5002	-000.8811
Discharging:	01620.00	03.9204	-0.5002	-000.8975
Discharging:	01650.00	03.9180	-0.5002	-000.9138
Discharging:	01680.00	03.9156	-0.5002	-000.9301
Discharging:	01710.00	03.9132	-0.5002	-000.9464
Discharging:	01740.00	03.9108	-0.5002	-000.9627
Discharging:	01770.00	03.9084	-0.5002	-000.9790
Discharging:	01800.00	03.9061	-0.5002	-000.9953
Discharging:	01830.00	03.9039	-0.5002	-001.0116
Discharging:	01860.00	03.9017	-0.5002	-001.0279
Discharging:	01890.00	03.8993	-0.5002	-001.0441
Discharging:	01920.00	03.8971	-0.5002	-001.0604
Discharging:	01950.00	03.8949	-0.5002	-001.0766
Discharging:	01980.00	03.8928	-0.5002	-001.0928
Discharging:	02010.00	03.8908	-0.5002	-001.1090
Discharging:	02040.00	03.8886	-0.5002	-001.1252
Discharging:	02070.00	03.8866	-0.5002	-001.1414
Discharging:	02100.00	03.8847	-0.5002	-001.1576
Discharging:	02130.00	03.8828	-0.5002	-001.1738
Discharging:	02160.00	03.8809	-0.5002	-001.1900
Discharging:	02190.00	03.8791	-0.5002	-001.2062
Discharging:	02220.00	03.8773	-0.5002	-001.2223
Discharging:	02250.00	03.8755	-0.5002	-001.2385
Discharging:	02280.00	03.8738	-0.5002	-001.2546
Discharging:	02310.00	03.8721	-0.5002	-001.2708
Discharging:	02340.00	03.8704	-0.5002	-001.2869
Discharging:	02370.00	03.8687	-0.5002	-001.3030
Discharging:	02400.00	03.8670	-0.5002	-001.3191
Discharging:	02430.00	03.8654	-0.5002	-001.3353
Discharging:	02460.00	03.8638	-0.5002	-001.3514
Discharging:	02490.00	03.8622	-0.5002	-001.3675
Discharging:	02520.00	03.8606	-0.5002	-001.3836
Discharging:	02550.00	03.8591	-0.5002	-001.3996
Discharging:	02580.00	03.8575	-0.5002	-001.4157
Discharging:	02610.00	03.8560	-0.5002	-001.4318
Discharging:	02640.00	03.8545	-0.5002	-001.4479
Discharging:	02670.00	03.8530	-0.5002	-001.4639
Discharging:	02700.00	03.8515	-0.5002	-001.4800
Discharging:	02730.00	03.8501	-0.5002	-001.4960
Discharging:	02760.00	03.8487	-0.5002	-001.5121
Discharging:	02790.00	03.8472	-0.5002	-001.5281
Discharging:	02820.00	03.8458	-0.5002	-001.5441
Discharging:	02850.00	03.8445	-0.5002	-001.5602
Discharging:	02880.00	03.8430	-0.5002	-001.5762
Discharging:	02910.00	03.8416	-0.5002	-001.5922
Discharging:	02940.00	03.8402	-0.5002	-001.6082
Discharging:	02970.00	03.8388	-0.5002	-001.6242
Discharging:	03000.00	03.8373	-0.5002	-001.6402
Discharging:	03030.00	03.8360	-0.5002	-001.6562
Discharging:	03060.00	03.8347	-0.5002	-001.6722
Discharging:	03090.00	03.8333	-0.5002	-001.6882
Discharging:	03120.00	03.8320	-0.5002	-001.7041
Discharging:	03150.00	03.8306	-0.5002	-001.7201
Discharging:	03180.00	03.8293	-0.5002	-001.7361
Discharging:	03210.00	03.8280	-0.5002	-001.7520
Discharging:	03240.00	03.8267	-0.5002	-001.7680
Discharging:	03270.00	03.8253	-0.5002	-001.7839
Discharging:	03300.00	03.8240	-0.5002	-001.7998
Discharging:	03330.00	03.8228	-0.5002	-001.8158
Discharging:	03360.00	03.8215	-0.5002	-001.8317
Discharging:	03390.00	03.8202	-0.5002	-001.8476
Discharging:	03420.00	03.8189	-0.5002	-001.8636
Discharging:	03450.00	03.8176	-0.5002	-001.8795
Discharging:	03480.00	03.8163	-0.5002	-001.8954
Discharging:	03510.00	03.8150	-0.5002	-001.9113
Discharging:	03540.00	03.8137	-0.5002	-001.9272
Discharging:	03570.00	03.8125	-0.5002	-001.9431
Discharging:	03600.00	03.8112	-0.5002	-001.9590
Discharging:	03630.00	03.8100	-0.5002	-001.9748
Discharging:	03660.00	03.8087	-0.5002	-001.9907
Discharging:	03690.00	03.8075	-0.5002	-002.0066
Discharging:	03720.00	03.8062	-0.5002	-002.0224
Discharging:	03750.00	03.8050	-0.5002	-002.0383
Discharging:	03780.00	03.8037	-0.5002	-002.0542
Discharging:	03810.00	03.8025	-0.5002	-002.0700
Discharging:	03840.00	03.8013	-0.5002	-002.0859
Discharging:	03870.00	03.8000	-0.5002	-002.1017
Discharging:	03900.00	03.7988	-0.5002	-002.1175
Discharging:	03930.00	03.7975	-0.5002	-002.1334
Discharging:	03960.00	03.7963	-0.5002	-002.1492
Discharging:	03990.00	03.7951	-0.5002	-002.1650
Discharging:	04020.00	03.7938	-0.5002	-002.1808
Discharging:	04050.00	03.7926	-0.5002	-002.1966
Discharging:	04080.00	03.7914	-0.5002	-002.2124
Discharging:	04110.00	03.7902	-0.5002	-002.2282
Discharging:	04140.00	03.7889	-0.5002	-002.2440
Discharging:	04170.00	03.7877	-0.5002	-002.2598
Discharging:	04200.00	03.7864	-0.5002	-002.2756
Discharging:	04230.00	03.7852	-0.5002	-002.2914
Discharging:	04260.00	03.7840	-0.5002	-002.3072
Discharging:	04290.00	03.7828	-0.5002	-002.3229
Discharging:	04320.00	03.7816	-0.5002	-002.3387
Discharging:	04350.00	03.7803	-0.5002	-002.3544
Discharging:	04380.00	03.7790	-0.5002	-002.3702
Discharging:	04410.00	03.7778	-0.5002	-002.3859
Discharging:	04440.00	03.7766	-0.5002	-002.4017
Discharging:	04470.00	03.7753	-0.5002	-002.4174
Discharging:	04500.00	03.7742	-0.5002	-002.4332
Discharging:	04530.00	03.7729	-0.5002	-002.4489
Discharging:	04560.00	03.7717	-0.5002	-002.4646
Discharging:	04590.00	03.7705	-0.5002	-002.4803
Discharging:	04620.00	03.7692	-0.5002	-002.4960
Discharging:	04650.00	03.7679	-0.5002	-002.5117
Discharging:	04680.00	03.7668	-0.5002	-002.5274
Discharging:	04710.00	03.7656	-0.5002	-002.5431
Discharging:	04740.00	03.7644	-0.5002	-002.5588
Discharging:	04770.00	03.7631	-0.5002	-002.5745
Discharging:	04800.00	03.7619	-0.5002	-002.5902
Discharging:	04830.00	03.7607	-0.5002	-002.6059
Discharging:	04860.00	03.7594	-0.5002	-002.6215
Discharging:	04890.00	03.7582	-0.5002	-002.6372
Discharging:	04920.00	03.7568	-0.5002	-002.6529
Discharging:	04950.00	03.7556	-0.5002	-002.6685
Discharging:	04980.00	03.7544	-0.5002	-002.6842
Discharging:	05010.00	03.7531	-0.5002	-002.6998
Discharging:	05040.00	03.7518	-0.5002	-002.7155
Discharging:	05070.00	03.7506	-0.5002	-002.7311
Discharging:	05100.00	03.7494	-0.5002	-002.7467
Discharging:	05130.00	03.7481	-0.5002	-002.7623
Discharging:	05160.00	03.7468	-0.5002	-002.7780
Discharging:	05190.00	03.7456	-0.5002	-002.7936
Discharging:	05220.00	03.7443	-0.5002	-002.8092
Discharging:	05250.00	03.7430	-0.5002	-002.8248
Discharging:	05280.00	03.7418	-0.5002	-002.8404
Discharging:	05310.00	03.7406	-0.5002	-002.8560
Discharging:	05340.00	03.7393	-0.5002	-002.8716
Discharging:	05370.00	03.7380	-0.5002	-002.8871
Discharging:	05400.00	03.7368	-0.5002	-002.9027
Discharging:	05430.00	03.7355	-0.5002	-002.9183
Discharging:	05460.00	03.7342	-0.5002	-002.9339
Discharging:	05490.00	03.7330	-0.5002	-002.9494
Discharging:	05520.00	03.7317	-0.5002	-002.9650
Discharging:	05550.00	03.7304	-0.5002	-002.9805
Discharging:	05580.00	03.7291	-0.5002	-002.9961
Discharging:	05610.00	03.7279	-0.5002	-003.0116
Discharging:	05640.00	03.7265	-0.5002	-003.0271
Discharging:	05670.00	03.7254	-0.5002	-003.0427
Discharging:	05700.00	03.7242	-0.5002	-003.0582
Discharging:	05730.00	03.7229	-0.5002	-003.0737
Discharging:	05760.00	03.7215	-0.5002	-003.0892
Discharging:	05790.00	03.7201	-0.5002	-003.1047
Discharging:	05820.00	03.7188	-0.5002	-003.1202
Discharging:	05850.00	03.7176	-0.5002	-003.1357
Discharging:	05880.00	03.7162	-0.5002	-003.1512
Discharging:	05910.00	03.7149	-0.5002	-003.1667
Discharging:	05940.00	03.7136	-0.5002	-003.1822
Discharging:	05970.00	03.7123	-0.5002	-003.1977
Discharging:	06000.00	03.7110	-0.5002	-003.2131
Discharging:	06030.00	03.7097	-0.5002	-003.2286
Discharging:	06060.00	03.7084	-0.5002	-003.2441
Discharging:	06090.00	03.7071	-0.5002	-003.2595
Discharging:	06120.00	03.7058	-0.5002	-003.2750
Discharging:	06150.00	03.7046	-0.5002	-003.2904
Discharging:	06180.00	03.7031	-0.5002	-003.3058
Discharging:	06210.00	03.7019	-0.5002	-003.3213
Discharging:	06240.00	03.7005	-0.5002	-003.3367
Discharging:	06270.00	03.6992	-0.5002	-003.3521
Discharging:	06300.00	03.6979	-0.5002	-003.3675
Discharging:	06330.00	03.6966	-0.5002	-003.3829
Discharging:	06360.00	03.6953	-0.5002	-003.3983
Discharging:	06390.00	03.6940	-0.5002	-003.4137
Discharging:	06420.00	03.6926	-0.5002	-003.4291
Discharging:	06450.00	03.6913	-0.5002	-003.4445
Discharging:	06480.00	03.6900	-0.5002	-003.4599
Discharging:	06510.00	03.6887	-0.5002	-003.4753
Discharging:	06540.00	03.6874	-0.5002	-003.4906
Discharging:	06570.00	03.6860	-0.5002	-003.5060
Discharging:	06600.00	03.6847	-0.5002	-003.5214
Discharging:	06630.00	03.6835	-0.5002	-003.5367
Discharging:	06660.00	03.6822	-0.5002	-003.5521
Discharging:	06690.00	03.6809	-0.5002	-003.5674
Discharging:	06720.00	03.6795	-0.5002	-003.5827
Discharging:	06750.00	03.6782	-0.5002	-003.5981
Discharging:	06780.00	03.6769	-0.5002	-003.6134
Discharging:	06810.00	03.6755	-0.5002	-003.6287
Discharging:	06840.00	03.6742	-0.5002	-003.6440
Discharging:	06870.00	03.6728	-0.5002	-003.6594
Discharging:	06900.00	03.6715	-0.5002	-003.6747
Discharging:	06930.00	03.6702	-0.5002	-003.6900
Discharging:	06960.00	03.6688	-0.5002	-003.7053
Discharging:	06990.00	03.6675	-0.5002	-003.7205
Discharging:	07020.00	03.6662	-0.5002	-003.7358
Discharging:	07050.00	03.6649	-0.5002	-003.7511
Discharging:	07080.00	03.6636	-0.5002	-003.7664
Discharging:	07110.00	03.6622	-0.5002	-003.7816
Discharging:	07140.00	03.6609	-0.5002	-003.7969
Discharging:	07170.00	03.6596	-0.5002	-003.8122
Discharging:	07200.00	03.6582	-0.5002	-003.8274
Discharging:	07230.00	03.6569	-0.5002	-003.8426
Discharging:	07260.00	03.6556	-0.5002	-003.8579
Discharging:	07290.00	03.6543	-0.5002	-003.8731
Discharging:	07320.00	03.6530	-0.5002	-003.8883
Discharging:	07350.00	03.6516	-0.5002	-003.9036
Discharging:	07380.00	03.6503	-0.5002	-003.9188
Discharging:	07410.00	03.6490	-0.5002	-003.9340
Discharging:	07440.00	03.6477	-0.5002	-003.9492
Discharging:	07470.00	03.6463	-0.5002	-003.9644
Discharging:	07500.00	03.6450	-0.5002	-003.9796
Discharging:	07530.00	03.6437	-0.5002	-003.9948
Discharging:	07560.00	03.6424	-0.5002	-004.0100
Discharging:	07590.00	03.6412	-0.5002	-004.0251
Discharging:	07620.00	03.6399	-0.5002	-004.0403
Discharging:	07650.00	03.6385	-0.5002	-004.0555
Discharging:	07680.00	03.6372	-0.5002	-004.0706
Discharging:	07710.00	03.6359	-0.5002	-004.0858
Discharging:	07740.00	03.6345	-0.5002	-004.1010
Discharging:	07770.00	03.6332	-0.5002	-004.1161
Discharging:	07800.00	03.6319	-0.5002	-004.1312
Discharging:	07830.00	03.6306	-0.5002	-004.1464
Discharging:	07860.00	03.6293	-0.5002	-004.1615
Discharging:	07890.00	03.6280	-0.5002	-004.1766
Discharging:	07920.00	03.6267	-0.5002	-004.1917
Discharging:	07950.00	03.6254	-0.5002	-004.2069
Discharging:	07980.00	03.6241	-0.5002	-004.2220
Discharging:	08010.00	03.6228	-0.5002	-004.2371
Discharging:	08040.00	03.6215	-0.5002	-004.2522
Discharging:	08070.00	03.6203	-0.5002	-004.2672
Discharging:	08100.00	03.6190	-0.5002	-004.2823
Discharging:	08130.00	03.6177	-0.5002	-004.2974
Discharging:	08160.00	03.6164	-0.5002	-004.3125
Discharging:	08190.00	03.6150	-0.5002	-004.3276
Discharging:	08220.00	03.6138	-0.5002	-004.3426
Discharging:	08250.00	03.6125	-0.5002	-004.3577
Discharging:	08280.00	03.6112	-0.5002	-004.3727
Discharging:	08310.00	03.6099	-0.5002	-004.3878
Discharging:	08340.00	03.6086	-0.5002	-004.4028
Discharging:	08370.00	03.6073	-0.5002	-004.4179
Discharging:	08400.00	03.6061	-0.5002	-004.4329
Discharging:	08430.00	03.6048	-0.5002	-004.4479
Discharging:	08460.00	03.6035	-0.5002	-004.4629
Discharging:	08490.00	03.6023	-0.5002	-004.4780
Discharging:	08520.00	03.6011	-0.5002	-004.4930
Discharging:	08550.00	03.5999	-0.5002	-004.5080
Discharging:	08580.00	03.5986	-0.5002	-004.5230
Discharging:	08610.00	03.5973	-0.5002	-004.5380
Discharging:	08640.00	03.5961	-0.5002	-004.5530
Discharging:	08670.00	03.5948	-0.5002	-004.5679
Discharging:	08700.00	03.5936	-0.5002	-004.5829
Discharging:	08730.00	03.5923	-0.5002	-004.5979
Discharging:	08760.00	03.5911	-0.5002	-004.6129
Discharging:	08790.00	03.5898	-0.5002	-004.6278
Discharging:	08820.00	03.5885	-0.5002	-004.6428
Discharging:	08850.00	03.5872	-0.5002	-004.6577
Discharging:	08880.00	03.5860	-0.5002	-004.6727
Discharging:	08910.00	03.5848	-0.5002	-004.6876
Discharging:	08940.00	03.5835	-0.5002	-004.7026
Discharging:	08970.00	03.5822	-0.5002	-004.7175
Discharging:	09000.00	03.5810	-0.5002	-004.7324
Discharging:	09030.00	03.5799	-0.5002	-004.7474
Discharging:	09060.00	03.5786	-0.5002	-004.7623
Discharging:	09090.00	03.5774	-0.5002	-004.7772
Discharging:	09120.00	03.5762	-0.5002	-004.7921
Discharging:	09150.00	03.5750	-0.5002	-004.8070
Discharging:	09180.00	03.5738	-0.5002	-004.8219
Discharging:	09210.00	03.5725	-0.5002	-004.8368
Discharging:	09240.00	03.5713	-0.5002	-004.8517
Discharging:	09270.00	03.5701	-0.5002	-004.8665
Discharging:	09300.00	03.5689	-0.5002	-004.8814
Discharging:	09330.00	03.5676	-0.5002	-004.8963
Discharging:	09360.00	03.5664	-0.5002	-004.9112
Discharging:	09390.00	03.5652	-0.5002	-004.9260
Discharging:	09420.00	03.5640	-0.5002	-004.9409
Discharging:	09450.00	03.5628	-0.5002	-004.9557
Discharging:	09480.00	03.5616	-0.5002	-004.9706
Discharging:	09510.00	03.5604	-0.5002	-004.9854
Discharging:	09540.00	03.5592	-0.5002	-005.0003
Discharging:	09570.00	03.5580	-0.5002	-005.0151
Discharging:	09600.00	03.5568	-0.5002	-005.0299
Discharging:	09630.00	03.5556	-0.5002	-005.0447
Discharging:	09660.00	03.5543	-0.5002	-005.0596
Discharging:	09690.00	03.5531	-0.5002	-005.0744
Discharging:	09720.00	03.5519	-0.5002	-005.0892
Discharging:	09750.00	03.5506	-0.5002	-005.1040
Discharging:	09780.00	03.5495	-0.5002	-005.1188
Discharging:	09810.00	03.5482	-0.5002	-005.1336
Discharging:	09840.00	03.5470	-0.5002	-005.1483
Discharging:	09870.00	03.5457	-0.5002	-005.1631
Discharging:	09900.00	03.5445	-0.5002	-005.1779
Discharging:	09930.00	03.5433	-0.5002	-005.1927
Discharging:	09960.00	03.5420	-0.5002	-005.2074
Discharging:	09990.00	03.5407	-0.5002	-005.2222
Discharging:	10020.00	03.5395	-0.5002	-005.2369
Discharging:	10050.00	03.5383	-0.5002	-005.2517
Discharging:	10080.00	03.5371	-0.5002	-005.2664
Discharging:	10110.00	03.5358	-0.5002	-005.2812
Discharging:	10140.00	03.5345	-0.5002	-005.2959
Discharging:	10170.00	03.5332	-0.5002	-005.3106
Discharging:	10200.00	03.5319	-0.5002	-005.3254
Discharging:	10230.00	03.5306	-0.5002	-005.3401
Discharging:	10260.00	03.5293	-0.5002	-005.3548
Discharging:	10290.00	03.5280	-0.5002	-005.3695
Discharging:	10320.00	03.5266	-0.5002	-005.3842
Discharging:	10350.00	03.5253	-0.5002	-005.3989
Discharging:	10380.00	03.5239	-0.5002	-005.4136
Discharging:	10410.00	03.5226	-0.5002	-005.4283
Discharging:	10440.00	03.5212	-0.5002	-005.4429
Discharging:	10470.00	03.5199	-0.5002	-005.4576
Discharging:	10500.00	03.5186	-0.5002	-005.4723
Discharging:	10530.00	03.5173	-0.5002	-005.4869
Discharging:	10560.00	03.5159	-0.5002	-005.5016
Discharging:	10590.00	03.5145	-0.5002	-005.5162
Discharging:	10620.00	03.5131	-0.5002	-005.5309
Discharging:	10650.00	03.5118	-0.5002	-005.5455
Discharging:	10680.00	03.5103	-0.5002	-005.5602
Discharging:	10710.00	03.5090	-0.5002	-005.5748
Discharging:	10740.00	03.5076	-0.5002	-005.5894
Discharging:	10770.00	03.5062	-0.5002	-005.6040
Discharging:	10800.00	03.5047	-0.5002	-005.6186
Discharging:	10830.00	03.5033	-0.5002	-005.6332
Discharging:	10860.00	03.5019	-0.5002	-005.6478
Discharging:	10890.00	03.5005	-0.5002	-005.6624
Discharging:	10920.00	03.4990	-0.5002	-005.6770
Discharging:	10950.00	03.4976	-0.5002	-005.6916
Discharging:	10980.00	03.4962	-0.5002	-005.7062
Discharging:	11010.00	03.4947	-0.5002	-005.7207
Discharging:	11040.00	03.4933	-0.5002	-005.7353
Discharging:	11070.00	03.4918	-0.5002	-005.7499
Discharging:	11100.00	03.4904	-0.5002	-005.7644
Discharging:	11130.00	03.4889	-0.5002	-005.7789
Discharging:	11160.00	03.4874	-0.5002	-005.7935
Discharging:	11190.00	03.4859	-0.5002	-005.8080
Discharging:	11220.00	03.4844	-0.5002	-005.8225
Discharging:	11250.00	03.4829	-0.5002	-005.8371
Discharging:	11280.00	03.4814	-0.5002	-005.8516
Discharging:	11310.00	03.4798	-0.5002	-005.8661
Discharging:	11340.00	03.4783	-0.5002	-005.8806
Discharging:	11370.00	03.4769	-0.5002	-005.8951
Discharging:	11400.00	03.4753	-0.5002	-005.9096
Discharging:	11430.00	03.4737	-0.5002	-005.9240
Discharging:	11460.00	03.4722	-0.5002	-005.9385
Discharging:	11490.00	03.4707	-0.5002	-005.9530
Discharging:	11520.00	03.4691	-0.5002	-005.9674
Discharging:	11550.00	03.4676	-0.5002	-005.9819
Discharging:	11580.00	03.4660	-0.5002	-005.9963
Discharging:	11610.00	03.4645	-0.5002	-006.0108
Discharging:	11640.00	03.4629	-0.5002	-006.0252
Discharging:	11670.00	03.4615	-0.5002	-006.0396
Discharging:	11700.00	03.4599	-0.5002	-006.0541
Discharging:	11730.00	03.4583	-0.5002	-006.0685
Discharging:	11760.00	03.4568	-0.5002	-006.0829
Discharging:	11790.00	03.4553	-0.5002	-006.0973
Discharging:	11820.00	03.4538	-0.5002	-006.1117
Discharging:	11850.00	03.4522	-0.5002	-006.1261
Discharging:	11880.00	03.4507	-0.5002	-006.1405
Discharging:	11910.00	03.4492	-0.5002	-006.1548
Discharging:	11940.00	03.4476	-0.5002	-006.1692
Discharging:	11970.00	03.4460	-0.5002	-006.1836
Discharging:	12000.00	03.4445	-0.5002	-006.1979
Discharging:	12030.00	03.4429	-0.5002	-006.2123
Discharging:	12060.00	03.4413	-0.5002	-006.2266
Discharging:	12090.00	03.4397	-0.5002	-006.2410
Discharging:	12120.00	03.4381	-0.5002	-006.2553
Discharging:	12150.00	03.4365	-0.5002	-006.2696
Discharging:	12180.00	03.4349	-0.5002	-006.2839
Discharging:	12210.00	03.4333	-0.5002	-006.2983
Discharging:	12240.00	03.4316	-0.5002	-006.3126
Discharging:	12270.00	03.4300	-0.5002	-006.3269
Discharging:	12300.00	03.4283	-0.5002	-006.3412
Discharging:	12330.00	03.4266	-0.5002	-006.3554
Discharging:	12360.00	03.4248	-0.5002	-006.3697
Discharging:	12390.00	03.4230	-0.5002	-006.3840
Discharging:	12420.00	03.4211	-0.5002	-006.3982
Discharging:	12450.00	03.4193	-0.5002	-006.4125
Discharging:	12480.00	03.4175	-0.5002	-006.4267
Discharging:	12510.00	03.4156	-0.5002	-006.4410
Discharging:	12540.00	03.4137	-0.5002	-006.4552
Discharging:	12570.00	03.4118	-0.5002	-006.4694
Discharging:	12600.00	03.4098	-0.5002	-006.4836
Discharging:	12630.00	03.4078	-0.5002	-006.4979
Discharging:	12660.00	03.4057	-0.5002	-006.5120
Discharging:	12690.00	03.4036	-0.5002	-006.5262
Discharging:	12720.00	03.4014	-0.5002	-006.5404
Discharging:	12750.00	03.3992	-0.5002	-006.5546
Discharging:	12780.00	03.3969	-0.5002	-006.5687
Discharging:	12810.00	03.3945	-0.5002	-006.5829
Discharging:	12840.00	03.3921	-0.5002	-006.5970
Discharging:	12870.00	03.3895	-0.5002	-006.6112
Discharging:	12900.00	03.3870	-0.5002	-006.6253
Discharging:	12930.00	03.3843	-0.5002	-006.6394
Discharging:	12960.00	03.3815	-0.5002	-006.6535
Discharging:	12990.00	03.3785	-0.5002	-006.6676
Discharging:	13020.00	03.3756	-0.5002	-006.6816
Discharging:	13050.00	03.3725	-0.5002	-006.6957
Discharging:	13080.00	03.3693	-0.5002	-006.7097
Discharging:	13110.00	03.3660	-0.5002	-006.7238
Discharging:	13140.00	03.3624	-0.5002	-006.7378
Discharging:	13170.00	03.3588	-0.5002	-006.7518
Discharging:	13200.00	03.3551	-0.5002	-006.7658
Discharging:	13230.00	03.3512	-0.5002	-006.7797
Discharging:	13260.00	03.3472	-0.5002	-006.7937
Discharging:	13290.00	03.3430	-0.5002	-006.8076
Discharging:	13320.00	03.3386	-0.5002	-006.8215
Discharging:	13350.00	03.3341	-0.5002	-006.8354
Discharging:	13380.00	03.3295	-0.5002	-006.8493
Discharging:	13410.00	03.3247	-0.5002	-006.8632
Discharging:	13440.00	03.3198	-0.5002	-006.8770
Discharging:	13470.00	03.3147	-0.5002	-006.8908
Discharging:	13500.00	03.3095	-0.5002	-006.9046
Discharging:	13530.00	03.3041	-0.5002	-006.9184
Discharging:	13560.00	03.2985	-0.5002	-006.9322
Discharging:	13590.00	03.2928	-0.5002	-006.9459
Discharging:	13620.00	03.2870	-0.5002	-006.9596
Discharging:	13650.00	03.2809	-0.5002	-006.9733
Discharging:	13680.00	03.2748	-0.5002	-006.9869
Discharging:	13710.00	03.2685	-0.5002	-007.0005
Discharging:	13740.00	03.2620	-0.5002	-007.0141
Discharging:	13770.00	03.2554	-0.5002	-007.0277
Discharging:	13800.00	03.2487	-0.5002	-007.0413
Discharging:	13830.00	03.2416	-0.5002	-007.0548
Discharging:	13860.00	03.2344	-0.5002	-007.0682
Discharging:	13890.00	03.2273	-0.5002	-007.0817
Discharging:	13920.00	03.2198	-0.5002	-007.0951
Discharging:	13950.00	03.2122	-0.5002	-007.1085
Discharging:	13980.00	03.2044	-0.5002	-007.1219
Discharging:	14010.00	03.1964	-0.5002	-007.1352
Discharging:	14040.00	03.1881	-0.5002	-007.1485
Discharging:	14070.00	03.1797	-0.5002	-007.1617
Discharging:	14100.00	03.1710	-0.5002	-007.1750
Discharging:	14130.00	03.1622	-0.5002	-007.1881
Discharging:	14160.00	03.1531	-0.5002	-007.2013
Discharging:	14190.00	03.1437	-0.5002	-007.2144
Discharging:	14220.00	03.1341	-0.5002	-007.2274
Discharging:	14250.00	03.1243	-0.5002	-007.2405
Discharging:	14280.00	03.1141	-0.5002	-007.2535
Discharging:	14310.00	03.1037	-0.5002	-007.2664
Discharging:	14340.00	03.0929	-0.5002	-007.2793
Discharging:	14370.00	03.0819	-0.5002	-007.2921
Discharging:	14400.00	03.0703	-0.5002	-007.3049
Discharging:	14430.00	03.0586	-0.5002	-007.3177
Discharging:	14460.00	03.0465	-0.5002	-007.3304
Discharging:	14490.00	03.0339	-0.5002	-007.3430
Discharging:	14520.00	03.0210	-0.5002	-007.3556
Discharging:	14550.00	03.0075	-0.5002	-007.3682
Discharging:	14580.00	02.9936	-0.5002	-007.3806
Recharging:	00030.00	03.0347	00.5008	0000.0127
Recharging:	00060.00	03.1318	00.5004	0000.0257
Recharging:	00090.00	03.1647	00.5005	0000.0389
Recharging:	00120.00	03.1905	00.5005	0000.0522
Recharging:	00150.00	03.2128	00.5005	0000.0656
Recharging:	00180.00	03.2327	00.5005	0000.0791
Recharging:	00210.00	03.2508	00.5005	0000.0927
Recharging:	00240.00	03.2676	00.5004	0000.1063
Recharging:	00270.00	03.2830	00.5004	0000.1200
Recharging:	00300.00	03.2974	00.5005	0000.1337
Recharging:	00330.00	03.3110	00.5005	0000.1475
Recharging:	00360.00	03.3237	00.5005	0000.1614
Recharging:	00390.00	03.3358	00.5005	0000.1753
Recharging:	00420.00	03.3471	00.5005	0000.1893
Recharging:	00450.00	03.3579	00.5004	0000.2033
Recharging:	00480.00	03.3682	00.5004	0000.2173
Recharging:	00510.00	03.3780	00.5004	0000.2314
Recharging:	00540.00	03.3873	00.5005	0000.2455
Recharging:	00570.00	03.3962	00.5005	0000.2597
Recharging:	00600.00	03.4046	00.5005	0000.2739
Recharging:	00630.00	03.4127	00.5005	0000.2881
Recharging:	00660.00	03.4204	00.5004	0000.3024
Recharging:	00690.00	03.4278	00.5005	0000.3167
Recharging:	00720.00	03.4349	00.5005	0000.3310
Recharging:	00750.00	03.4415	00.5005	0000.3454
Recharging:	00780.00	03.4479	00.5004	0000.3598
Recharging:	00810.00	03.4541	00.5005	0000.3742
Recharging:	00840.00	03.4598	00.5004	0000.3886
Recharging:	00870.00	03.4652	00.5005	0000.4030
Recharging:	00900.00	03.4704	00.5005	0000.4175
Recharging:	00930.00	03.4753	00.5005	0000.4320
Recharging:	00960.00	03.4798	00.5005	0000.4465
Recharging:	00990.00	03.4841	00.5005	0000.4611
Recharging:	01020.00	03.4881	00.5005	0000.4756
Recharging:	01050.00	03.4918	00.5005	0000.4902
Recharging:	01080.00	03.4952	00.5005	0000.5047
Recharging:	01110.00	03.4984	00.5005	0000.5193
Recharging:	01140.00	03.5013	00.5005	0000.5339
Recharging:	01170.00	03.5041	00.5005	0000.5485
Recharging:	01200.00	03.5067	00.5005	0000.5632
Recharging:	01230.00	03.5090	00.5004	0000.5778
Recharging:	01260.00	03.5112	00.5005	0000.5924
Recharging:	01290.00	03.5133	00.5005	0000.6071
Recharging:	01320.00	03.5152	00.5005	0000.6218
Recharging:	01350.00	03.5171	00.5005	0000.6364
Recharging:	01380.00	03.5187	00.5005	0000.6511
Recharging:	01410.00	03.5204	00.5005	0000.6658
Recharging:	01440.00	03.5221	00.5005	0000.6805
Recharging:	01470.00	03.5237	00.5005	0000.6952
Recharging:	01500.00	03.5253	00.5005	0000.7099
Recharging:	01530.00	03.5269	00.5004	0000.7246
Recharging:	01560.00	03.5284	00.5005	0000.7393
Recharging:	01590.00	03.5298	00.5005	0000.7540
Recharging:	01620.00	03.5313	00.5005	0000.7687
Recharging:	01650.00	03.5327	00.5005	0000.7835
Recharging:	01680.00	03.5341	00.5005	0000.7982
Recharging:	01710.00	03.5355	00.5005	0000.8130
Recharging:	01740.00	03.5369	00.5005	0000.8277
Recharging:	01770.00	03.5383	00.5005	0000.8425
Recharging:	01800.00	03.5396	00.5005	0000.8572
Recharging:	01830.00	03.5409	00.5005	0000.8720
Recharging:	01860.00	03.5423	00.5005	0000.8868
Recharging:	01890.00	03.5436	00.5005	0000.9016
Recharging:	01920.00	03.5450	00.5005	0000.9163
Recharging:	01950.00	03.5463	00.5005	0000.9311
Recharging:	01980.00	03.5477	00.5005	0000.9459
Recharging:	02010.00	03.5490	00.5005	0000.9607
Recharging:	02040.00	03.5504	00.5005	0000.9755
Recharging:	02070.00	03.5517	00.5005	0000.9904
Recharging:	02100.00	03.5530	00.5005	0001.0052
Recharging:	02130.00	03.5544	00.5005	0001.0200
Recharging:	02160.00	03.5557	00.5005	0001.0348
Recharging:	02190.00	03.5571	00.5005	0001.0497
Recharging:	02220.00	03.5585	00.5005	0001.0645
Recharging:	02250.00	03.5598	00.5005	0001.0793
Recharging:	02280.00	03.5611	00.5004	0001.0942
Recharging:	02310.00	03.5625	00.5005	0001.1091
Recharging:	02340.00	03.5639	00.5005	0001.1239
Recharging:	02370.00	03.5653	00.5005	0001.1388
Recharging:	02400.00	03.5666	00.5005	0001.1537
Recharging:	02430.00	03.5680	00.5005	0001.1685
Recharging:	02460.00	03.5694	00.5005	0001.1834
Recharging:	02490.00	03.5708	00.5005	0001.1983
Recharging:	02520.00	03.5722	00.5005	0001.2132
Recharging:	02550.00	03.5736	00.5004	0001.2281
Recharging:	02580.00	03.5750	00.5005	0001.2430
Recharging:	02610.00	03.5764	00.5005	0001.2580
Recharging:	02640.00	03.5778	00.5005	0001.2729
Recharging:	02670.00	03.5791	00.5005	0001.2878
Recharging:	02700.00	03.5805	00.5005	0001.3027
Recharging:	02730.00	03.5819	00.5005	0001.3177
Recharging:	02760.00	03.5833	00.5005	0001.3326
Recharging:	02790.00	03.5848	00.5005	0001.3476
Recharging:	02820.00	03.5862	00.5005	0001.3625
Recharging:	02850.00	03.5876	00.5005	0001.3775
Recharging:	02880.00	03.5890	00.5005	0001.3925
Recharging:	02910.00	03.5905	00.5005	0001.4074
Recharging:	02940.00	03.5919	00.5005	0001.4224
Recharging:	02970.00	03.5933	00.5005	0001.4374
Recharging:	03000.00	03.5948	00.5005	0001.4524
Recharging:	03030.00	03.5962	00.5005	0001.4674
Recharging:	03060.00	03.5976	00.5005	0001.4824
Recharging:	03090.00	03.5990	00.5005	0001.4974
Recharging:	03120.00	03.6005	00.5005	0001.5124
Recharging:	03150.00	03.6018	00.5005	0001.5274
Recharging:	03180.00	03.6031	00.5005	0001.5425
Recharging:	03210.00	03.6047	00.5005	0001.5575
Recharging:	03240.00	03.6061	00.5005	0001.5725
Recharging:	03270.00	03.6075	00.5005	0001.5876
Recharging:	03300.00	03.6089	00.5005	0001.6026
Recharging:	03330.00	03.6104	00.5005	0001.6177
Recharging:	03360.00	03.6118	00.5005	0001.6328
Recharging:	03390.00	03.6132	00.5005	0001.6478
Recharging:	03420.00	03.6147	00.5005	0001.6629
Recharging:	03450.00	03.6161	00.5005	0001.6780
Recharging:	03480.00	03.6175	00.5005	0001.6931
Recharging:	03510.00	03.6189	00.5005	0001.7082
Recharging:	03540.00	03.6204	00.5005	0001.7233
Recharging:	03570.00	03.6218	00.5005	0001.7384
Recharging:	03600.00	03.6231	00.5005	0001.7535
Recharging:	03630.00	03.6246	00.5005	0001.7686
Recharging:	03660.00	03.6260	00.5005	0001.7837
Recharging:	03690.00	03.6274	00.5005	0001.7989
Recharging:	03720.00	03.6288	00.5005	0001.8140
Recharging:	03750.00	03.6303	00.5005	0001.8291
Recharging:	03780.00	03.6317	00.5005	0001.8443
Recharging:	03810.00	03.6332	00.5005	0001.8594
Recharging:	03840.00	03.6345	00.5005	0001.8746
Recharging:	03870.00	03.6359	00.5005	0001.8898
Recharging:	03900.00	03.6374	00.5005	0001.9049
Recharging:	03930.00	03.6388	00.5005	0001.9201
Recharging:	03960.00	03.6402	00.5005	0001.9353
Recharging:	03990.00	03.6416	00.5005	0001.9505
Recharging:	04020.00	03.6430	00.5005	0001.9657
Recharging:	04050.00	03.6444	00.5005	0001.9809
Recharging:	04080.00	03.6458	00.5005	0001.9961
Recharging:	04110.00	03.6472	00.5005	0002.0113
Recharging:	04140.00	03.6486	00.5005	0002.0265
Recharging:	04170.00	03.6500	00.5005	0002.0417
Recharging:	04200.00	03.6514	00.5005	0002.0569
Recharging:	04230.00	03.6528	00.5005	0002.0722
Recharging:	04260.00	03.6542	00.5005	0002.0874
Recharging:	04290.00	03.6557	00.5005	0002.1027
Recharging:	04320.00	03.6571	00.5005	0002.1179
Recharging:	04350.00	03.6585	00.5005	0002.1332
Recharging:	04380.00	03.6599	00.5005	0002.1484
Recharging:	04410.00	03.6614	00.5005	0002.1637
Recharging:	04440.00	03.6628	00.5005	0002.1790
Recharging:	04470.00	03.6642	00.5005	0002.1943
Recharging:	04500.00	03.6657	00.5005	0002.2096
Recharging:	04530.00	03.6671	00.5004	0002.2249
Recharging:	04560.00	03.6686	00.5005	0002.2402
Recharging:	04590.00	03.6700	00.5005	0002.2555
Recharging:	04620.00	03.6715	00.5005	0002.2708
Recharging:	04650.00	03.6730	00.5005	0002.2861
Recharging:	04680.00	03.6745	00.5005	0002.3014
Recharging:	04710.00	03.6759	00.5005	0002.3167
Recharging:	04740.00	03.6774	00.5005	0002.3321
Recharging:	04770.00	03.6788	00.5005	0002.3474
Recharging:	04800.00	03.6803	00.5005	0002.3628
Recharging:	04830.00	03.6818	00.5005	0002.3781
Recharging:	04860.00	03.6833	00.5005	0002.3935
Recharging:	04890.00	03.6846	00.5005	0002.4089
Recharging:	04920.00	03.6861	00.5005	0002.4242
Recharging:	04950.00	03.6876	00.5004	0002.4396
Recharging:	04980.00	03.6890	00.5005	0002.4550
Recharging:	05010.00	03.6904	00.5005	0002.4704
Recharging:	05040.00	03.6919	00.5005	0002.4858
Recharging:	05070.00	03.6933	00.5005	0002.5012
Recharging:	05100.00	03.6947	00.5005	0002.5166
Recharging:	05130.00	03.6962	00.5005	0002.5320
Recharging:	05160.00	03.6977	00.5005	0002.5474
Recharging:	05190.00	03.6991	00.5005	0002.5629
Recharging:	05220.00	03.7005	00.5005	0002.5783
Recharging:	05250.00	03.7020	00.5005	0002.5937
Recharging:	05280.00	03.7034	00.5005	0002.6092
Recharging:	05310.00	03.7048	00.5005	0002.6246
Recharging:	05340.00	03.7062	00.5005	0002.6401
Recharging:	05370.00	03.7077	00.5005	0002.6556
Recharging:	05400.00	03.7091	00.5005	0002.6710
Recharging:	05430.00	03.7104	00.5005	0002.6865
Recharging:	05460.00	03.7119	00.5005	0002.7020
Recharging:	05490.00	03.7133	00.5005	0002.7175
Recharging:	05520.00	03.7147	00.5005	0002.7330
Recharging:	05550.00	03.7161	00.5005	0002.7485
Recharging:	05580.00	03.7175	00.5005	0002.7640
Recharging:	05610.00	03.7189	00.5005	0002.7795
Recharging:	05640.00	03.7203	00.5005	0002.7950
Recharging:	05670.00	03.7219	00.5005	0002.8105
Recharging:	05700.00	03.7233	00.5005	0002.8260
Recharging:	05730.00	03.7247	00.5005	0002.8416
Recharging:	05760.00	03.7260	00.5005	0002.8571
Recharging:	05790.00	03.7273	00.5005	0002.8727
Recharging:	05820.00	03.7288	00.5005	0002.8882
Recharging:	05850.00	03.7301	00.5005	0002.9038
Recharging:	05880.00	03.7315	00.5005	0002.9193
Recharging:	05910.00	03.7330	00.5005	0002.9349
Recharging:	05940.00	03.7344	00.5005	0002.9505
Recharging:	05970.00	03.7358	00.5005	0002.9661
Recharging:	06000.00	03.7372	00.5005	0002.9816
Recharging:	06030.00	03.7386	00.5005	0002.9972
Recharging:	06060.00	03.7400	00.5005	0003.0128
Recharging:	06090.00	03.7414	00.5005	0003.0284
Recharging:	06120.00	03.7428	00.5005	0003.0440
Recharging:	06150.00	03.7443	00.5005	0003.0597
Recharging:	06180.00	03.7457	00.5005	0003.0753
Recharging:	06210.00	03.7471	00.5005	0003.0909
Recharging:	06240.00	03.7485	00.5005	0003.1065
Recharging:	06270.00	03.7500	00.5005	0003.1222
Recharging:	06300.00	03.7514	00.5005	0003.1378
Recharging:	06330.00	03.7528	00.5005	0003.1535
Recharging:	06360.00	03.7542	00.5005	0003.1691
Recharging:	06390.00	03.7557	00.5005	0003.1848
Recharging:	06420.00	03.7572	00.5005	0003.2005
Recharging:	06450.00	03.7586	00.5005	0003.2161
Recharging:	06480.00	03.7600	00.5005	0003.2318
Recharging:	06510.00	03.7615	00.5005	0003.2475
Recharging:	06540.00	03.7629	00.5005	0003.2632
Recharging:	06570.00	03.7643	00.5005	0003.2789
Recharging:	06600.00	03.7658	00.5005	0003.2946
Recharging:	06630.00	03.7672	00.5005	0003.3103
Recharging:	06660.00	03.7686	00.5005	0003.3260
Recharging:	06690.00	03.7701	00.5005	0003.3418
Recharging:	06720.00	03.7715	00.5005	0003.3575
Recharging:	06750.00	03.7729	00.5005	0003.3732
Recharging:	06780.00	03.7744	00.5005	0003.3890
Recharging:	06810.00	03.7758	00.5005	0003.4047
Recharging:	06840.00	03.7773	00.5005	0003.4205
Recharging:	06870.00	03.7788	00.5005	0003.4362
Recharging:	06900.00	03.7803	00.5005	0003.4520
Recharging:	06930.00	03.7817	00.5005	0003.4678
Recharging:	06960.00	03.7832	00.5005	0003.4836
Recharging:	06990.00	03.7847	00.5005	0003.4993
Recharging:	07020.00	03.7861	00.5005	0003.5151
Recharging:	07050.00	03.7876	00.5005	0003.5309
Recharging:	07080.00	03.7891	00.5005	0003.5467
Recharging:	07110.00	03.7906	00.5005	0003.5625
Recharging:	07140.00	03.7920	00.5005	0003.5784
Recharging:	07170.00	03.7934	00.5005	0003.5942
Recharging:	07200.00	03.7949	00.5005	0003.6100
Recharging:	07230.00	03.7963	00.5005	0003.6258
Recharging:	07260.00	03.7978	00.5005	0003.6417
Recharging:	07290.00	03.7993	00.5005	0003.6575
Recharging:	07320.00	03.8008	00.5005	0003.6734
Recharging:	07350.00	03.8022	00.5005	0003.6892
Recharging:	07380.00	03.8037	00.5005	0003.7051
Recharging:	07410.00	03.8052	00.5005	0003.7210
Recharging:	07440.00	03.8066	00.5005	0003.7368
Recharging:	07470.00	03.8082	00.5005	0003.7527
Recharging:	07500.00	03.8095	00.5005	0003.7686
Recharging:	07530.00	03.8110	00.5005	0003.7845
Recharging:	07560.00	03.8125	00.5005	0003.8004
Recharging:	07590.00	03.8139	00.5005	0003.8163
Recharging:	07620.00	03.8154	00.5004	0003.8322
Recharging:	07650.00	03.8168	00.5005	0003.8481
Recharging:	07680.00	03.8183	00.5005	0003.8641
Recharging:	07710.00	03.8197	00.5005	0003.8800
Recharging:	07740.00	03.8212	00.5005	0003.8959
Recharging:	07770.00	03.8227	00.5005	0003.9119
Recharging:	07800.00	03.8241	00.5005	0003.9278
Recharging:	07830.00	03.8255	00.5005	0003.9438
Recharging:	07860.00	03.8270	00.5005	0003.9597
Recharging:	07890.00	03.8284	00.5005	0003.9757
Recharging:	07920.00	03.8299	00.5005	0003.9917
Recharging:	07950.00	03.8313	00.5004	0004.0077
Recharging:	07980.00	03.8328	00.5005	0004.0236
Recharging:	08010.00	03.8342	00.5005	0004.0396
Recharging:	08040.00	03.8356	00.5005	0004.0556
Recharging:	08070.00	03.8370	00.5005	0004.0716
Recharging:	08100.00	03.8385	00.5005	0004.0876
Recharging:	08130.00	03.8399	00.5005	0004.1037
Recharging:	08160.00	03.8413	00.5005	0004.1197
Recharging:	08190.00	03.8428	00.5005	0004.1357
Recharging:	08220.00	03.8442	00.5005	0004.1517
Recharging:	08250.00	03.8456	00.5005	0004.1678
Recharging:	08280.00	03.8470	00.5005	0004.1838
Recharging:	08310.00	03.8484	00.5005	0004.1999
Recharging:	08340.00	03.8497	00.5005	0004.2159
Recharging:	08370.00	03.8511	00.5005	0004.2320
Recharging:	08400.00	03.8525	00.5005	0004.2481
Recharging:	08430.00	03.8539	00.5005	0004.2641
Recharging:	08460.00	03.8553	00.5005	0004.2802
Recharging:	08490.00	03.8567	00.5005	0004.2963
Recharging:	08520.00	03.8581	00.5005	0004.3124
Recharging:	08550.00	03.8594	00.5005	0004.3285
Recharging:	08580.00	03.8608	00.5005	0004.3446
Recharging:	08610.00	03.8622	00.5005	0004.3607
Recharging:	08640.00	03.8636	00.5005	0004.3768
Recharging:	08670.00	03.8649	00.5005	0004.3929
Recharging:	08700.00	03.8663	00.5005	0004.4090
Recharging:	08730.00	03.8677	00.5005	0004.4252
Recharging:	08760.00	03.8690	00.5005	0004.4413
Recharging:	08790.00	03.8705	00.5005	0004.4575
Recharging:	08820.00	03.8717	00.5005	0004.4736
Recharging:	08850.00	03.8731	00.5004	0004.4898
Recharging:	08880.00	03.8745	00.5005	0004.5059
Recharging:	08910.00	03.8758	00.5005	0004.5221
Recharging:	08940.00	03.8771	00.5005	0004.5382
Recharging:	08970.00	03.8785	00.5005	0004.5544
Recharging:	09000.00	03.8798	00.5005	0004.5706
Recharging:	09030.00	03.8812	00.5005	0004.5868
Recharging:	09060.00	03.8825	00.5005	0004.6030
Recharging:	09090.00	03.8839	00.5004	0004.6192
Recharging:	09120.00	03.8852	00.5005	0004.6354
Recharging:	09150.00	03.8865	00.5005	0004.6516
Recharging:	09180.00	03.8878	00.5005	0004.6678
Recharging:	09210.00	03.8892	00.5005	0004.6840
Recharging:	09240.00	03.8905	00.5005	0004.7003
Recharging:	09270.00	03.8919	00.5005	0004.7165
Recharging:	09300.00	03.8932	00.5005	0004.7327
Recharging:	09330.00	03.8945	00.5005	0004.7490
Recharging:	09360.00	03.8959	00.5005	0004.7652
Recharging:	09390.00	03.8972	00.5005	0004.7815
Recharging:	09420.00	03.8985	00.5005	0004.7977
Recharging:	09450.00	03.8998	00.5005	0004.8140
Recharging:	09480.00	03.9012	00.5005	0004.8303
Recharging:	09510.00	03.9025	00.5005	0004.8465
Recharging:	09540.00	03.9038	00.5005	0004.8628
Recharging:	09570.00	03.9052	00.5005	0004.8791
Recharging:	09600.00	03.9065	00.5005	0004.8954
Recharging:	09630.00	03.9078	00.5005	0004.9117
Recharging:	09660.00	03.9091	00.5005	0004.9280
Recharging:	09690.00	03.9105	00.5005	0004.9443
Recharging:	09720.00	03.9119	00.5005	0004.9606
Recharging:	09750.00	03.9132	00.5005	0004.9769
Recharging:	09780.00	03.9145	00.5004	0004.9933
Recharging:	09810.00	03.9159	00.5005	0005.0096
Recharging:	09840.00	03.9173	00.5005	0005.0259
Recharging:	09870.00	03.9186	00.5005	0005.0423
Recharging:	09900.00	03.9199	00.5005	0005.0586
Recharging:	09930.00	03.9213	00.5005	0005.0750
Recharging:	09960.00	03.9227	00.5005	0005.0913
Recharging:	09990.00	03.9241	00.5004	0005.1077
Recharging:	10020.00	03.9254	00.5005	0005.1241
Recharging:	10050.00	03.9269	00.5005	0005.1405
Recharging:	10080.00	03.9282	00.5005	0005.1568
Recharging:	10110.00	03.9296	00.5005	0005.1732
Recharging:	10140.00	03.9310	00.5005	0005.1896
Recharging:	10170.00	03.9323	00.5005	0005.2060
Recharging:	10200.00	03.9336	00.5005	0005.2224
Recharging:	10230.00	03.9351	00.5005	0005.2388
Recharging:	10260.00	03.9365	00.5005	0005.2553
Recharging:	10290.00	03.9379	00.5005	0005.2717
Recharging:	10320.00	03.9393	00.5005	0005.2881
Recharging:	10350.00	03.9407	00.5005	0005.3045
Recharging:	10380.00	03.9422	00.5005	0005.3210
Recharging:	10410.00	03.9436	00.5005	0005.3374
Recharging:	10440.00	03.9451	00.5005	0005.3539
Recharging:	10470.00	03.9465	00.5005	0005.3703
Recharging:	10500.00	03.9480	00.5005	0005.3868
Recharging:	10530.00	03.9494	00.5005	0005.4033
Recharging:	10560.00	03.9509	00.5005	0005.4198
Recharging:	10590.00	03.9524	00.5005	0005.4362
Recharging:	10620.00	03.9539	00.5005	0005.4527
Recharging:	10650.00	03.9554	00.5005	0005.4692
Recharging:	10680.00	03.9569	00.5005	0005.4857
Recharging:	10710.00	03.9583	00.5005	0005.5022
Recharging:	10740.00	03.9599	00.5005	0005.5188
Recharging:	10770.00	03.9614	00.5005	0005.5353
Recharging:	10800.00	03.9629	00.5005	0005.5518
Recharging:	10830.00	03.9645	00.5005	0005.5683
Recharging:	10860.00	03.9661	00.5005	0005.5849
Recharging:	10890.00	03.9676	00.5005	0005.6014
Recharging:	10920.00	03.9692	00.5005	0005.6180
Recharging:	10950.00	03.9708	00.5005	0005.6345
Recharging:	10980.00	03.9723	00.5005	0005.6511
Recharging:	11010.00	03.9739	00.5004	0005.6677
Recharging:	11040.00	03.9756	00.5005	0005.6843
Recharging:	11070.00	03.9772	00.5005	0005.7009
Recharging:	11100.00	03.9788	00.5005	0005.7174
Recharging:	11130.00	03.9804	00.5005	0005.7340
Recharging:	11160.00	03.9821	00.5005	0005.7507
Recharging:	11190.00	03.9838	00.5005	0005.7673
Recharging:	11220.00	03.9855	00.5005	0005.7839
Recharging:	11250.00	03.9871	00.5005	0005.8005
Recharging:	11280.00	03.9888	00.5005	0005.8172
Recharging:	11310.00	03.9905	00.5005	0005.8338
Recharging:	11340.00	03.9922	00.5005	0005.8504
Recharging:	11370.00	03.9939	00.5005	0005.8671
Recharging:	11400.00	03.9957	00.5005	0005.8838
Recharging:	11430.00	03.9974	00.5005	0005.9004
Recharging:	11460.00	03.9992	00.5005	0005.9171
Recharging:	11490.00	04.0010	00.5005	0005.9338
Recharging:	11520.00	04.0027	00.5005	0005.9505
Recharging:	11550.00	04.0045	00.5005	0005.9672
Recharging:	11580.00	04.0064	00.5005	0005.9839
Recharging:	11610.00	04.0082	00.5005	0006.0006
Recharging:	11640.00	04.0100	00.5005	0006.0174
Recharging:	11670.00	04.0118	00.5005	0006.0341
Recharging:	11700.00	04.0137	00.5005	0006.0508
Recharging:	11730.00	04.0155	00.5005	0006.0676
Recharging:	11760.00	04.0173	00.5005	0006.0843
Recharging:	11790.00	04.0192	00.5005	0006.1011
Recharging:	11820.00	04.0211	00.5005	0006.1179
Recharging:	11850.00	04.0230	00.5005	0006.1346
Recharging:	11880.00	04.0249	00.5005	0006.1514
Recharging:	11910.00	04.0268	00.5005	0006.1682
Recharging:	11940.00	04.0287	00.5005	0006.1850
Recharging:	11970.00	04.0307	00.5005	0006.2018
Recharging:	12000.00	04.0327	00.5005	0006.2187
Recharging:	12030.00	04.0346	00.5005	0006.2355
Recharging:	12060.00	04.0365	00.5005	0006.2523
Recharging:	12090.00	04.0385	00.5005	0006.2692
Recharging:	12120.00	04.0404	00.5005	0006.2860
Recharging:	12150.00	04.0424	00.5005	0006.3029
Recharging:	12180.00	04.0444	00.5005	0006.3197
Recharging:	12210.00	04.0463	00.5005	0006.3366
Recharging:	12240.00	04.0484	00.5005	0006.3535
Recharging:	12270.00	04.0503	00.5005	0006.3704
Recharging:	12300.00	04.0523	00.5005	0006.3873
Recharging:	12330.00	04.0543	00.5005	0006.4042
Recharging:	12360.00	04.0564	00.5004	0006.4211
Recharging:	12390.00	04.0583	00.5004	0006.4380
Recharging:	12420.00	04.0603	00.5005	0006.4550
Recharging:	12450.00	04.0623	00.5005	0006.4719
Recharging:	12480.00	04.0643	00.5005	0006.4889
Recharging:	12510.00	04.0663	00.5005	0006.5058
Recharging:	12540.00	04.0683	00.5005	0006.5228
Recharging:	12570.00	04.0704	00.5005	0006.5398
Recharging:	12600.00	04.0724	00.5005	0006.5567
Recharging:	12630.00	04.0743	00.5005	0006.5737
Recharging:	12660.00	04.0763	00.5005	0006.5907
Recharging:	12690.00	04.0784	00.5005	0006.6078
Recharging:	12720.00	04.0804	00.5005	0006.6248
Recharging:	12750.00	04.0824	00.5005	0006.6418
Recharging:	12780.00	04.0844	00.5004	0006.6588
Recharging:	12810.00	04.0864	00.5005	0006.6759
Recharging:	12840.00	04.0884	00.5005	0006.6929
Recharging:	12870.00	04.0904	00.5005	0006.7100
Recharging:	12900.00	04.0924	00.5005	0006.7270
Recharging:	12930.00	04.0944	00.5005	0006.7441
Recharging:	12960.00	04.0964	00.5005	0006.7612
Recharging:	12990.00	04.0984	00.5005	0006.7783
Recharging:	13020.00	04.1003	00.5005	0006.7954
Recharging:	13050.00	04.1023	00.5005	0006.8125
Recharging:	13080.00	04.1043	00.5005	0006.8296
Recharging:	13110.00	04.1063	00.5005	0006.8468
Recharging:	13140.00	04.1082	00.5005	0006.8639
Recharging:	13170.00	04.1101	00.5005	0006.8810
Recharging:	13200.00	04.1121	00.5005	0006.8982
Recharging:	13230.00	04.1141	00.5005	0006.9153
Recharging:	13260.00	04.1160	00.5004	0006.9325
Recharging:	13290.00	04.1179	00.5005	0006.9497
Recharging:	13320.00	04.1199	00.5005	0006.9669
Recharging:	13350.00	04.1218	00.5005	0006.9841
Recharging:	13380.00	04.1237	00.5005	0007.0012
Recharging:	13410.00	04.1256	00.5005	0007.0185
Recharging:	13440.00	04.1275	00.5005	0007.0357
Recharging:	13470.00	04.1295	00.5005	0007.0529
Recharging:	13500.00	04.1313	00.5005	0007.0701
Recharging:	13530.00	04.1333	00.5005	0007.0874
Recharging:	13560.00	04.1352	00.5005	0007.1046
Recharging:	13590.00	04.1371	00.5005	0007.1219
Recharging:	13620.00	04.1390	00.5005	0007.1391
Recharging:	13650.00	04.1409	00.5005	0007.1564
Recharging:	13680.00	04.1428	00.5005	0007.1737
Recharging:	13710.00	04.1448	00.5005	0007.1910
Recharging:	13740.00	04.1467	00.5005	0007.2082
Recharging:	13770.00	04.1486	00.5005	0007.2256
Recharging:	13800.00	04.1506	00.5005	0007.2429
Recharging:	13830.00	04.1525	00.5005	0007.2602
Recharging:	13860.00	04.1545	00.5005	0007.2775
Recharging:	13890.00	04.1565	00.5005	0007.2948
Recharging:	13920.00	04.1585	00.5005	0007.3122
Recharging:	13950.00	04.1605	00.5005	0007.3295
Recharging:	13980.00	04.1625	00.5005	0007.3469
Recharging:	14010.00	04.1646	00.5005	0007.3643
Recharging:	14040.00	04.1665	00.5005	0007.3816
Recharging:	14070.00	04.1687	00.5005	0007.3990
Recharging:	14100.00	04.1707	00.5005	0007.4164
Recharging:	14130.00	04.1728	00.5005	0007.4338
Recharging:	14160.00	04.1750	00.5005	0007.4512
Recharging:	14190.00	04.1771	00.5005	0007.4687
Recharging:	14220.00	04.1793	00.5005	0007.4861
Recharging:	14250.00	04.1815	00.5005	0007.5035
Recharging:	14280.00	04.1837	00.5005	0007.5210
Recharging:	14310.00	04.1859	00.5005	0007.5384
Recharging:	14340.00	04.1881	00.5005	0007.5559
Recharging:	14370.00	04.1905	00.5005	0007.5734
Recharging:	14400.00	04.1928	00.5005	0007.5909
Recharging:	14430.00	04.1951	00.5005	0007.6084
Recharging:	14460.00	04.1975	00.5005	0007.6259
Recharging:	14490.00	04.1999	00.5005	0007.6434
Recharging:	14520.00	04.2023	00.5005	0007.6609
