Charging:	00030.00	03.9375	00.5011	0000.0164
Charging:	00060.00	03.9565	00.5003	0000.0329
Charging:	00090.00	03.9665	00.5003	0000.0495
Charging:	00120.00	03.9737	00.5003	0000.0660
Charging:	00150.00	03.9794	00.5003	0000.0826
Charging:	00180.00	03.9843	00.5003	0000.0992
Charging:	00210.00	03.9888	00.5003	0000.1159
Charging:	00240.00	03.9929	00.5003	0000.1325
Charging:	00270.00	03.9967	00.5003	0000.1492
Charging:	00300.00	04.0004	00.5003	0000.1659
Charging:	00330.00	04.0040	00.5003	0000.1826
Charging:	00360.00	04.0075	00.5003	0000.1993
Charging:	00390.00	04.0110	00.5003	0000.2160
Charging:	00420.00	04.0144	00.5003	0000.2327
Charging:	00450.00	04.0175	00.5003	0000.2495
Charging:	00480.00	04.0208	00.5003	0000.2662
Charging:	00510.00	04.0240	00.5003	0000.2830
Charging:	00540.00	04.0273	00.5003	0000.2998
Charging:	00570.00	04.0305	00.5003	0000.3166
Charging:	00600.00	04.0337	00.5003	0000.3334
Charging:	00630.00	04.0368	00.5004	0000.3503
Charging:	00660.00	04.0400	00.5004	0000.3671
Charging:	00690.00	04.0430	00.5003	0000.3840
Charging:	00720.00	04.0461	00.5004	0000.4008
Charging:	00750.00	04.0492	00.5004	0000.4177
Charging:	00780.00	04.0523	00.5003	0000.4346
Charging:	00810.00	04.0553	00.5004	0000.4515
Charging:	00840.00	04.0580	00.5004	0000.4685
Charging:	00870.00	04.0610	00.5004	0000.4854
Charging:	00900.00	04.0637	00.5004	0000.5023
Charging:	00930.00	04.0665	00.5004	0000.5193
Charging:	00960.00	04.0691	00.5004	0000.5363
Charging:	00990.00	04.0718	00.5004	0000.5532
Charging:	01020.00	04.0743	00.5004	0000.5702
Charging:	01050.00	04.0768	00.5004	0000.5872
Charging:	01080.00	04.0792	00.5004	0000.6042
Charging:	01110.00	04.0817	00.5004	0000.6213
Charging:	01140.00	04.0840	00.5004	0000.6383
Charging:	01170.00	04.0863	00.5004	0000.6553
Charging:	01200.00	04.0887	00.5004	0000.6724
Charging:	01230.00	04.0909	00.5004	0000.6894
Charging:	01260.00	04.0933	00.5004	0000.7065
Charging:	01290.00	04.0955	00.5004	0000.7236
Charging:	01320.00	04.0977	00.5004	0000.7407
Charging:	01350.00	04.0998	00.5004	0000.7578
Charging:	01380.00	04.1021	00.5004	0000.7749
Charging:	01410.00	04.1042	00.5004	0000.7920
Charging:	01440.00	04.1064	00.5004	0000.8091
Charging:	01470.00	04.1086	00.5004	0000.8262
Charging:	01500.00	04.1109	00.5004	0000.8434
Charging:	01530.00	04.1132	00.5004	0000.8605
Charging:	01560.00	04.1154	00.5004	0000.8777
Charging:	01590.00	04.1177	00.5004	0000.8949
Charging:	01620.00	04.1200	00.5004	0000.9120
Charging:	01650.00	04.1224	00.5004	0000.9292
Charging:	01680.00	04.1247	00.5004	0000.9464
Charging:	01710.00	04.1271	00.5004	0000.9636
Charging:	01740.00	04.1296	00.5004	0000.9809
Charging:	01770.00	04.1321	00.5004	0000.9981
Charging:	01800.00	04.1346	00.5004	0001.0153
Charging:	01830.00	04.1372	00.5004	0001.0326
Charging:	01860.00	04.1398	00.5004	0001.0498
Charging:	01890.00	04.1424	00.5004	0001.0671
Charging:	01920.00	04.1451	00.5004	0001.0844
Charging:	01950.00	04.1479	00.5004	0001.1017
Charging:	01980.00	04.1507	00.5004	0001.1190
Charging:	02010.00	04.1536	00.5004	0001.1363
Charging:	02040.00	04.1565	00.5004	0001.1537
Charging:	02070.00	04.1595	00.5004	0001.1710
Charging:	02100.00	04.1625	00.5004	0001.1884
Charging:	02130.00	04.1656	00.5004	0001.2057
Charging:	02160.00	04.1688	00.5004	0001.2231
Charging:	02190.00	04.1722	00.5004	0001.2405
Charging:	02220.00	04.1755	00.5004	0001.2579
Charging:	02250.00	04.1787	00.5004	0001.2753
Charging:	02280.00	04.1822	00.5004	0001.2928
Charging:	02310.00	04.1857	00.5004	0001.3102
Charging:	02340.00	04.1892	00.5004	0001.3277
Charging:	02370.00	04.1929	00.5004	0001.3452
Charging:	02400.00	04.1966	00.5004	0001.3627
Charging:	02430.00	04.2003	00.5004	0001.3802
---------------------------
TESTING INTERNAL RESISTANCE
voltage while ON =  4.1626
current=-0.5004
OUTPUT OFF
voltage while OFF =  4.1780
Internal resistance =  0.0307 [Ohm]
OUTPUT ON
---------------------------
Discharging:	00030.00	04.1582	-0.5005	-000.0173
Discharging:	00060.00	04.1342	-0.5003	-000.0346
Discharging:	00090.00	04.1231	-0.5003	-000.0518
Discharging:	00120.00	04.1149	-0.5003	-000.0689
Discharging:	00150.00	04.1081	-0.5002	-000.0860
Discharging:	00180.00	04.1021	-0.5003	-000.1031
Discharging:	00210.00	04.0965	-0.5003	-000.1202
Discharging:	00240.00	04.0911	-0.5002	-000.1373
Discharging:	00270.00	04.0861	-0.5003	-000.1543
Discharging:	00300.00	04.0814	-0.5002	-000.1713
Discharging:	00330.00	04.0769	-0.5002	-000.1883
Discharging:	00360.00	04.0725	-0.5003	-000.2053
Discharging:	00390.00	04.0683	-0.5003	-000.2223
Discharging:	00420.00	04.0643	-0.5002	-000.2392
Discharging:	00450.00	04.0604	-0.5002	-000.2561
Discharging:	00480.00	04.0567	-0.5002	-000.2730
Discharging:	00510.00	04.0530	-0.5002	-000.2899
Discharging:	00540.00	04.0493	-0.5002	-000.3068
Discharging:	00570.00	04.0459	-0.5002	-000.3237
Discharging:	00600.00	04.0425	-0.5002	-000.3405
Discharging:	00630.00	04.0392	-0.5002	-000.3574
Discharging:	00660.00	04.0360	-0.5002	-000.3742
Discharging:	00690.00	04.0329	-0.5002	-000.3910
Discharging:	00720.00	04.0299	-0.5002	-000.4078
Discharging:	00750.00	04.0269	-0.5002	-000.4246
Discharging:	00780.00	04.0239	-0.5002	-000.4414
Discharging:	00810.00	04.0210	-0.5003	-000.4581
Discharging:	00840.00	04.0182	-0.5002	-000.4749
Discharging:	00870.00	04.0153	-0.5002	-000.4916
Discharging:	00900.00	04.0126	-0.5002	-000.5083
Discharging:	00930.00	04.0099	-0.5002	-000.5251
Discharging:	00960.00	04.0071	-0.5003	-000.5418
Discharging:	00990.00	04.0043	-0.5002	-000.5585
Discharging:	01020.00	04.0015	-0.5002	-000.5751
Discharging:	01050.00	03.9988	-0.5002	-000.5918
Discharging:	01080.00	03.9960	-0.5002	-000.6085
Discharging:	01110.00	03.9932	-0.5002	-000.6251
Discharging:	01140.00	03.9903	-0.5002	-000.6417
Discharging:	01170.00	03.9874	-0.5002	-000.6584
Discharging:	01200.00	03.9844	-0.5002	-000.6750
Discharging:	01230.00	03.9814	-0.5002	-000.6916
Discharging:	01260.00	03.9783	-0.5002	-000.7082
Discharging:	01290.00	03.9751	-0.5002	-000.7247
Discharging:	01320.00	03.9720	-0.5002	-000.7413
Discharging:	01350.00	03.9687	-0.5003	-000.7578
Discharging:	01380.00	03.9652	-0.5002	-000.7744
Discharging:	01410.00	03.9616	-0.5002	-000.7909
Discharging:	01440.00	03.9579	-0.5002	-000.8074
Discharging:	01470.00	03.9542	-0.5002	-000.8239
Discharging:	01500.00	03.9504	-0.5002	-000.8403
Discharging:	01530.00	03.9465	-0.5002	-000.8568
Discharging:	01560.00	03.9425	-0.5002	-000.8732
Discharging:	01590.00	03.9386	-0.5002	-000.8896
Discharging:	01620.00	03.9346	-0.5002	-000.9060
Discharging:	01650.00	03.9309	-0.5002	-000.9224
Discharging:	01680.00	03.9270	-0.5002	-000.9388
Discharging:	01710.00	03.9233	-0.5002	-000.9551
Discharging:	01740.00	03.9196	-0.5002	-000.9715
Discharging:	01770.00	03.9161	-0.5002	-000.9878
Discharging:	01800.00	03.9126	-0.5002	-001.0041
Discharging:	01830.00	03.9093	-0.5002	-001.0204
Discharging:	01860.00	03.9059	-0.5002	-001.0367
Discharging:	01890.00	03.9027	-0.5002	-001.0530
Discharging:	01920.00	03.8996	-0.5002	-001.0692
Discharging:	01950.00	03.8966	-0.5002	-001.0855
Discharging:	01980.00	03.8937	-0.5002	-001.1017
Discharging:	02010.00	03.8909	-0.5002	-001.1179
Discharging:	02040.00	03.8882	-0.5002	-001.1341
Discharging:	02070.00	03.8854	-0.5002	-001.1503
Discharging:	02100.00	03.8827	-0.5002	-001.1665
Discharging:	02130.00	03.8801	-0.5002	-001.1827
Discharging:	02160.00	03.8774	-0.5002	-001.1988
Discharging:	02190.00	03.8748	-0.5002	-001.2150
Discharging:	02220.00	03.8722	-0.5002	-001.2311
Discharging:	02250.00	03.8696	-0.5002	-001.2473
Discharging:	02280.00	03.8671	-0.5002	-001.2634
Discharging:	02310.00	03.8644	-0.5003	-001.2795
Discharging:	02340.00	03.8619	-0.5002	-001.2956
Discharging:	02370.00	03.8594	-0.5002	-001.3117
Discharging:	02400.00	03.8569	-0.5002	-001.3278
Discharging:	02430.00	03.8545	-0.5002	-001.3438
Discharging:	02460.00	03.8521	-0.5002	-001.3599
Discharging:	02490.00	03.8497	-0.5002	-001.3759
Discharging:	02520.00	03.8473	-0.5002	-001.3920
Discharging:	02550.00	03.8450	-0.5002	-001.4080
Discharging:	02580.00	03.8426	-0.5002	-001.4240
Discharging:	02610.00	03.8402	-0.5002	-001.4400
Discharging:	02640.00	03.8378	-0.5002	-001.4560
Discharging:	02670.00	03.8354	-0.5002	-001.4720
Discharging:	02700.00	03.8331	-0.5002	-001.4880
Discharging:	02730.00	03.8307	-0.5002	-001.5040
Discharging:	02760.00	03.8284	-0.5002	-001.5199
Discharging:	02790.00	03.8260	-0.5002	-001.5359
Discharging:	02820.00	03.8237	-0.5002	-001.5518
Discharging:	02850.00	03.8214	-0.5002	-001.5677
Discharging:	02880.00	03.8191	-0.5002	-001.5837
Discharging:	02910.00	03.8167	-0.5002	-001.5996
Discharging:	02940.00	03.8144	-0.5002	-001.6155
Discharging:	02970.00	03.8120	-0.5002	-001.6314
Discharging:	03000.00	03.8097	-0.5002	-001.6472
Discharging:	03030.00	03.8075	-0.5002	-001.6631
Discharging:	03060.00	03.8051	-0.5002	-001.6790
Discharging:	03090.00	03.8028	-0.5002	-001.6948
Discharging:	03120.00	03.8005	-0.5002	-001.7107
Discharging:	03150.00	03.7980	-0.5002	-001.7265
Discharging:	03180.00	03.7957	-0.5002	-001.7423
Discharging:	03210.00	03.7933	-0.5002	-001.7581
Discharging:	03240.00	03.7909	-0.5002	-001.7739
Discharging:	03270.00	03.7885	-0.5002	-001.7897
Discharging:	03300.00	03.7860	-0.5002	-001.8055
Discharging:	03330.00	03.7836	-0.5002	-001.8213
Discharging:	03360.00	03.7811	-0.5002	-001.8370
Discharging:	03390.00	03.7786	-0.5002	-001.8528
Discharging:	03420.00	03.7761	-0.5002	-001.8685
Discharging:	03450.00	03.7736	-0.5002	-001.8843
Discharging:	03480.00	03.7711	-0.5002	-001.9000
Discharging:	03510.00	03.7685	-0.5002	-001.9157
Discharging:	03540.00	03.7660	-0.5002	-001.9314
Discharging:	03570.00	03.7634	-0.5002	-001.9471
Discharging:	03600.00	03.7607	-0.5002	-001.9628
Discharging:	03630.00	03.7580	-0.5002	-001.9784
Discharging:	03660.00	03.7553	-0.5002	-001.9941
Discharging:	03690.00	03.7525	-0.5002	-002.0097
Discharging:	03720.00	03.7498	-0.5002	-002.0254
Discharging:	03750.00	03.7470	-0.5002	-002.0410
Discharging:	03780.00	03.7442	-0.5002	-002.0566
Discharging:	03810.00	03.7413	-0.5002	-002.0722
Discharging:	03840.00	03.7385	-0.5002	-002.0878
Discharging:	03870.00	03.7355	-0.5002	-002.1033
Discharging:	03900.00	03.7326	-0.5002	-002.1189
Discharging:	03930.00	03.7297	-0.5002	-002.1344
Discharging:	03960.00	03.7266	-0.5002	-002.1500
Discharging:	03990.00	03.7237	-0.5002	-002.1655
Discharging:	04020.00	03.7206	-0.5002	-002.1810
Discharging:	04050.00	03.7175	-0.5002	-002.1965
Discharging:	04080.00	03.7144	-0.5002	-002.2120
Discharging:	04110.00	03.7113	-0.5002	-002.2275
Discharging:	04140.00	03.7082	-0.5002	-002.2429
Discharging:	04170.00	03.7051	-0.5002	-002.2584
Discharging:	04200.00	03.7019	-0.5002	-002.2738
Discharging:	04230.00	03.6986	-0.5002	-002.2892
Discharging:	04260.00	03.6955	-0.5002	-002.3046
Discharging:	04290.00	03.6923	-0.5002	-002.3200
Discharging:	04320.00	03.6891	-0.5002	-002.3354
Discharging:	04350.00	03.6859	-0.5003	-002.3508
Discharging:	04380.00	03.6827	-0.5002	-002.3661
Discharging:	04410.00	03.6795	-0.5002	-002.3814
Discharging:	04440.00	03.6762	-0.5002	-002.3968
Discharging:	04470.00	03.6730	-0.5002	-002.4121
Discharging:	04500.00	03.6698	-0.5002	-002.4274
Discharging:	04530.00	03.6666	-0.5002	-002.4427
Discharging:	04560.00	03.6636	-0.5002	-002.4579
Discharging:	04590.00	03.6605	-0.5003	-002.4732
Discharging:	04620.00	03.6574	-0.5002	-002.4884
Discharging:	04650.00	03.6544	-0.5002	-002.5037
Discharging:	04680.00	03.6513	-0.5002	-002.5189
Discharging:	04710.00	03.6482	-0.5002	-002.5341
Discharging:	04740.00	03.6452	-0.5002	-002.5493
Discharging:	04770.00	03.6424	-0.5002	-002.5645
Discharging:	04800.00	03.6396	-0.5002	-002.5797
Discharging:	04830.00	03.6367	-0.5002	-002.5948
Discharging:	04860.00	03.6339	-0.5002	-002.6100
Discharging:	04890.00	03.6310	-0.5002	-002.6251
Discharging:	04920.00	03.6282	-0.5002	-002.6402
Discharging:	04950.00	03.6255	-0.5002	-002.6553
Discharging:	04980.00	03.6227	-0.5002	-002.6704
Discharging:	05010.00	03.6200	-0.5002	-002.6855
Discharging:	05040.00	03.6174	-0.5002	-002.7006
Discharging:	05070.00	03.6147	-0.5002	-002.7157
Discharging:	05100.00	03.6121	-0.5002	-002.7307
Discharging:	05130.00	03.6096	-0.5002	-002.7458
Discharging:	05160.00	03.6070	-0.5002	-002.7608
Discharging:	05190.00	03.6045	-0.5002	-002.7758
Discharging:	05220.00	03.6020	-0.5002	-002.7909
Discharging:	05250.00	03.5997	-0.5002	-002.8059
Discharging:	05280.00	03.5972	-0.5002	-002.8209
Discharging:	05310.00	03.5948	-0.5002	-002.8358
Discharging:	05340.00	03.5924	-0.5002	-002.8508
Discharging:	05370.00	03.5901	-0.5002	-002.8658
Discharging:	05400.00	03.5877	-0.5002	-002.8807
Discharging:	05430.00	03.5854	-0.5002	-002.8957
Discharging:	05460.00	03.5831	-0.5002	-002.9106
Discharging:	05490.00	03.5808	-0.5002	-002.9255
Discharging:	05520.00	03.5786	-0.5002	-002.9405
Discharging:	05550.00	03.5763	-0.5002	-002.9554
Discharging:	05580.00	03.5740	-0.5002	-002.9703
Discharging:	05610.00	03.5718	-0.5002	-002.9852
Discharging:	05640.00	03.5695	-0.5002	-003.0000
Discharging:	05670.00	03.5673	-0.5002	-003.0149
Discharging:	05700.00	03.5650	-0.5002	-003.0298
Discharging:	05730.00	03.5627	-0.5002	-003.0446
Discharging:	05760.00	03.5604	-0.5002	-003.0595
Discharging:	05790.00	03.5581	-0.5002	-003.0743
Discharging:	05820.00	03.5558	-0.5002	-003.0891
Discharging:	05850.00	03.5534	-0.5002	-003.1039
Discharging:	05880.00	03.5510	-0.5002	-003.1187
Discharging:	05910.00	03.5486	-0.5002	-003.1335
Discharging:	05940.00	03.5462	-0.5002	-003.1483
Discharging:	05970.00	03.5437	-0.5002	-003.1631
Discharging:	06000.00	03.5411	-0.5002	-003.1778
Discharging:	06030.00	03.5387	-0.5002	-003.1926
Discharging:	06060.00	03.5360	-0.5002	-003.2073
Discharging:	06090.00	03.5333	-0.5002	-003.2221
Discharging:	06120.00	03.5306	-0.5002	-003.2368
Discharging:	06150.00	03.5278	-0.5002	-003.2515
Discharging:	06180.00	03.5250	-0.5002	-003.2662
Discharging:	06210.00	03.5222	-0.5002	-003.2809
Discharging:	06240.00	03.5192	-0.5002	-003.2955
Discharging:	06270.00	03.5162	-0.5002	-003.3102
Discharging:	06300.00	03.5132	-0.5002	-003.3248
Discharging:	06330.00	03.5100	-0.5002	-003.3395
Discharging:	06360.00	03.5068	-0.5002	-003.3541
Discharging:	06390.00	03.5035	-0.5002	-003.3687
Discharging:	06420.00	03.5002	-0.5002	-003.3833
Discharging:	06450.00	03.4968	-0.5002	-003.3979
Discharging:	06480.00	03.4935	-0.5002	-003.4124
Discharging:	06510.00	03.4903	-0.5002	-003.4270
Discharging:	06540.00	03.4874	-0.5002	-003.4415
Discharging:	06570.00	03.4846	-0.5002	-003.4560
Discharging:	06600.00	03.4821	-0.5002	-003.4706
Discharging:	06630.00	03.4798	-0.5002	-003.4851
Discharging:	06660.00	03.4777	-0.5003	-003.4996
Discharging:	06690.00	03.4761	-0.5002	-003.5140
Discharging:	06720.00	03.4743	-0.5002	-003.5285
Discharging:	06750.00	03.4726	-0.5002	-003.5430
Discharging:	06780.00	03.4709	-0.5003	-003.5575
Discharging:	06810.00	03.4692	-0.5002	-003.5719
Discharging:	06840.00	03.4675	-0.5002	-003.5864
Discharging:	06870.00	03.4658	-0.5002	-003.6008
Discharging:	06900.00	03.4640	-0.5003	-003.6153
Discharging:	06930.00	03.4621	-0.5002	-003.6297
Discharging:	06960.00	03.4603	-0.5002	-003.6441
Discharging:	06990.00	03.4583	-0.5002	-003.6586
Discharging:	07020.00	03.4563	-0.5002	-003.6730
Discharging:	07050.00	03.4543	-0.5002	-003.6874
Discharging:	07080.00	03.4520	-0.5002	-003.7017
Discharging:	07110.00	03.4499	-0.5003	-003.7161
Discharging:	07140.00	03.4475	-0.5003	-003.7305
Discharging:	07170.00	03.4452	-0.5003	-003.7449
Discharging:	07200.00	03.4428	-0.5002	-003.7592
Discharging:	07230.00	03.4403	-0.5002	-003.7736
Discharging:	07260.00	03.4376	-0.5003	-003.7879
Discharging:	07290.00	03.4350	-0.5002	-003.8022
Discharging:	07320.00	03.4321	-0.5002	-003.8165
Discharging:	07350.00	03.4292	-0.5002	-003.8308
Discharging:	07380.00	03.4260	-0.5002	-003.8451
Discharging:	07410.00	03.4227	-0.5002	-003.8594
Discharging:	07440.00	03.4190	-0.5002	-003.8736
Discharging:	07470.00	03.4150	-0.5003	-003.8878
Discharging:	07500.00	03.4106	-0.5002	-003.9021
Discharging:	07530.00	03.4055	-0.5002	-003.9163
Discharging:	07560.00	03.3996	-0.5002	-003.9304
Discharging:	07590.00	03.3927	-0.5002	-003.9446
Discharging:	07620.00	03.3847	-0.5002	-003.9587
Discharging:	07650.00	03.3756	-0.5002	-003.9728
Discharging:	07680.00	03.3654	-0.5002	-003.9868
Discharging:	07710.00	03.3538	-0.5002	-004.0008
Discharging:	07740.00	03.3410	-0.5002	-004.0147
Discharging:	07770.00	03.3267	-0.5003	-004.0286
Discharging:	07800.00	03.3114	-0.5002	-004.0424
Discharging:	07830.00	03.2949	-0.5002	-004.0561
Discharging:	07860.00	03.2774	-0.5003	-004.0698
Discharging:	07890.00	03.2586	-0.5003	-004.0833
Discharging:	07920.00	03.2386	-0.5002	-004.0968
Discharging:	07950.00	03.2170	-0.5002	-004.1103
Discharging:	07980.00	03.1937	-0.5002	-004.1236
Discharging:	08010.00	03.1684	-0.5002	-004.1368
Discharging:	08040.00	03.1410	-0.5002	-004.1499
Discharging:	08070.00	03.1104	-0.5002	-004.1628
Discharging:	08100.00	03.0768	-0.5002	-004.1757
Discharging:	08130.00	03.0390	-0.5002	-004.1883
Discharging:	08160.00	02.9960	-0.5002	-004.2008
Recharging:	00030.00	03.0309	00.5007	0000.0126
Recharging:	00060.00	03.1384	00.5004	0000.0257
Recharging:	00090.00	03.1859	00.5004	0000.0390
Recharging:	00120.00	03.2234	00.5004	0000.0525
Recharging:	00150.00	03.2553	00.5004	0000.0660
Recharging:	00180.00	03.2834	00.5004	0000.0797
Recharging:	00210.00	03.3088	00.5004	0000.0935
Recharging:	00240.00	03.3319	00.5004	0000.1074
Recharging:	00270.00	03.3533	00.5003	0000.1214
Recharging:	00300.00	03.3731	00.5004	0000.1355
Recharging:	00330.00	03.3914	00.5004	0000.1496
Recharging:	00360.00	03.4086	00.5004	0000.1638
Recharging:	00390.00	03.4247	00.5004	0000.1781
Recharging:	00420.00	03.4398	00.5004	0000.1924
Recharging:	00450.00	03.4541	00.5004	0000.2068
Recharging:	00480.00	03.4674	00.5004	0000.2213
Recharging:	00510.00	03.4800	00.5004	0000.2358
Recharging:	00540.00	03.4920	00.5004	0000.2504
Recharging:	00570.00	03.5031	00.5004	0000.2650
Recharging:	00600.00	03.5135	00.5004	0000.2796
Recharging:	00630.00	03.5229	00.5004	0000.2943
Recharging:	00660.00	03.5300	00.5004	0000.3090
Recharging:	00690.00	03.5347	00.5004	0000.3238
Recharging:	00720.00	03.5377	00.5004	0000.3385
Recharging:	00750.00	03.5399	00.5004	0000.3533
Recharging:	00780.00	03.5417	00.5004	0000.3681
Recharging:	00810.00	03.5433	00.5004	0000.3828
Recharging:	00840.00	03.5449	00.5004	0000.3976
Recharging:	00870.00	03.5465	00.5004	0000.4124
Recharging:	00900.00	03.5481	00.5004	0000.4272
Recharging:	00930.00	03.5498	00.5004	0000.4420
Recharging:	00960.00	03.5514	00.5004	0000.4568
Recharging:	00990.00	03.5531	00.5004	0000.4716
Recharging:	01020.00	03.5548	00.5004	0000.4864
Recharging:	01050.00	03.5565	00.5004	0000.5013
Recharging:	01080.00	03.5582	00.5004	0000.5161
Recharging:	01110.00	03.5600	00.5004	0000.5310
Recharging:	01140.00	03.5617	00.5004	0000.5458
Recharging:	01170.00	03.5635	00.5004	0000.5607
Recharging:	01200.00	03.5652	00.5004	0000.5755
Recharging:	01230.00	03.5670	00.5004	0000.5904
Recharging:	01260.00	03.5688	00.5004	0000.6053
Recharging:	01290.00	03.5706	00.5004	0000.6202
Recharging:	01320.00	03.5725	00.5004	0000.6351
Recharging:	01350.00	03.5744	00.5004	0000.6500
Recharging:	01380.00	03.5763	00.5004	0000.6649
Recharging:	01410.00	03.5783	00.5004	0000.6798
Recharging:	01440.00	03.5803	00.5004	0000.6947
Recharging:	01470.00	03.5823	00.5004	0000.7097
Recharging:	01500.00	03.5845	00.5004	0000.7246
Recharging:	01530.00	03.5867	00.5004	0000.7396
Recharging:	01560.00	03.5891	00.5004	0000.7546
Recharging:	01590.00	03.5915	00.5004	0000.7695
Recharging:	01620.00	03.5939	00.5004	0000.7845
Recharging:	01650.00	03.5966	00.5004	0000.7995
Recharging:	01680.00	03.5992	00.5004	0000.8145
Recharging:	01710.00	03.6017	00.5004	0000.8295
Recharging:	01740.00	03.6045	00.5004	0000.8446
Recharging:	01770.00	03.6072	00.5004	0000.8596
Recharging:	01800.00	03.6101	00.5004	0000.8747
Recharging:	01830.00	03.6129	00.5004	0000.8897
Recharging:	01860.00	03.6158	00.5004	0000.9048
Recharging:	01890.00	03.6187	00.5004	0000.9199
Recharging:	01920.00	03.6215	00.5004	0000.9350
Recharging:	01950.00	03.6243	00.5004	0000.9501
Recharging:	01980.00	03.6272	00.5004	0000.9652
Recharging:	02010.00	03.6300	00.5004	0000.9804
Recharging:	02040.00	03.6329	00.5004	0000.9955
Recharging:	02070.00	03.6357	00.5004	0001.0107
Recharging:	02100.00	03.6385	00.5004	0001.0259
Recharging:	02130.00	03.6412	00.5004	0001.0410
Recharging:	02160.00	03.6438	00.5004	0001.0562
Recharging:	02190.00	03.6466	00.5004	0001.0714
Recharging:	02220.00	03.6493	00.5004	0001.0867
Recharging:	02250.00	03.6521	00.5004	0001.1019
Recharging:	02280.00	03.6550	00.5004	0001.1171
Recharging:	02310.00	03.6578	00.5004	0001.1324
Recharging:	02340.00	03.6606	00.5004	0001.1476
Recharging:	02370.00	03.6635	00.5004	0001.1629
Recharging:	02400.00	03.6664	00.5004	0001.1782
Recharging:	02430.00	03.6692	00.5004	0001.1935
Recharging:	02460.00	03.6722	00.5004	0001.2088
Recharging:	02490.00	03.6751	00.5004	0001.2241
Recharging:	02520.00	03.6781	00.5004	0001.2395
Recharging:	02550.00	03.6811	00.5004	0001.2548
Recharging:	02580.00	03.6839	00.5004	0001.2702
Recharging:	02610.00	03.6867	00.5004	0001.2856
Recharging:	02640.00	03.6893	00.5004	0001.3010
Recharging:	02670.00	03.6919	00.5004	0001.3163
Recharging:	02700.00	03.6945	00.5004	0001.3318
Recharging:	02730.00	03.6969	00.5004	0001.3472
Recharging:	02760.00	03.6993	00.5004	0001.3626
Recharging:	02790.00	03.7016	00.5004	0001.3780
Recharging:	02820.00	03.7038	00.5004	0001.3935
Recharging:	02850.00	03.7062	00.5004	0001.4089
Recharging:	02880.00	03.7084	00.5004	0001.4244
Recharging:	02910.00	03.7106	00.5004	0001.4399
Recharging:	02940.00	03.7128	00.5004	0001.4553
Recharging:	02970.00	03.7151	00.5004	0001.4708
Recharging:	03000.00	03.7174	00.5004	0001.4863
Recharging:	03030.00	03.7196	00.5004	0001.5018
Recharging:	03060.00	03.7221	00.5004	0001.5174
Recharging:	03090.00	03.7245	00.5004	0001.5329
Recharging:	03120.00	03.7269	00.5004	0001.5484
Recharging:	03150.00	03.7294	00.5004	0001.5640
Recharging:	03180.00	03.7319	00.5004	0001.5796
Recharging:	03210.00	03.7345	00.5004	0001.5951
Recharging:	03240.00	03.7371	00.5004	0001.6107
Recharging:	03270.00	03.7399	00.5004	0001.6263
Recharging:	03300.00	03.7426	00.5004	0001.6419
Recharging:	03330.00	03.7454	00.5004	0001.6575
Recharging:	03360.00	03.7482	00.5004	0001.6732
Recharging:	03390.00	03.7511	00.5004	0001.6888
Recharging:	03420.00	03.7540	00.5004	0001.7045
Recharging:	03450.00	03.7571	00.5004	0001.7201
Recharging:	03480.00	03.7602	00.5004	0001.7358
Recharging:	03510.00	03.7633	00.5004	0001.7515
Recharging:	03540.00	03.7664	00.5004	0001.7672
Recharging:	03570.00	03.7695	00.5004	0001.7829
Recharging:	03600.00	03.7727	00.5004	0001.7986
Recharging:	03630.00	03.7759	00.5004	0001.8144
Recharging:	03660.00	03.7793	00.5004	0001.8302
Recharging:	03690.00	03.7826	00.5004	0001.8459
Recharging:	03720.00	03.7859	00.5004	0001.8617
Recharging:	03750.00	03.7893	00.5004	0001.8775
Recharging:	03780.00	03.7927	00.5004	0001.8933
Recharging:	03810.00	03.7961	00.5004	0001.9092
Recharging:	03840.00	03.7995	00.5004	0001.9250
Recharging:	03870.00	03.8030	00.5004	0001.9409
Recharging:	03900.00	03.8064	00.5004	0001.9567
Recharging:	03930.00	03.8097	00.5004	0001.9726
Recharging:	03960.00	03.8131	00.5004	0001.9885
Recharging:	03990.00	03.8165	00.5004	0002.0044
Recharging:	04020.00	03.8199	00.5004	0002.0204
Recharging:	04050.00	03.8233	00.5004	0002.0363
Recharging:	04080.00	03.8267	00.5004	0002.0523
Recharging:	04110.00	03.8301	00.5004	0002.0682
Recharging:	04140.00	03.8334	00.5004	0002.0842
Recharging:	04170.00	03.8367	00.5004	0002.1002
Recharging:	04200.00	03.8401	00.5004	0002.1162
Recharging:	04230.00	03.8433	00.5004	0002.1323
Recharging:	04260.00	03.8465	00.5004	0002.1483
Recharging:	04290.00	03.8497	00.5004	0002.1643
Recharging:	04320.00	03.8528	00.5004	0002.1804
Recharging:	04350.00	03.8558	00.5004	0002.1965
Recharging:	04380.00	03.8589	00.5004	0002.2126
Recharging:	04410.00	03.8619	00.5004	0002.2287
Recharging:	04440.00	03.8650	00.5004	0002.2448
Recharging:	04470.00	03.8680	00.5004	0002.2609
Recharging:	04500.00	03.8709	00.5004	0002.2771
Recharging:	04530.00	03.8738	00.5004	0002.2932
Recharging:	04560.00	03.8766	00.5004	0002.3094
Recharging:	04590.00	03.8793	00.5004	0002.3256
Recharging:	04620.00	03.8821	00.5004	0002.3418
Recharging:	04650.00	03.8849	00.5004	0002.3580
Recharging:	04680.00	03.8875	00.5004	0002.3742
Recharging:	04710.00	03.8902	00.5004	0002.3904
Recharging:	04740.00	03.8926	00.5004	0002.4066
Recharging:	04770.00	03.8953	00.5004	0002.4229
Recharging:	04800.00	03.8978	00.5004	0002.4391
Recharging:	04830.00	03.9004	00.5004	0002.4554
Recharging:	04860.00	03.9030	00.5004	0002.4717
Recharging:	04890.00	03.9055	00.5004	0002.4879
Recharging:	04920.00	03.9082	00.5004	0002.5042
Recharging:	04950.00	03.9108	00.5004	0002.5205
Recharging:	04980.00	03.9132	00.5004	0002.5369
Recharging:	05010.00	03.9157	00.5004	0002.5532
Recharging:	05040.00	03.9181	00.5004	0002.5695
Recharging:	05070.00	03.9206	00.5004	0002.5859
Recharging:	05100.00	03.9231	00.5004	0002.6022
Recharging:	05130.00	03.9255	00.5004	0002.6186
Recharging:	05160.00	03.9280	00.5004	0002.6350
Recharging:	05190.00	03.9304	00.5004	0002.6514
Recharging:	05220.00	03.9328	00.5004	0002.6678
Recharging:	05250.00	03.9352	00.5004	0002.6842
Recharging:	05280.00	03.9377	00.5004	0002.7006
Recharging:	05310.00	03.9401	00.5004	0002.7170
Recharging:	05340.00	03.9425	00.5004	0002.7335
Recharging:	05370.00	03.9450	00.5004	0002.7499
Recharging:	05400.00	03.9474	00.5004	0002.7664
Recharging:	05430.00	03.9498	00.5004	0002.7829
Recharging:	05460.00	03.9523	00.5004	0002.7993
Recharging:	05490.00	03.9547	00.5004	0002.8158
Recharging:	05520.00	03.9573	00.5004	0002.8323
Recharging:	05550.00	03.9597	00.5004	0002.8488
Recharging:	05580.00	03.9622	00.5004	0002.8654
Recharging:	05610.00	03.9647	00.5004	0002.8819
Recharging:	05640.00	03.9673	00.5004	0002.8984
Recharging:	05670.00	03.9698	00.5004	0002.9150
Recharging:	05700.00	03.9723	00.5004	0002.9316
Recharging:	05730.00	03.9748	00.5004	0002.9481
Recharging:	05760.00	03.9774	00.5004	0002.9647
Recharging:	05790.00	03.9799	00.5004	0002.9813
Recharging:	05820.00	03.9826	00.5004	0002.9979
Recharging:	05850.00	03.9853	00.5004	0003.0145
Recharging:	05880.00	03.9880	00.5004	0003.0312
Recharging:	05910.00	03.9907	00.5004	0003.0478
Recharging:	05940.00	03.9933	00.5004	0003.0645
Recharging:	05970.00	03.9961	00.5004	0003.0811
Recharging:	06000.00	03.9989	00.5004	0003.0978
Recharging:	06030.00	04.0018	00.5004	0003.1145
Recharging:	06060.00	04.0046	00.5004	0003.1312
Recharging:	06090.00	04.0075	00.5004	0003.1479
Recharging:	06120.00	04.0104	00.5004	0003.1646
Recharging:	06150.00	04.0133	00.5004	0003.1813
Recharging:	06180.00	04.0162	00.5004	0003.1981
Recharging:	06210.00	04.0192	00.5004	0003.2149
Recharging:	06240.00	04.0221	00.5004	0003.2316
Recharging:	06270.00	04.0251	00.5004	0003.2484
Recharging:	06300.00	04.0281	00.5004	0003.2652
Recharging:	06330.00	04.0312	00.5004	0003.2820
Recharging:	06360.00	04.0342	00.5004	0003.2988
Recharging:	06390.00	04.0372	00.5004	0003.3157
Recharging:	06420.00	04.0403	00.5004	0003.3325
Recharging:	06450.00	04.0432	00.5004	0003.3494
Recharging:	06480.00	04.0462	00.5004	0003.3663
Recharging:	06510.00	04.0493	00.5004	0003.3831
Recharging:	06540.00	04.0523	00.5004	0003.4000
Recharging:	06570.00	04.0553	00.5004	0003.4169
Recharging:	06600.00	04.0580	00.5004	0003.4339
Recharging:	06630.00	04.0610	00.5004	0003.4508
Recharging:	06660.00	04.0637	00.5004	0003.4677
Recharging:	06690.00	04.0664	00.5004	0003.4847
Recharging:	06720.00	04.0691	00.5004	0003.5017
Recharging:	06750.00	04.0717	00.5004	0003.5187
Recharging:	06780.00	04.0741	00.5004	0003.5356
Recharging:	06810.00	04.0766	00.5004	0003.5526
Recharging:	06840.00	04.0790	00.5004	0003.5696
Recharging:	06870.00	04.0814	00.5004	0003.5867
Recharging:	06900.00	04.0836	00.5004	0003.6037
Recharging:	06930.00	04.0859	00.5004	0003.6207
Recharging:	06960.00	04.0881	00.5004	0003.6378
Recharging:	06990.00	04.0903	00.5004	0003.6548
Recharging:	07020.00	04.0926	00.5004	0003.6719
Recharging:	07050.00	04.0948	00.5004	0003.6890
Recharging:	07080.00	04.0969	00.5004	0003.7061
Recharging:	07110.00	04.0990	00.5004	0003.7232
Recharging:	07140.00	04.1012	00.5004	0003.7403
Recharging:	07170.00	04.1033	00.5004	0003.7574
Recharging:	07200.00	04.1055	00.5004	0003.7745
Recharging:	07230.00	04.1076	00.5004	0003.7916
Recharging:	07260.00	04.1099	00.5004	0003.8087
Recharging:	07290.00	04.1121	00.5004	0003.8259
Recharging:	07320.00	04.1144	00.5004	0003.8431
Recharging:	07350.00	04.1167	00.5004	0003.8602
Recharging:	07380.00	04.1190	00.5004	0003.8774
Recharging:	07410.00	04.1214	00.5004	0003.8946
Recharging:	07440.00	04.1238	00.5004	0003.9118
Recharging:	07470.00	04.1262	00.5004	0003.9290
Recharging:	07500.00	04.1286	00.5004	0003.9462
Recharging:	07530.00	04.1312	00.5004	0003.9634
Recharging:	07560.00	04.1338	00.5004	0003.9807
Recharging:	07590.00	04.1364	00.5004	0003.9979
Recharging:	07620.00	04.1390	00.5004	0004.0152
Recharging:	07650.00	04.1417	00.5004	0004.0324
Recharging:	07680.00	04.1445	00.5004	0004.0497
Recharging:	07710.00	04.1473	00.5004	0004.0670
Recharging:	07740.00	04.1503	00.5004	0004.0843
Recharging:	07770.00	04.1532	00.5004	0004.1016
Recharging:	07800.00	04.1562	00.5004	0004.1190
Recharging:	07830.00	04.1593	00.5004	0004.1363
Recharging:	07860.00	04.1623	00.5004	0004.1537
Recharging:	07890.00	04.1655	00.5004	0004.1710
Recharging:	07920.00	04.1689	00.5004	0004.1884
Recharging:	07950.00	04.1722	00.5004	0004.2058
Recharging:	07980.00	04.1756	00.5004	0004.2232
Recharging:	08010.00	04.1791	00.5004	0004.2407
Recharging:	08040.00	04.1826	00.5004	0004.2581
Recharging:	08070.00	04.1862	00.5004	0004.2756
Recharging:	08100.00	04.1899	00.5004	0004.2930
Recharging:	08130.00	04.1936	00.5004	0004.3105
Recharging:	08160.00	04.1974	00.5004	0004.3280
Recharging:	08190.00	04.2012	00.5004	0004.3455
