Charging:	00030.00	01.5184	00.5013	0000.0063
Charging:	00060.00	01.5368	00.5004	0000.0128
Charging:	00090.00	01.5461	00.5004	0000.0192
Charging:	00120.00	01.5538	00.5004	0000.0257
Charging:	00150.00	01.5602	00.5004	0000.0322
Charging:	00180.00	01.5658	00.5004	0000.0387
Charging:	00210.00	01.5707	00.5004	0000.0453
Charging:	00240.00	01.5749	00.5004	0000.0518
Charging:	00270.00	01.5786	00.5004	0000.0584
Charging:	00300.00	01.5820	00.5004	0000.0650
---------------------------
TESTING INTERNAL RESISTANCE
voltage while ON =  1.3665
current=-0.5002
OUTPUT OFF
voltage while OFF =  1.4684
Internal resistance =  0.2037 [Ohm]
OUTPUT ON
---------------------------
Discharging:	00030.00	01.3612	-0.5002	-000.0057
Discharging:	00060.00	01.3329	-0.5000	-000.0112
Discharging:	00090.00	01.3191	-0.5000	-000.0167
Discharging:	00120.00	01.3086	-0.5000	-000.0222
Discharging:	00150.00	01.3000	-0.5000	-000.0276
Discharging:	00180.00	01.2927	-0.5000	-000.0330
Discharging:	00210.00	01.2865	-0.5000	-000.0383
Discharging:	00240.00	01.2811	-0.5000	-000.0437
Discharging:	00270.00	01.2762	-0.5000	-000.0490
Discharging:	00300.00	01.2718	-0.5000	-000.0543
Discharging:	00330.00	01.2678	-0.5000	-000.0596
Discharging:	00360.00	01.2642	-0.5000	-000.0648
Discharging:	00390.00	01.2609	-0.5000	-000.0701
Discharging:	00420.00	01.2578	-0.5000	-000.0753
Discharging:	00450.00	01.2550	-0.5000	-000.0806
Discharging:	00480.00	01.2524	-0.5000	-000.0858
Discharging:	00510.00	01.2499	-0.5000	-000.0910
Discharging:	00540.00	01.2475	-0.5000	-000.0962
Discharging:	00570.00	01.2453	-0.5000	-000.1014
Discharging:	00600.00	01.2432	-0.5000	-000.1066
Discharging:	00630.00	01.2412	-0.5000	-000.1117
Discharging:	00660.00	01.2394	-0.5000	-000.1169
Discharging:	00690.00	01.2376	-0.5000	-000.1220
Discharging:	00720.00	01.2358	-0.5000	-000.1272
Discharging:	00750.00	01.2341	-0.5000	-000.1323
Discharging:	00780.00	01.2324	-0.5000	-000.1375
Discharging:	00810.00	01.2308	-0.5000	-000.1426
Discharging:	00840.00	01.2293	-0.5000	-000.1477
Discharging:	00870.00	01.2278	-0.5000	-000.1528
Discharging:	00900.00	01.2263	-0.5000	-000.1579
Discharging:	00930.00	01.2249	-0.5000	-000.1631
Discharging:	00960.00	01.2236	-0.5000	-000.1682
Discharging:	00990.00	01.2222	-0.5000	-000.1732
Discharging:	01020.00	01.2207	-0.5000	-000.1783
Discharging:	01050.00	01.2195	-0.5000	-000.1834
Discharging:	01080.00	01.2183	-0.5000	-000.1885
Discharging:	01110.00	01.2170	-0.5000	-000.1936
Discharging:	01140.00	01.2158	-0.5000	-000.1986
Discharging:	01170.00	01.2147	-0.5000	-000.2037
Discharging:	01200.00	01.2135	-0.5000	-000.2087
Discharging:	01230.00	01.2124	-0.5000	-000.2138
Discharging:	01260.00	01.2113	-0.5000	-000.2188
Discharging:	01290.00	01.2102	-0.5000	-000.2239
Discharging:	01320.00	01.2092	-0.5000	-000.2289
Discharging:	01350.00	01.2081	-0.5000	-000.2340
Discharging:	01380.00	01.2071	-0.5000	-000.2390
Discharging:	01410.00	01.2061	-0.5000	-000.2440
Discharging:	01440.00	01.2051	-0.5000	-000.2490
Discharging:	01470.00	01.2041	-0.5000	-000.2540
Discharging:	01500.00	01.2032	-0.5000	-000.2591
Discharging:	01530.00	01.2023	-0.5000	-000.2641
Discharging:	01560.00	01.2014	-0.5000	-000.2691
Discharging:	01590.00	01.2005	-0.5000	-000.2741
Discharging:	01620.00	01.1996	-0.5000	-000.2791
Discharging:	01650.00	01.1988	-0.5000	-000.2841
Discharging:	01680.00	01.1980	-0.5000	-000.2891
Discharging:	01710.00	01.1972	-0.5000	-000.2941
Discharging:	01740.00	01.1963	-0.5000	-000.2990
Discharging:	01770.00	01.1955	-0.5000	-000.3040
Discharging:	01800.00	01.1948	-0.5000	-000.3090
Discharging:	01830.00	01.1941	-0.5000	-000.3140
Discharging:	01860.00	01.1934	-0.5000	-000.3189
Discharging:	01890.00	01.1925	-0.5000	-000.3239
Discharging:	01920.00	01.1918	-0.5000	-000.3289
Discharging:	01950.00	01.1912	-0.5000	-000.3338
Discharging:	01980.00	01.1904	-0.5000	-000.3388
Discharging:	02010.00	01.1898	-0.5000	-000.3438
Discharging:	02040.00	01.1891	-0.5000	-000.3487
Discharging:	02070.00	01.1884	-0.5000	-000.3537
Discharging:	02100.00	01.1878	-0.5000	-000.3586
Discharging:	02130.00	01.1872	-0.5000	-000.3636
Discharging:	02160.00	01.1866	-0.5000	-000.3685
Discharging:	02190.00	01.1859	-0.5000	-000.3734
Discharging:	02220.00	01.1853	-0.5000	-000.3784
Discharging:	02250.00	01.1849	-0.5000	-000.3833
Discharging:	02280.00	01.1844	-0.5000	-000.3883
Discharging:	02310.00	01.1838	-0.5000	-000.3932
Discharging:	02340.00	01.1832	-0.5000	-000.3981
Discharging:	02370.00	01.1827	-0.5000	-000.4030
Discharging:	02400.00	01.1821	-0.5000	-000.4080
Discharging:	02430.00	01.1816	-0.5000	-000.4129
Discharging:	02460.00	01.1812	-0.5000	-000.4178
Discharging:	02490.00	01.1806	-0.5000	-000.4227
Discharging:	02520.00	01.1800	-0.5000	-000.4277
Discharging:	02550.00	01.1796	-0.5000	-000.4326
Discharging:	02580.00	01.1792	-0.5000	-000.4375
Discharging:	02610.00	01.1787	-0.5000	-000.4424
Discharging:	02640.00	01.1783	-0.5000	-000.4473
Discharging:	02670.00	01.1779	-0.5000	-000.4522
Discharging:	02700.00	01.1775	-0.5000	-000.4571
Discharging:	02730.00	01.1770	-0.5000	-000.4620
Discharging:	02760.00	01.1766	-0.5000	-000.4669
Discharging:	02790.00	01.1762	-0.5000	-000.4718
Discharging:	02820.00	01.1759	-0.5000	-000.4767
Discharging:	02850.00	01.1756	-0.5000	-000.4816
Discharging:	02880.00	01.1752	-0.5000	-000.4865
Discharging:	02910.00	01.1749	-0.5000	-000.4914
Discharging:	02940.00	01.1746	-0.5000	-000.4963
Discharging:	02970.00	01.1743	-0.5000	-000.5012
Discharging:	03000.00	01.1739	-0.5000	-000.5061
Discharging:	03030.00	01.1736	-0.5000	-000.5110
Discharging:	03060.00	01.1733	-0.5000	-000.5159
Discharging:	03090.00	01.1729	-0.5000	-000.5208
Discharging:	03120.00	01.1727	-0.5000	-000.5256
Discharging:	03150.00	01.1726	-0.5000	-000.5305
Discharging:	03180.00	01.1722	-0.5000	-000.5354
Discharging:	03210.00	01.1719	-0.5000	-000.5403
Discharging:	03240.00	01.1716	-0.5000	-000.5452
Discharging:	03270.00	01.1714	-0.5000	-000.5501
Discharging:	03300.00	01.1712	-0.5001	-000.5549
Discharging:	03330.00	01.1710	-0.5000	-000.5598
Discharging:	03360.00	01.1709	-0.5000	-000.5647
Discharging:	03390.00	01.1707	-0.5000	-000.5696
Discharging:	03420.00	01.1705	-0.5000	-000.5745
Discharging:	03450.00	01.1703	-0.5000	-000.5793
Discharging:	03480.00	01.1701	-0.5000	-000.5842
Discharging:	03510.00	01.1700	-0.5000	-000.5891
Discharging:	03540.00	01.1700	-0.5000	-000.5940
Discharging:	03570.00	01.1699	-0.5000	-000.5988
Discharging:	03600.00	01.1697	-0.5000	-000.6037
Discharging:	03630.00	01.1695	-0.5000	-000.6086
Discharging:	03660.00	01.1693	-0.5000	-000.6135
Discharging:	03690.00	01.1693	-0.5000	-000.6183
Discharging:	03720.00	01.1692	-0.5000	-000.6232
Discharging:	03750.00	01.1691	-0.5000	-000.6281
Discharging:	03780.00	01.1690	-0.5000	-000.6329
Discharging:	03810.00	01.1689	-0.5000	-000.6378
Discharging:	03840.00	01.1689	-0.5000	-000.6427
Discharging:	03870.00	01.1687	-0.5000	-000.6476
Discharging:	03900.00	01.1687	-0.5000	-000.6524
Discharging:	03930.00	01.1686	-0.5000	-000.6573
Discharging:	03960.00	01.1686	-0.5001	-000.6622
Discharging:	03990.00	01.1686	-0.5000	-000.6670
Discharging:	04020.00	01.1685	-0.5000	-000.6719
Discharging:	04050.00	01.1685	-0.5001	-000.6768
Discharging:	04080.00	01.1684	-0.5001	-000.6816
Discharging:	04110.00	01.1683	-0.5000	-000.6865
Discharging:	04140.00	01.1682	-0.5000	-000.6914
Discharging:	04170.00	01.1681	-0.5001	-000.6962
Discharging:	04200.00	01.1681	-0.5001	-000.7011
Discharging:	04230.00	01.1682	-0.5000	-000.7060
Discharging:	04260.00	01.1682	-0.5000	-000.7109
Discharging:	04290.00	01.1681	-0.5000	-000.7157
Discharging:	04320.00	01.1680	-0.5000	-000.7206
Discharging:	04350.00	01.1680	-0.5001	-000.7255
Discharging:	04380.00	01.1680	-0.5000	-000.7303
Discharging:	04410.00	01.1680	-0.5000	-000.7352
Discharging:	04440.00	01.1680	-0.5000	-000.7401
Discharging:	04470.00	01.1681	-0.5001	-000.7449
Discharging:	04500.00	01.1680	-0.5001	-000.7498
Discharging:	04530.00	01.1680	-0.5001	-000.7547
Discharging:	04560.00	01.1680	-0.5000	-000.7595
Discharging:	04590.00	01.1680	-0.5001	-000.7644
Discharging:	04620.00	01.1680	-0.5001	-000.7693
Discharging:	04650.00	01.1681	-0.5001	-000.7741
Discharging:	04680.00	01.1681	-0.5001	-000.7790
Discharging:	04710.00	01.1681	-0.5001	-000.7839
Discharging:	04740.00	01.1682	-0.5001	-000.7887
Discharging:	04770.00	01.1682	-0.5001	-000.7936
Discharging:	04800.00	01.1681	-0.5001	-000.7985
Discharging:	04830.00	01.1682	-0.5001	-000.8033
Discharging:	04860.00	01.1682	-0.5001	-000.8082
Discharging:	04890.00	01.1682	-0.5000	-000.8131
Discharging:	04920.00	01.1681	-0.5001	-000.8179
Discharging:	04950.00	01.1680	-0.5001	-000.8228
Discharging:	04980.00	01.1681	-0.5001	-000.8277
Discharging:	05010.00	01.1681	-0.5001	-000.8325
Discharging:	05040.00	01.1682	-0.5001	-000.8374
Discharging:	05070.00	01.1682	-0.5000	-000.8423
Discharging:	05100.00	01.1682	-0.5000	-000.8471
Discharging:	05130.00	01.1682	-0.5001	-000.8520
Discharging:	05160.00	01.1681	-0.5001	-000.8569
Discharging:	05190.00	01.1682	-0.5000	-000.8617
Discharging:	05220.00	01.1682	-0.5001	-000.8666
Discharging:	05250.00	01.1681	-0.5001	-000.8715
Discharging:	05280.00	01.1681	-0.5001	-000.8763
Discharging:	05310.00	01.1681	-0.5000	-000.8812
Discharging:	05340.00	01.1680	-0.5001	-000.8861
Discharging:	05370.00	01.1680	-0.5001	-000.8909
Discharging:	05400.00	01.1680	-0.5001	-000.8958
Discharging:	05430.00	01.1680	-0.5000	-000.9007
Discharging:	05460.00	01.1680	-0.5001	-000.9056
Discharging:	05490.00	01.1680	-0.5001	-000.9104
Discharging:	05520.00	01.1680	-0.5001	-000.9153
Discharging:	05550.00	01.1680	-0.5001	-000.9202
Discharging:	05580.00	01.1680	-0.5001	-000.9250
Discharging:	05610.00	01.1680	-0.5001	-000.9299
Discharging:	05640.00	01.1679	-0.5001	-000.9348
Discharging:	05670.00	01.1680	-0.5001	-000.9396
Discharging:	05700.00	01.1679	-0.5000	-000.9445
Discharging:	05730.00	01.1680	-0.5001	-000.9494
Discharging:	05760.00	01.1680	-0.5001	-000.9542
Discharging:	05790.00	01.1679	-0.5001	-000.9591
Discharging:	05820.00	01.1679	-0.5001	-000.9640
Discharging:	05850.00	01.1679	-0.5001	-000.9688
Discharging:	05880.00	01.1678	-0.5001	-000.9737
Discharging:	05910.00	01.1678	-0.5001	-000.9786
Discharging:	05940.00	01.1678	-0.5000	-000.9834
Discharging:	05970.00	01.1677	-0.5001	-000.9883
Discharging:	06000.00	01.1677	-0.5000	-000.9932
Discharging:	06030.00	01.1677	-0.5001	-000.9980
Discharging:	06060.00	01.1677	-0.5000	-001.0029
Discharging:	06090.00	01.1676	-0.5000	-001.0078
Discharging:	06120.00	01.1676	-0.5001	-001.0126
Discharging:	06150.00	01.1675	-0.5000	-001.0175
Discharging:	06180.00	01.1674	-0.5001	-001.0223
Discharging:	06210.00	01.1674	-0.5001	-001.0272
Discharging:	06240.00	01.1674	-0.5001	-001.0321
Discharging:	06270.00	01.1673	-0.5000	-001.0369
Discharging:	06300.00	01.1673	-0.5000	-001.0418
Discharging:	06330.00	01.1672	-0.5001	-001.0467
Discharging:	06360.00	01.1672	-0.5001	-001.0515
Discharging:	06390.00	01.1671	-0.5001	-001.0564
Discharging:	06420.00	01.1670	-0.5001	-001.0613
Discharging:	06450.00	01.1669	-0.5001	-001.0661
Discharging:	06480.00	01.1669	-0.5001	-001.0710
Discharging:	06510.00	01.1668	-0.5000	-001.0758
Discharging:	06540.00	01.1667	-0.5001	-001.0807
Discharging:	06570.00	01.1667	-0.5001	-001.0856
Discharging:	06600.00	01.1666	-0.5001	-001.0904
Discharging:	06630.00	01.1665	-0.5001	-001.0953
Discharging:	06660.00	01.1664	-0.5001	-001.1002
Discharging:	06690.00	01.1663	-0.5001	-001.1050
Discharging:	06720.00	01.1663	-0.5001	-001.1099
Discharging:	06750.00	01.1661	-0.5001	-001.1147
Discharging:	06780.00	01.1660	-0.5001	-001.1196
Discharging:	06810.00	01.1659	-0.5001	-001.1245
Discharging:	06840.00	01.1657	-0.5001	-001.1293
Discharging:	06870.00	01.1657	-0.5001	-001.1342
Discharging:	06900.00	01.1656	-0.5001	-001.1390
Discharging:	06930.00	01.1655	-0.5001	-001.1439
Discharging:	06960.00	01.1653	-0.5001	-001.1487
Discharging:	06990.00	01.1652	-0.5001	-001.1536
Discharging:	07020.00	01.1650	-0.5001	-001.1584
Discharging:	07050.00	01.1649	-0.5001	-001.1633
Discharging:	07080.00	01.1648	-0.5001	-001.1682
Discharging:	07110.00	01.1646	-0.5001	-001.1730
Discharging:	07140.00	01.1645	-0.5001	-001.1779
Discharging:	07170.00	01.1643	-0.5001	-001.1827
Discharging:	07200.00	01.1642	-0.5001	-001.1876
Discharging:	07230.00	01.1641	-0.5001	-001.1924
Discharging:	07260.00	01.1640	-0.5001	-001.1973
Discharging:	07290.00	01.1638	-0.5001	-001.2021
Discharging:	07320.00	01.1637	-0.5001	-001.2070
Discharging:	07350.00	01.1635	-0.5000	-001.2118
Discharging:	07380.00	01.1633	-0.5001	-001.2167
Discharging:	07410.00	01.1631	-0.5001	-001.2215
Discharging:	07440.00	01.1630	-0.5001	-001.2264
Discharging:	07470.00	01.1628	-0.5001	-001.2312
Discharging:	07500.00	01.1626	-0.5001	-001.2360
Discharging:	07530.00	01.1624	-0.5000	-001.2409
Discharging:	07560.00	01.1623	-0.5001	-001.2457
Discharging:	07590.00	01.1621	-0.5000	-001.2506
Discharging:	07620.00	01.1619	-0.5001	-001.2554
Discharging:	07650.00	01.1616	-0.5001	-001.2603
Discharging:	07680.00	01.1615	-0.5001	-001.2651
Discharging:	07710.00	01.1613	-0.5001	-001.2699
Discharging:	07740.00	01.1611	-0.5001	-001.2748
Discharging:	07770.00	01.1609	-0.5001	-001.2796
Discharging:	07800.00	01.1607	-0.5001	-001.2845
Discharging:	07830.00	01.1604	-0.5000	-001.2893
Discharging:	07860.00	01.1602	-0.5001	-001.2941
Discharging:	07890.00	01.1600	-0.5001	-001.2990
Discharging:	07920.00	01.1598	-0.5001	-001.3038
Discharging:	07950.00	01.1596	-0.5001	-001.3086
Discharging:	07980.00	01.1594	-0.5001	-001.3135
Discharging:	08010.00	01.1591	-0.5001	-001.3183
Discharging:	08040.00	01.1589	-0.5001	-001.3231
Discharging:	08070.00	01.1586	-0.5001	-001.3279
Discharging:	08100.00	01.1584	-0.5001	-001.3328
Discharging:	08130.00	01.1581	-0.5001	-001.3376
Discharging:	08160.00	01.1578	-0.5001	-001.3424
Discharging:	08190.00	01.1576	-0.5001	-001.3472
Discharging:	08220.00	01.1574	-0.5001	-001.3521
Discharging:	08250.00	01.1571	-0.5001	-001.3569
Discharging:	08280.00	01.1569	-0.5001	-001.3617
Discharging:	08310.00	01.1566	-0.5001	-001.3665
Discharging:	08340.00	01.1563	-0.5001	-001.3714
Discharging:	08370.00	01.1560	-0.5001	-001.3762
Discharging:	08400.00	01.1557	-0.5001	-001.3810
Discharging:	08430.00	01.1554	-0.5001	-001.3858
Discharging:	08460.00	01.1551	-0.5000	-001.3906
Discharging:	08490.00	01.1548	-0.5001	-001.3954
Discharging:	08520.00	01.1544	-0.5001	-001.4002
Discharging:	08550.00	01.1541	-0.5000	-001.4050
Discharging:	08580.00	01.1537	-0.5000	-001.4099
Discharging:	08610.00	01.1534	-0.5001	-001.4147
Discharging:	08640.00	01.1530	-0.5001	-001.4195
Discharging:	08670.00	01.1526	-0.5001	-001.4243
Discharging:	08700.00	01.1522	-0.5001	-001.4291
Discharging:	08730.00	01.1518	-0.5001	-001.4339
Discharging:	08760.00	01.1514	-0.5001	-001.4387
Discharging:	08790.00	01.1510	-0.5001	-001.4435
Discharging:	08820.00	01.1505	-0.5001	-001.4483
Discharging:	08850.00	01.1501	-0.5001	-001.4530
Discharging:	08880.00	01.1496	-0.5001	-001.4578
Discharging:	08910.00	01.1492	-0.5001	-001.4626
Discharging:	08940.00	01.1486	-0.5001	-001.4674
Discharging:	08970.00	01.1481	-0.5001	-001.4722
Discharging:	09000.00	01.1476	-0.5001	-001.4770
Discharging:	09030.00	01.1471	-0.5001	-001.4818
Discharging:	09060.00	01.1465	-0.5001	-001.4865
Discharging:	09090.00	01.1460	-0.5001	-001.4913
Discharging:	09120.00	01.1454	-0.5001	-001.4961
Discharging:	09150.00	01.1447	-0.5001	-001.5009
Discharging:	09180.00	01.1440	-0.5001	-001.5056
Discharging:	09210.00	01.1433	-0.5000	-001.5104
Discharging:	09240.00	01.1425	-0.5000	-001.5152
Discharging:	09270.00	01.1417	-0.5001	-001.5199
Discharging:	09300.00	01.1408	-0.5001	-001.5247
Discharging:	09330.00	01.1399	-0.5001	-001.5294
Discharging:	09360.00	01.1389	-0.5001	-001.5342
Discharging:	09390.00	01.1377	-0.5001	-001.5389
Discharging:	09420.00	01.1366	-0.5001	-001.5436
Discharging:	09450.00	01.1353	-0.5001	-001.5484
Discharging:	09480.00	01.1340	-0.5000	-001.5531
Discharging:	09510.00	01.1324	-0.5001	-001.5578
Discharging:	09540.00	01.1308	-0.5001	-001.5625
Discharging:	09570.00	01.1290	-0.5001	-001.5672
Discharging:	09600.00	01.1269	-0.5001	-001.5719
Discharging:	09630.00	01.1247	-0.5001	-001.5766
Discharging:	09660.00	01.1222	-0.5001	-001.5813
Discharging:	09690.00	01.1194	-0.5001	-001.5860
Discharging:	09720.00	01.1162	-0.5001	-001.5906
Discharging:	09750.00	01.1125	-0.5001	-001.5952
Discharging:	09780.00	01.1081	-0.5001	-001.5999
Discharging:	09810.00	01.1022	-0.5000	-001.6045
Discharging:	09840.00	01.0932	-0.5001	-001.6090
Discharging:	09870.00	01.0751	-0.5000	-001.6135
Discharging:	09900.00	01.0254	-0.5001	-001.6178
Discharging:	09930.00	00.9500	-0.4021	-001.6209
Recharging:	00030.00	01.3722	00.5007	0000.0057
Recharging:	00060.00	01.3763	00.5003	0000.0115
Recharging:	00090.00	01.3826	00.5003	0000.0172
Recharging:	00120.00	01.3877	00.5003	0000.0230
Recharging:	00150.00	01.3923	00.5003	0000.0288
Recharging:	00180.00	01.3963	00.5004	0000.0346
Recharging:	00210.00	01.3997	00.5003	0000.0405
Recharging:	00240.00	01.4029	00.5003	0000.0463
Recharging:	00270.00	01.4056	00.5004	0000.0522
Recharging:	00300.00	01.4082	00.5004	0000.0581
Recharging:	00330.00	01.4106	00.5003	0000.0639
Recharging:	00360.00	01.4127	00.5004	0000.0698
Recharging:	00390.00	01.4148	00.5003	0000.0757
Recharging:	00420.00	01.4169	00.5003	0000.0816
Recharging:	00450.00	01.4189	00.5004	0000.0876
Recharging:	00480.00	01.4208	00.5003	0000.0935
Recharging:	00510.00	01.4224	00.5003	0000.0994
Recharging:	00540.00	01.4242	00.5003	0000.1053
Recharging:	00570.00	01.4258	00.5004	0000.1113
Recharging:	00600.00	01.4273	00.5003	0000.1172
Recharging:	00630.00	01.4287	00.5004	0000.1232
Recharging:	00660.00	01.4302	00.5004	0000.1292
Recharging:	00690.00	01.4316	00.5004	0000.1351
Recharging:	00720.00	01.4329	00.5004	0000.1411
Recharging:	00750.00	01.4342	00.5004	0000.1471
Recharging:	00780.00	01.4355	00.5004	0000.1531
Recharging:	00810.00	01.4367	00.5004	0000.1591
Recharging:	00840.00	01.4379	00.5003	0000.1651
Recharging:	00870.00	01.4391	00.5004	0000.1711
Recharging:	00900.00	01.4402	00.5004	0000.1771
Recharging:	00930.00	01.4412	00.5004	0000.1831
Recharging:	00960.00	01.4423	00.5004	0000.1891
Recharging:	00990.00	01.4433	00.5004	0000.1951
Recharging:	01020.00	01.4443	00.5003	0000.2011
Recharging:	01050.00	01.4452	00.5004	0000.2072
Recharging:	01080.00	01.4461	00.5004	0000.2132
Recharging:	01110.00	01.4471	00.5004	0000.2192
Recharging:	01140.00	01.4479	00.5004	0000.2253
Recharging:	01170.00	01.4488	00.5004	0000.2313
Recharging:	01200.00	01.4496	00.5003	0000.2373
Recharging:	01230.00	01.4505	00.5004	0000.2434
Recharging:	01260.00	01.4513	00.5004	0000.2494
Recharging:	01290.00	01.4521	00.5004	0000.2555
Recharging:	01320.00	01.4529	00.5004	0000.2616
Recharging:	01350.00	01.4536	00.5004	0000.2676
Recharging:	01380.00	01.4544	00.5004	0000.2737
Recharging:	01410.00	01.4551	00.5004	0000.2797
Recharging:	01440.00	01.4558	00.5004	0000.2858
Recharging:	01470.00	01.4565	00.5004	0000.2919
Recharging:	01500.00	01.4572	00.5004	0000.2980
Recharging:	01530.00	01.4579	00.5004	0000.3040
Recharging:	01560.00	01.4586	00.5004	0000.3101
Recharging:	01590.00	01.4592	00.5004	0000.3162
Recharging:	01620.00	01.4599	00.5004	0000.3223
Recharging:	01650.00	01.4605	00.5004	0000.3284
Recharging:	01680.00	01.4611	00.5004	0000.3345
Recharging:	01710.00	01.4617	00.5003	0000.3406
Recharging:	01740.00	01.4623	00.5004	0000.3467
Recharging:	01770.00	01.4629	00.5004	0000.3528
Recharging:	01800.00	01.4634	00.5004	0000.3589
Recharging:	01830.00	01.4640	00.5004	0000.3650
Recharging:	01860.00	01.4646	00.5003	0000.3711
Recharging:	01890.00	01.4652	00.5004	0000.3772
Recharging:	01920.00	01.4657	00.5004	0000.3833
Recharging:	01950.00	01.4662	00.5003	0000.3894
Recharging:	01980.00	01.4668	00.5004	0000.3955
Recharging:	02010.00	01.4672	00.5003	0000.4017
Recharging:	02040.00	01.4678	00.5003	0000.4078
Recharging:	02070.00	01.4683	00.5004	0000.4139
Recharging:	02100.00	01.4687	00.5004	0000.4200
Recharging:	02130.00	01.4692	00.5004	0000.4261
Recharging:	02160.00	01.4697	00.5004	0000.4323
Recharging:	02190.00	01.4702	00.5004	0000.4384
Recharging:	02220.00	01.4706	00.5004	0000.4445
Recharging:	02250.00	01.4711	00.5004	0000.4507
Recharging:	02280.00	01.4715	00.5004	0000.4568
Recharging:	02310.00	01.4720	00.5004	0000.4629
Recharging:	02340.00	01.4724	00.5004	0000.4691
Recharging:	02370.00	01.4727	00.5004	0000.4752
Recharging:	02400.00	01.4731	00.5003	0000.4814
Recharging:	02430.00	01.4735	00.5004	0000.4875
Recharging:	02460.00	01.4739	00.5004	0000.4937
Recharging:	02490.00	01.4743	00.5004	0000.4998
Recharging:	02520.00	01.4747	00.5004	0000.5060
Recharging:	02550.00	01.4751	00.5003	0000.5121
Recharging:	02580.00	01.4754	00.5004	0000.5183
Recharging:	02610.00	01.4758	00.5004	0000.5244
Recharging:	02640.00	01.4762	00.5004	0000.5306
Recharging:	02670.00	01.4765	00.5004	0000.5367
Recharging:	02700.00	01.4769	00.5003	0000.5429
Recharging:	02730.00	01.4772	00.5004	0000.5490
Recharging:	02760.00	01.4776	00.5004	0000.5552
Recharging:	02790.00	01.4779	00.5004	0000.5614
Recharging:	02820.00	01.4783	00.5004	0000.5675
Recharging:	02850.00	01.4786	00.5004	0000.5737
Recharging:	02880.00	01.4789	00.5004	0000.5799
Recharging:	02910.00	01.4792	00.5004	0000.5860
Recharging:	02940.00	01.4795	00.5003	0000.5922
Recharging:	02970.00	01.4798	00.5004	0000.5984
Recharging:	03000.00	01.4801	00.5004	0000.6045
Recharging:	03030.00	01.4804	00.5003	0000.6107
Recharging:	03060.00	01.4807	00.5004	0000.6169
Recharging:	03090.00	01.4810	00.5004	0000.6231
Recharging:	03120.00	01.4813	00.5004	0000.6292
Recharging:	03150.00	01.4817	00.5004	0000.6354
Recharging:	03180.00	01.4819	00.5004	0000.6416
Recharging:	03210.00	01.4822	00.5003	0000.6478
Recharging:	03240.00	01.4825	00.5004	0000.6540
Recharging:	03270.00	01.4828	00.5004	0000.6601
Recharging:	03300.00	01.4830	00.5004	0000.6663
Recharging:	03330.00	01.4833	00.5004	0000.6725
Recharging:	03360.00	01.4836	00.5004	0000.6787
Recharging:	03390.00	01.4838	00.5003	0000.6849
Recharging:	03420.00	01.4841	00.5004	0000.6911
Recharging:	03450.00	01.4843	00.5004	0000.6973
Recharging:	03480.00	01.4845	00.5004	0000.7035
Recharging:	03510.00	01.4847	00.5004	0000.7096
Recharging:	03540.00	01.4850	00.5004	0000.7158
Recharging:	03570.00	01.4853	00.5004	0000.7220
Recharging:	03600.00	01.4855	00.5004	0000.7282
Recharging:	03630.00	01.4858	00.5004	0000.7344
Recharging:	03660.00	01.4860	00.5004	0000.7406
Recharging:	03690.00	01.4863	00.5004	0000.7468
Recharging:	03720.00	01.4865	00.5004	0000.7530
Recharging:	03750.00	01.4867	00.5004	0000.7592
Recharging:	03780.00	01.4870	00.5004	0000.7654
Recharging:	03810.00	01.4872	00.5004	0000.7716
Recharging:	03840.00	01.4873	00.5004	0000.7778
Recharging:	03870.00	01.4876	00.5004	0000.7840
Recharging:	03900.00	01.4878	00.5004	0000.7902
Recharging:	03930.00	01.4880	00.5004	0000.7964
Recharging:	03960.00	01.4882	00.5004	0000.8026
Recharging:	03990.00	01.4884	00.5004	0000.8088
Recharging:	04020.00	01.4886	00.5004	0000.8150
Recharging:	04050.00	01.4888	00.5004	0000.8213
Recharging:	04080.00	01.4890	00.5003	0000.8275
Recharging:	04110.00	01.4893	00.5003	0000.8337
Recharging:	04140.00	01.4894	00.5003	0000.8399
Recharging:	04170.00	01.4897	00.5004	0000.8461
Recharging:	04200.00	01.4898	00.5004	0000.8523
Recharging:	04230.00	01.4901	00.5004	0000.8585
Recharging:	04260.00	01.4903	00.5004	0000.8647
Recharging:	04290.00	01.4904	00.5003	0000.8709
Recharging:	04320.00	01.4907	00.5003	0000.8772
Recharging:	04350.00	01.4909	00.5004	0000.8834
Recharging:	04380.00	01.4911	00.5004	0000.8896
Recharging:	04410.00	01.4913	00.5004	0000.8958
Recharging:	04440.00	01.4915	00.5004	0000.9020
Recharging:	04470.00	01.4917	00.5004	0000.9083
Recharging:	04500.00	01.4919	00.5003	0000.9145
Recharging:	04530.00	01.4921	00.5003	0000.9207
Recharging:	04560.00	01.4924	00.5004	0000.9269
Recharging:	04590.00	01.4926	00.5004	0000.9331
Recharging:	04620.00	01.4928	00.5004	0000.9394
Recharging:	04650.00	01.4930	00.5003	0000.9456
Recharging:	04680.00	01.4932	00.5004	0000.9518
Recharging:	04710.00	01.4934	00.5003	0000.9580
Recharging:	04740.00	01.4936	00.5004	0000.9643
Recharging:	04770.00	01.4938	00.5004	0000.9705
Recharging:	04800.00	01.4940	00.5004	0000.9767
Recharging:	04830.00	01.4942	00.5003	0000.9830
Recharging:	04860.00	01.4944	00.5004	0000.9892
Recharging:	04890.00	01.4947	00.5004	0000.9954
Recharging:	04920.00	01.4948	00.5004	0001.0017
Recharging:	04950.00	01.4950	00.5004	0001.0079
Recharging:	04980.00	01.4952	00.5004	0001.0141
Recharging:	05010.00	01.4954	00.5004	0001.0204
Recharging:	05040.00	01.4956	00.5003	0001.0266
Recharging:	05070.00	01.4958	00.5004	0001.0328
Recharging:	05100.00	01.4961	00.5004	0001.0391
Recharging:	05130.00	01.4962	00.5004	0001.0453
Recharging:	05160.00	01.4964	00.5004	0001.0516
Recharging:	05190.00	01.4967	00.5004	0001.0578
Recharging:	05220.00	01.4969	00.5004	0001.0640
Recharging:	05250.00	01.4971	00.5004	0001.0703
Recharging:	05280.00	01.4973	00.5004	0001.0765
Recharging:	05310.00	01.4976	00.5004	0001.0828
Recharging:	05340.00	01.4977	00.5004	0001.0890
Recharging:	05370.00	01.4980	00.5004	0001.0953
Recharging:	05400.00	01.4982	00.5004	0001.1015
Recharging:	05430.00	01.4984	00.5004	0001.1078
Recharging:	05460.00	01.4986	00.5004	0001.1140
Recharging:	05490.00	01.4988	00.5004	0001.1202
Recharging:	05520.00	01.4990	00.5004	0001.1265
Recharging:	05550.00	01.4993	00.5004	0001.1328
Recharging:	05580.00	01.4995	00.5004	0001.1390
Recharging:	05610.00	01.4997	00.5004	0001.1453
Recharging:	05640.00	01.5000	00.5003	0001.1515
Recharging:	05670.00	01.5002	00.5004	0001.1578
Recharging:	05700.00	01.5004	00.5004	0001.1640
Recharging:	05730.00	01.5007	00.5004	0001.1703
Recharging:	05760.00	01.5009	00.5004	0001.1765
Recharging:	05790.00	01.5012	00.5004	0001.1828
Recharging:	05820.00	01.5014	00.5004	0001.1891
Recharging:	05850.00	01.5017	00.5004	0001.1953
Recharging:	05880.00	01.5019	00.5003	0001.2016
Recharging:	05910.00	01.5022	00.5004	0001.2078
Recharging:	05940.00	01.5024	00.5004	0001.2141
Recharging:	05970.00	01.5027	00.5003	0001.2204
Recharging:	06000.00	01.5029	00.5003	0001.2266
Recharging:	06030.00	01.5032	00.5003	0001.2329
Recharging:	06060.00	01.5034	00.5004	0001.2392
Recharging:	06090.00	01.5037	00.5004	0001.2454
Recharging:	06120.00	01.5039	00.5004	0001.2517
Recharging:	06150.00	01.5042	00.5004	0001.2580
Recharging:	06180.00	01.5045	00.5003	0001.2643
Recharging:	06210.00	01.5048	00.5004	0001.2705
Recharging:	06240.00	01.5050	00.5004	0001.2768
Recharging:	06270.00	01.5052	00.5004	0001.2831
Recharging:	06300.00	01.5055	00.5003	0001.2894
Recharging:	06330.00	01.5059	00.5003	0001.2956
Recharging:	06360.00	01.5062	00.5004	0001.3019
Recharging:	06390.00	01.5064	00.5004	0001.3082
Recharging:	06420.00	01.5067	00.5004	0001.3145
Recharging:	06450.00	01.5070	00.5004	0001.3208
Recharging:	06480.00	01.5073	00.5004	0001.3271
Recharging:	06510.00	01.5076	00.5004	0001.3333
Recharging:	06540.00	01.5079	00.5004	0001.3396
Recharging:	06570.00	01.5083	00.5004	0001.3459
Recharging:	06600.00	01.5086	00.5004	0001.3522
Recharging:	06630.00	01.5089	00.5004	0001.3585
Recharging:	06660.00	01.5092	00.5004	0001.3648
Recharging:	06690.00	01.5095	00.5004	0001.3711
Recharging:	06720.00	01.5098	00.5004	0001.3774
Recharging:	06750.00	01.5101	00.5004	0001.3837
Recharging:	06780.00	01.5105	00.5004	0001.3900
Recharging:	06810.00	01.5108	00.5004	0001.3963
Recharging:	06840.00	01.5111	00.5004	0001.4026
Recharging:	06870.00	01.5114	00.5004	0001.4089
Recharging:	06900.00	01.5118	00.5004	0001.4152
Recharging:	06930.00	01.5122	00.5004	0001.4215
Recharging:	06960.00	01.5125	00.5004	0001.4278
Recharging:	06990.00	01.5129	00.5004	0001.4341
Recharging:	07020.00	01.5133	00.5004	0001.4404
Recharging:	07050.00	01.5136	00.5004	0001.4467
Recharging:	07080.00	01.5140	00.5003	0001.4530
Recharging:	07110.00	01.5144	00.5004	0001.4594
Recharging:	07140.00	01.5147	00.5004	0001.4657
Recharging:	07170.00	01.5151	00.5004	0001.4720
Recharging:	07200.00	01.5154	00.5004	0001.4783
Recharging:	07230.00	01.5158	00.5004	0001.4846
Recharging:	07260.00	01.5162	00.5004	0001.4910
Recharging:	07290.00	01.5166	00.5004	0001.4973
Recharging:	07320.00	01.5170	00.5004	0001.5036
Recharging:	07350.00	01.5174	00.5004	0001.5099
Recharging:	07380.00	01.5178	00.5004	0001.5163
Recharging:	07410.00	01.5182	00.5004	0001.5226
Recharging:	07440.00	01.5187	00.5004	0001.5289
Recharging:	07470.00	01.5190	00.5004	0001.5353
Recharging:	07500.00	01.5195	00.5004	0001.5416
Recharging:	07530.00	01.5199	00.5004	0001.5479
Recharging:	07560.00	01.5203	00.5004	0001.5543
Recharging:	07590.00	01.5207	00.5004	0001.5606
Recharging:	07620.00	01.5211	00.5003	0001.5670
Recharging:	07650.00	01.5215	00.5004	0001.5733
Recharging:	07680.00	01.5220	00.5004	0001.5796
Recharging:	07710.00	01.5224	00.5004	0001.5860
Recharging:	07740.00	01.5229	00.5004	0001.5923
Recharging:	07770.00	01.5233	00.5003	0001.5987
Recharging:	07800.00	01.5238	00.5004	0001.6050
Recharging:	07830.00	01.5243	00.5003	0001.6114
Recharging:	07860.00	01.5247	00.5003	0001.6178
Recharging:	07890.00	01.5251	00.5004	0001.6241
Recharging:	07920.00	01.5256	00.5004	0001.6305
Recharging:	07950.00	01.5261	00.5004	0001.6368
Recharging:	07980.00	01.5266	00.5004	0001.6432
Recharging:	08010.00	01.5270	00.5003	0001.6496
Recharging:	08040.00	01.5275	00.5003	0001.6559
Recharging:	08070.00	01.5280	00.5004	0001.6623
Recharging:	08100.00	01.5285	00.5003	0001.6687
Recharging:	08130.00	01.5289	00.5004	0001.6751
Recharging:	08160.00	01.5294	00.5003	0001.6814
Recharging:	08190.00	01.5299	00.5004	0001.6878
Recharging:	08220.00	01.5305	00.5003	0001.6942
Recharging:	08250.00	01.5310	00.5004	0001.7006
Recharging:	08280.00	01.5315	00.5004	0001.7070
Recharging:	08310.00	01.5321	00.5003	0001.7134
Recharging:	08340.00	01.5326	00.5004	0001.7197
Recharging:	08370.00	01.5331	00.5004	0001.7261
Recharging:	08400.00	01.5337	00.5004	0001.7325
Recharging:	08430.00	01.5342	00.5004	0001.7389
Recharging:	08460.00	01.5347	00.5004	0001.7453
Recharging:	08490.00	01.5353	00.5004	0001.7517
Recharging:	08520.00	01.5358	00.5004	0001.7581
Recharging:	08550.00	01.5364	00.5004	0001.7645
Recharging:	08580.00	01.5369	00.5004	0001.7710
Recharging:	08610.00	01.5375	00.5004	0001.7774
Recharging:	08640.00	01.5381	00.5003	0001.7838
Recharging:	08670.00	01.5386	00.5004	0001.7902
Recharging:	08700.00	01.5392	00.5004	0001.7966
Recharging:	08730.00	01.5398	00.5004	0001.8030
Recharging:	08760.00	01.5403	00.5004	0001.8095
Recharging:	08790.00	01.5409	00.5003	0001.8159
Recharging:	08820.00	01.5415	00.5003	0001.8223
Recharging:	08850.00	01.5421	00.5004	0001.8287
Recharging:	08880.00	01.5427	00.5004	0001.8352
Recharging:	08910.00	01.5433	00.5003	0001.8416
Recharging:	08940.00	01.5440	00.5004	0001.8480
Recharging:	08970.00	01.5447	00.5004	0001.8545
Recharging:	09000.00	01.5452	00.5003	0001.8609
Recharging:	09030.00	01.5458	00.5004	0001.8674
Recharging:	09060.00	01.5464	00.5004	0001.8738
Recharging:	09090.00	01.5470	00.5004	0001.8803
Recharging:	09120.00	01.5477	00.5004	0001.8867
Recharging:	09150.00	01.5482	00.5003	0001.8932
Recharging:	09180.00	01.5488	00.5003	0001.8996
Recharging:	09210.00	01.5495	00.5004	0001.9061
Recharging:	09240.00	01.5500	00.5004	0001.9126
Recharging:	09270.00	01.5507	00.5004	0001.9190
Recharging:	09300.00	01.5513	00.5004	0001.9255
Recharging:	09330.00	01.5519	00.5004	0001.9320
Recharging:	09360.00	01.5525	00.5004	0001.9384
Recharging:	09390.00	01.5532	00.5003	0001.9449
Recharging:	09420.00	01.5538	00.5003	0001.9514
Recharging:	09450.00	01.5544	00.5003	0001.9579
Recharging:	09480.00	01.5550	00.5003	0001.9644
Recharging:	09510.00	01.5556	00.5003	0001.9708
Recharging:	09540.00	01.5562	00.5004	0001.9773
Recharging:	09570.00	01.5568	00.5004	0001.9838
Recharging:	09600.00	01.5575	00.5004	0001.9903
Recharging:	09630.00	01.5581	00.5004	0001.9968
Recharging:	09660.00	01.5587	00.5004	0002.0033
Recharging:	09690.00	01.5594	00.5004	0002.0098
Recharging:	09720.00	01.5600	00.5004	0002.0163
Recharging:	09750.00	01.5606	00.5003	0002.0228
Recharging:	09780.00	01.5612	00.5003	0002.0293
Recharging:	09810.00	01.5617	00.5004	0002.0358
Recharging:	09840.00	01.5624	00.5003	0002.0424
Recharging:	09870.00	01.5630	00.5004	0002.0489
Recharging:	09900.00	01.5636	00.5004	0002.0554
Recharging:	09930.00	01.5642	00.5003	0002.0619
Recharging:	09960.00	01.5648	00.5004	0002.0684
Recharging:	09990.00	01.5653	00.5003	0002.0750
Recharging:	10020.00	01.5660	00.5004	0002.0815
Recharging:	10050.00	01.5667	00.5004	0002.0880
Recharging:	10080.00	01.5673	00.5003	0002.0946
Recharging:	10110.00	01.5678	00.5003	0002.1011
Recharging:	10140.00	01.5685	00.5004	0002.1076
Recharging:	10170.00	01.5690	00.5004	0002.1142
Recharging:	10200.00	01.5697	00.5004	0002.1207
Recharging:	10230.00	01.5702	00.5004	0002.1273
Recharging:	10260.00	01.5708	00.5004	0002.1338
Recharging:	10290.00	01.5713	00.5004	0002.1404
Recharging:	10320.00	01.5718	00.5004	0002.1469
Recharging:	10350.00	01.5725	00.5004	0002.1535
Recharging:	10380.00	01.5730	00.5004	0002.1601
Recharging:	10410.00	01.5735	00.5004	0002.1666
Recharging:	10440.00	01.5741	00.5003	0002.1732
Recharging:	10470.00	01.5746	00.5004	0002.1797
Recharging:	10500.00	01.5752	00.5003	0002.1863
Recharging:	10530.00	01.5758	00.5004	0002.1929
Recharging:	10560.00	01.5764	00.5004	0002.1995
Recharging:	10590.00	01.5769	00.5004	0002.2060
Recharging:	10620.00	01.5774	00.5004	0002.2126
Recharging:	10650.00	01.5779	00.5004	0002.2192
Recharging:	10680.00	01.5784	00.5004	0002.2258
Recharging:	10710.00	01.5789	00.5004	0002.2324
Recharging:	10740.00	01.5794	00.5004	0002.2389
Recharging:	10770.00	01.5798	00.5004	0002.2455
Recharging:	10800.00	01.5804	00.5004	0002.2521
